245882.69366455 3357599.52325439 15.10640717 222 214 211
245867.25329590 3357602.26892090 15.37354279 39 40 45
245881.34442139 3357599.94537354 15.25953770 176 176 168
245865.50970459 3357603.03942871 15.28674603 101 112 95
245864.43041992 3357601.94824219 16.53710556 154 153 159
245866.04241943 3357601.87890625 16.07645416 126 136 135
245882.87823486 3357600.31536865 15.54793453 26 29 34
245864.50933838 3357603.49194336 15.59017372 25 26 21
245863.71319580 3357603.22204590 15.79253292 160 158 161
245867.00341797 3357602.54766846 15.60003376 81 83 80
245864.94116211 3357602.89227295 15.67886162 16 25 22
245879.74407959 3357599.91992188 15.12821198 198 189 180
245883.16705322 3357600.34570313 15.72405338 51 59 61
245862.73620605 3357603.71734619 15.27221394 190 180 168
245863.15417480 3357601.62243652 15.81666088 122 122 124
245879.94024658 3357599.97576904 15.56782722 248 248 250
245867.01605225 3357601.88549805 15.80268192 58 62 65
245883.26580811 3357600.18707275 15.77041340 59 67 70
245865.06860352 3357602.35180664 16.47215462 113 112 117
245882.41369629 3357601.43298340 15.26188564 1 8 0
245879.94946289 3357601.78375244 15.18656540 84 101 33
245865.07080078 3357601.50787354 15.47932053 150 147 142
245864.82403564 3357603.12408447 15.76225185 104 115 109
245881.12713623 3357600.71496582 15.14938736 34 38 41
245862.79077148 3357601.72302246 15.73609543 152 148 149
245880.96343994 3357599.88653564 16.19227219 183 173 174
245866.79425049 3357602.16333008 15.82425976 102 107 110
245866.03320313 3357602.66253662 15.98565578 124 126 125
245863.95538330 3357601.72778320 16.33833122 34 32 33
245882.68713379 3357600.08489990 15.39691353 15 19 22
245884.21246338 3357599.26770020 15.44024086 190 183 177
245881.39025879 3357599.78332520 16.25650215 210 199 203
245882.52087402 3357599.90435791 15.58966446 106 101 95
245862.86572266 3357602.98309326 15.87786198 144 146 143
245865.04895020 3357602.83489990 15.73483658 6 15 14
245862.14367676 3357603.49316406 15.29253197 206 192 179
245864.17413330 3357603.39514160 15.76688957 34 35 30
245882.64471436 3357600.98034668 15.41016960 18 19 21
245880.27954102 3357600.93029785 15.18846989 69 71 66
245863.84234619 3357603.32116699 15.80821514 95 94 90
245881.03680420 3357600.93109131 15.11473370 53 59 59
245862.19604492 3357602.30432129 15.50289631 162 153 146
245867.09222412 3357602.78540039 15.39219189 51 53 50
245882.73492432 3357599.74542236 15.26397991 220 216 205
245863.61889648 3357602.53186035 16.46878815 173 174 178
245865.59362793 3357602.69616699 15.86205959 24 34 33
245880.74957275 3357599.69409180 15.85174274 253 254 255
245882.72973633 3357600.21356201 15.36074924 18 22 25
245880.42218018 3357600.84326172 15.77397537 55 61 57
245866.64678955 3357601.87811279 15.95672989 123 133 134
245863.54425049 3357602.99456787 16.37916946 181 180 178
245880.78314209 3357599.44653320 15.45542240 72 70 75
245863.72814941 3357603.20495605 15.71608162 153 149 148
245866.97576904 3357601.62536621 15.74571514 81 90 95
245863.53656006 3357602.08227539 16.48985481 203 200 207
245865.91821289 3357603.04058838 15.50751305 48 61 44
245864.80310059 3357602.79498291 15.90874195 74 90 79
245862.06219482 3357603.17864990 15.31514549 189 177 165
245863.07061768 3357603.61157227 15.46775723 56 57 52
245883.57818604 3357599.69000244 15.73308754 250 245 241
245882.75708008 3357601.04321289 15.55469418 81 81 83
245880.40747070 3357600.64105225 15.94697475 72 72 72
245867.37408447 3357603.28039551 15.16810226 53 60 52
245862.25921631 3357602.63464355 15.98533535 238 247 242
245881.23004150 3357599.55737305 15.75094891 238 238 236
245879.79187012 3357600.14672852 15.27163506 183 174 165
245881.72412109 3357600.42071533 15.20634270 16 26 28
245864.02679443 3357601.70794678 16.29557610 32 31 29
245863.04791260 3357603.36035156 15.71413708 41 39 42
245884.42926025 3357599.98730469 15.48100281 215 210 204
245881.28381348 3357600.83294678 15.11215878 41 42 44
245881.80407715 3357599.77966309 15.42584229 106 111 115
245882.87634277 3357599.80438232 15.86627579 27 32 38
245880.16528320 3357599.61950684 15.33805180 231 231 229
245862.91595459 3357603.56915283 15.48785114 106 103 96
245880.12145996 3357600.13134766 15.93218994 246 247 251
245883.89025879 3357599.15557861 15.51127148 255 253 252
245870.58233643 3357601.01556396 15.09810734 194 190 179
245865.76654053 3357601.85363770 16.15457344 20 25 28
245880.53198242 3357599.48706055 15.20846844 84 80 81
245879.92248535 3357600.07867432 15.56818390 249 249 249
245881.70611572 3357599.51031494 15.55759907 224 222 210
245881.02447510 3357599.49017334 15.53940678 235 227 225
245882.71441650 3357599.45141602 15.71639347 236 226 225
245883.08636475 3357599.35943604 15.69383717 252 248 247
245880.04437256 3357600.05737305 15.84151459 234 234 234
245867.19165039 3357601.59014893 15.23579502 70 70 68
245862.57550049 3357602.99621582 15.97000122 87 88 82
245862.64190674 3357603.64813232 15.29135609 164 160 149
245863.86297607 3357601.96960449 16.52343750 194 193 199
245881.40252686 3357599.69213867 15.45354271 216 215 210
245881.69964600 3357599.58868408 16.06222725 22 16 16
245865.09680176 3357602.58532715 16.28548622 72 76 77
245862.44464111 3357603.56799316 15.25601959 220 200 189
245864.55944824 3357602.35247803 16.53927994 14 14 14
245882.05187988 3357600.22479248 15.14797211 13 19 19
245864.93786621 3357602.63800049 16.41484261 98 102 101
245867.33105469 3357603.44873047 15.20486927 65 74 45
245880.52496338 3357600.49560547 15.19468498 117 121 120
245862.41162109 3357603.10815430 15.41864204 106 95 89
245883.52087402 3357599.31091309 15.59412384 254 255 255
245864.32812500 3357603.51287842 15.53363323 28 29 24
245864.19763184 3357603.65258789 15.43397331 25 27 26
245881.22796631 3357600.14221191 15.76892948 93 103 105
245884.42510986 3357600.27319336 15.45240498 207 198 193
245884.45623779 3357600.58319092 15.16339779 102 93 88
245866.68304443 3357602.10540771 15.86117268 118 126 128
245866.85150146 3357602.87316895 15.57120895 68 70 65
245867.11517334 3357601.98919678 15.64600563 42 43 48
245865.56561279 3357602.37707520 16.10636520 23 33 34
245865.35705566 3357601.79260254 16.26474953 21 29 31
245881.20959473 3357599.57873535 15.82951546 237 239 236
245882.90600586 3357599.96789551 15.78258705 20 28 31
245862.67639160 3357602.99664307 16.17953491 146 144 147
245862.77526855 3357603.00720215 15.92671680 141 142 137
245863.87658691 3357602.22882080 16.45879555 176 181 187
245884.52770996 3357600.62658691 15.12588310 45 41 38
245865.32830811 3357603.49377441 15.34040070 71 71 63
245880.30053711 3357600.16821289 16.08961105 93 75 73
245862.75659180 3357602.11468506 16.28274727 59 58 56
245864.33856201 3357603.22607422 15.80373192 107 105 106
245883.76403809 3357599.26373291 15.58898926 255 255 253
245884.54779053 3357600.32763672 15.23288727 116 112 109
245883.75421143 3357600.36907959 15.58416843 239 223 223
245862.56616211 3357602.67108154 16.23753738 179 174 181
245882.05078125 3357601.21337891 15.24584675 74 75 77
245881.48736572 3357599.74291992 15.50086880 182 175 149
245880.03051758 3357601.03326416 15.30841827 116 107 98
245883.16711426 3357600.90582275 15.68474102 88 88 86
245863.23779297 3357602.86651611 15.77947712 133 135 132
245880.23297119 3357601.27136230 15.17068577 158 144 131
245865.10614014 3357601.47851563 15.61655235 147 146 141
245862.20306396 3357602.08483887 15.90337086 215 214 212
245862.80126953 3357601.72991943 15.91563129 156 154 157
245864.72076416 3357602.88238525 15.74272060 35 48 39
245881.80957031 3357601.29010010 15.21115494 205 205 205
245864.91357422 3357603.17504883 15.76341820 118 124 122
245863.60638428 3357602.97448730 15.93341064 129 130 125
245864.55181885 3357603.53710938 15.50375748 23 24 19
245881.14764404 3357601.69061279 15.26413918 79 94 37
245863.27111816 3357603.14324951 15.56210804 99 104 97
245862.66607666 3357603.81512451 15.15528011 188 176 162
245883.33892822 3357600.78094482 15.72807121 39 34 31
245881.75708008 3357599.77935791 15.29750443 181 179 182
245865.35064697 3357601.64257813 16.31723404 64 65 70
245867.06524658 3357601.59210205 15.41078186 62 67 70
245862.81860352 3357602.97344971 15.40576458 185 187 186
245883.12982178 3357599.59356689 15.92666245 32 33 28
245881.20434570 3357600.13775635 15.78437328 89 96 102
245880.21728516 3357599.59271240 15.33721161 232 234 231
245865.21850586 3357603.70025635 15.30000114 16 23 15
245880.30676270 3357601.40509033 15.09064388 149 137 125
245882.87469482 3357599.39208984 15.18596268 227 216 210
245862.86212158 3357603.23583984 15.59527969 53 45 43
245863.32934570 3357602.33068848 15.44291687 169 173 174
245881.74462891 3357600.99664307 15.10974121 23 25 24
245882.22564697 3357599.86328125 15.70361519 63 71 60
245864.40692139 3357603.69964600 15.35800362 33 38 34
245862.18957520 3357603.97393799 15.35658073 92 80 68
245881.54357910 3357599.65521240 15.51436043 190 184 160
245867.11737061 3357602.03808594 15.67605972 35 39 42
245880.30725098 3357600.69055176 15.21833897 88 90 87
245882.19293213 3357599.48718262 15.99143124 24 12 12
245863.17376709 3357602.69152832 15.63046265 156 158 157
245865.80035400 3357602.31866455 16.11433029 10 14 13
245884.57110596 3357600.65301514 15.10867119 47 46 44
245880.09454346 3357600.63598633 15.88724709 239 239 241
245880.09045410 3357600.07952881 15.89627552 247 247 249
245883.12786865 3357599.36114502 15.79313564 248 248 246
245881.06567383 3357599.66436768 16.04454994 56 31 27
245880.55749512 3357600.46734619 15.92213726 51 50 45
245867.29113770 3357601.93450928 15.30956173 56 59 64
245864.31872559 3357602.89971924 15.89901543 27 32 25
245880.43902588 3357600.69989014 15.66857147 70 76 72
245882.99847412 3357599.54516602 15.95420265 42 36 38
245882.68334961 3357600.60192871 15.32249641 13 14 16
245863.24487305 3357602.50109863 15.48656273 162 166 165
245880.41595459 3357599.50671387 15.28023338 99 97 100
245863.61083984 3357602.90319824 15.72891045 139 142 135
245880.75915527 3357601.71807861 15.23836613 87 106 40
245865.25946045 3357601.67761230 16.36751175 115 118 127
245880.46710205 3357601.47161865 15.11352921 160 151 142
245881.80957031 3357601.53057861 15.26167679 19 31 11
245881.21356201 3357600.10961914 15.82453060 95 100 106
245862.23535156 3357602.12707520 16.06857872 220 208 210
245863.74206543 3357601.82653809 16.47069168 107 120 129
245863.97863770 3357601.59405518 15.59484386 168 163 160
245862.84234619 3357602.05242920 16.28326416 121 121 123
245880.12127686 3357599.70477295 15.66458130 217 198 202
245863.14031982 3357603.69207764 15.35462284 118 118 110
245884.36511230 3357600.18505859 15.47382927 227 218 213
245881.74102783 3357599.85516357 15.73718643 76 92 91
245866.43988037 3357602.03674316 15.94919586 131 141 142
245865.41687012 3357601.55993652 16.25274849 127 132 138
245864.83013916 3357601.72869873 16.46461678 129 143 154
245864.03411865 3357601.57769775 15.66062641 169 164 161
245865.62951660 3357602.96069336 15.43281841 29 41 37
245882.47930908 3357599.72369385 15.07832050 241 240 236
245862.92584229 3357602.92639160 15.38876915 173 174 168
245882.47735596 3357601.08892822 15.29973507 33 37 40
245880.30236816 3357600.72570801 15.20035362 85 85 83
245864.26196289 3357603.39428711 15.75015068 38 37 33
245864.74145508 3357602.27398682 16.54429054 6 15 14
245881.27447510 3357599.57092285 15.66813660 236 237 232
245881.52514648 3357601.30401611 15.15380764 152 150 151
245864.95104980 3357601.97418213 16.50795937 131 136 140
245883.68707275 3357601.32165527 15.26360226 19 30 13
245882.38452148 3357599.76568604 16.03179741 28 25 18
245863.52819824 3357603.54168701 15.62393570 35 36 31
245862.41210938 3357603.30810547 15.34825325 189 172 162
245864.59393311 3357602.66247559 16.50509644 27 29 28
245866.42181396 3357601.39343262 15.90702057 173 188 193
245880.84191895 3357599.65319824 15.80217266 252 254 251
245863.68292236 3357602.65301514 16.42119980 172 171 176
245863.69677734 3357601.75354004 16.33389091 36 35 41
245862.17578125 3357602.34716797 16.07278061 214 214 224
245862.56518555 3357604.09729004 15.22620678 117 110 94
245864.62567139 3357602.81597900 16.35262680 107 112 105
245882.25982666 3357600.01110840 15.15506744 46 42 41
245867.19451904 3357602.13049316 15.40041447 24 27 32
245866.89166260 3357602.46972656 15.72025204 89 91 88
245882.36529541 3357599.58734131 15.34060192 208 213 207
245863.32482910 3357602.84063721 15.75464249 137 139 136
245864.32696533 3357602.62902832 16.46330833 144 145 147
245862.64050293 3357602.93994141 15.88204288 230 233 224
245862.16052246 3357602.12023926 15.50034237 170 163 153
245880.41320801 3357600.86511230 15.81672096 56 62 60
245881.64880371 3357599.82684326 16.18784142 71 76 80
245863.49072266 3357603.69866943 15.41425133 32 34 31
245880.07513428 3357600.64385986 15.47927380 253 244 247
245880.55682373 3357601.46697998 15.13525391 155 149 135
245866.72290039 3357603.09375000 15.48458576 64 65 60
245882.06671143 3357600.29364014 15.14445782 17 21 20
245881.00946045 3357601.66662598 15.25902367 69 90 34
245882.65209961 3357600.75640869 15.33277225 9 10 12
245879.82067871 3357601.01898193 15.19557190 164 157 141
245865.21429443 3357602.62371826 15.90762234 44 50 48
245880.79925537 3357600.36663818 15.33742619 88 86 91
245881.95397949 3357600.81390381 15.13897228 18 22 21
245863.13079834 3357602.86199951 15.77366829 135 137 134
245863.54742432 3357603.18591309 15.54136944 85 85 75
245866.10650635 3357601.33673096 15.77247810 112 122 123
245866.04150391 3357602.46850586 16.00435448 130 136 136
245882.37921143 3357599.49456787 15.42125320 194 193 188
245882.74798584 3357599.68054199 15.25307369 224 222 210
245866.20770264 3357602.77978516 15.84776115 137 139 134
245862.57250977 3357601.95184326 16.20387077 229 233 242
245883.79803467 3357601.10144043 15.49105167 42 33 18
245883.55371094 3357600.27880859 15.71369648 216 204 204
245880.46783447 3357599.96679688 16.08810616 219 202 195
245864.38079834 3357602.66851807 16.47216988 147 147 147
245864.29382324 3357601.53155518 15.80813313 148 149 144
245863.26507568 3357602.60516357 15.55620003 161 163 162
245870.79345703 3357600.96752930 15.09615421 198 194 183
245882.66992188 3357599.93701172 15.72954845 11 16 19
245881.46136475 3357599.78491211 15.50456619 169 168 164
245880.86157227 3357601.65850830 15.23210239 87 109 45
245862.54577637 3357603.37756348 15.37747669 128 115 109
245862.62127686 3357603.76239014 15.18121052 184 174 162
245865.02581787 3357602.17236328 16.49180412 128 127 133
245863.26446533 3357602.12255859 16.42313194 71 73 68
245865.76623535 3357602.56732178 16.04112816 31 35 36
245881.99615479 3357599.55126953 16.11022186 24 22 25
245866.70648193 3357601.35473633 15.45192909 98 99 101
245865.88885498 3357603.50732422 15.18116379 82 78 67
245882.29980469 3357601.47631836 15.27070999 2 10 0
245863.36364746 3357602.91986084 15.43802261 157 167 156
245863.26086426 3357603.08831787 16.23028183 33 33 35
245884.10168457 3357599.17108154 15.34518337 188 177 175
245880.28088379 3357600.21325684 16.08886337 103 88 91
245881.25366211 3357599.54565430 15.34664154 226 211 208
245863.66864014 3357603.56018066 15.61639786 33 35 32
245862.77740479 3357603.16687012 15.43404865 125 124 120
245863.98577881 3357601.75402832 16.40998650 26 31 34
245880.05712891 3357599.87060547 15.79904270 241 241 239
245863.81799316 3357601.58630371 15.78307056 167 163 162
245881.32623291 3357600.37689209 15.34630108 49 53 54
245866.91656494 3357602.90130615 15.50671387 56 58 53
245862.43133545 3357603.65789795 15.17623138 210 194 181
245882.51855469 3357601.14001465 15.36594963 139 140 144
245865.89709473 3357601.34765625 15.62543011 96 98 97
245866.30895996 3357602.54937744 15.83655167 139 141 140
245862.48950195 3357602.96453857 16.01704788 107 107 105
245863.79809570 3357602.95812988 15.54867554 129 132 121
245866.15576172 3357603.11218262 15.55984497 95 101 91
245864.32403564 3357601.53741455 15.60621834 152 149 144
245882.00695801 3357601.24804688 15.24767208 180 182 181
245867.42218018 3357603.45489502 15.20278072 84 94 59
245882.20819092 3357599.71563721 16.18696785 95 86 81
245881.72497559 3357601.47625732 15.23163891 20 26 14
245865.91040039 3357602.22540283 16.11694336 59 63 64
245865.86401367 3357603.11401367 15.31751919 66 73 65
245863.68133545 3357602.93432617 16.34009552 160 157 152
245884.50054932 3357600.75286865 15.11307812 42 41 39
245879.94128418 3357599.79772949 15.39307690 215 214 212
245862.90423584 3357602.17657471 16.31922531 28 28 26
245863.25170898 3357602.85900879 15.77341080 133 135 132
245882.22491455 3357599.90655518 15.18645096 106 106 106
245881.94488525 3357599.77099609 16.17356110 158 154 145
245865.86096191 3357603.53515625 15.18938637 76 77 63
245879.92755127 3357600.41021729 15.61178684 253 254 249
245882.74938965 3357599.51013184 15.14212608 216 211 207
245882.03131104 3357599.89111328 15.87971115 37 52 33
245880.11047363 3357599.82098389 15.84277153 233 229 228
245865.91094971 3357603.49011230 15.17595482 81 77 66
245872.34997559 3357600.74230957 15.07050323 204 202 189
245881.00958252 3357600.64764404 15.19629002 36 42 42
245883.82061768 3357600.04486084 15.58185673 247 233 232
245883.65344238 3357601.10583496 15.53316402 42 30 18
245862.56024170 3357602.98638916 15.95611763 72 75 68
245863.15069580 3357602.26428223 16.38906097 49 51 46
245883.25830078 3357600.41284180 15.74101162 65 67 66
245863.49621582 3357603.33728027 15.84163475 116 112 109
245864.64587402 3357601.69390869 16.42802048 9 18 25
245864.52807617 3357602.46673584 16.53036118 8 8 8
245864.91180420 3357601.80029297 16.49975586 123 130 148
245865.37829590 3357601.41082764 15.75618267 145 144 139
245883.88714600 3357599.12597656 15.32836723 100 90 89
245866.06445313 3357602.98461914 15.72231197 71 82 68
245866.94628906 3357602.07788086 15.81875992 82 88 86
245867.49511719 3357602.33496094 15.17756367 64 68 69
245882.31958008 3357599.83868408 15.56922436 67 73 63
245863.24169922 3357602.77917480 15.41928291 246 253 246
245864.99963379 3357603.06347656 15.65044785 44 53 48
245867.25848389 3357602.98736572 15.19573116 45 47 46
245881.94696045 3357599.80725098 15.44232941 97 106 105
245882.24829102 3357600.61932373 15.12958717 17 21 20
245862.12261963 3357602.04833984 15.36298752 187 176 170
245862.46130371 3357601.90100098 16.15349579 164 181 197
245881.81787109 3357599.53222656 15.92511272 57 27 27
245881.41925049 3357599.82379150 16.22626114 75 66 71
245864.02642822 3357601.55267334 16.00236893 153 154 156
245881.86273193 3357599.37725830 15.36843204 244 237 231
245863.51989746 3357602.08575439 16.49024010 208 205 212
245884.00555420 3357601.40850830 15.18978786 41 58 22
245880.34918213 3357601.41076660 15.08545399 147 137 127
245862.26580811 3357602.51300049 16.15782738 180 178 192
245864.45373535 3357602.85925293 16.06230545 54 59 52
245862.63317871 3357602.84851074 15.46939945 142 151 160
245866.25396729 3357603.11273193 15.56751537 99 101 96
245863.45770264 3357603.22058105 15.65495396 92 93 88
245880.32849121 3357599.49914551 15.07505226 193 184 179
245867.32946777 3357602.86126709 15.19689274 48 52 53
245862.72229004 3357603.05157471 16.13572502 110 108 109
245883.68267822 3357601.46325684 15.15691662 29 39 28
245884.26239014 3357599.53436279 15.56965923 234 225 226
245884.16137695 3357601.22167969 15.22764492 38 54 27
245881.45965576 3357599.87475586 15.64787579 118 124 124
245862.10296631 3357603.56500244 15.29740143 152 139 123
245865.29339600 3357602.16058350 16.33337402 37 45 47
245862.59460449 3357602.61981201 16.25916290 192 180 184
245864.96405029 3357603.47930908 15.50906277 29 30 24
245882.86022949 3357600.08093262 15.68986702 15 23 26
245862.29486084 3357601.93402100 15.83815861 232 233 238
245863.11035156 3357602.56677246 16.38849449 28 28 30
245863.88568115 3357601.75048828 16.36478996 30 31 33
245864.97229004 3357601.50720215 16.10808563 175 176 180
245862.63708496 3357601.77844238 15.85247517 154 153 158
245863.72143555 3357603.51354980 15.66499615 38 38 36
245864.96844482 3357601.50250244 15.60848904 152 148 145
245865.61328125 3357601.59375000 16.16837883 37 37 39
245882.71667480 3357600.08306885 15.51741028 16 20 23
245865.94567871 3357603.06842041 15.48457146 44 55 41
245884.01873779 3357599.45440674 15.63029575 241 231 232
245884.43908691 3357600.55657959 15.28532791 136 122 113
245880.93084717 3357599.59381104 15.76766205 252 251 249
245862.47308350 3357603.83496094 15.14279556 162 144 134
245863.27612305 3357602.84197998 16.42594910 32 32 32
245862.53533936 3357602.92236328 15.47786045 125 129 138
245882.51220703 3357599.88061523 15.78145599 39 43 44
245866.61639404 3357603.05242920 15.57127762 67 67 65
245866.73016357 3357601.63757324 15.94683075 100 111 117
245864.93188477 3357601.67523193 16.41597748 11 25 38
245863.37194824 3357602.83074951 16.46884918 33 34 36
245882.40979004 3357599.48626709 15.60309601 194 193 188
245881.64617920 3357600.08361816 15.23504925 128 115 109
245863.30352783 3357602.40985107 15.43880272 159 163 164
245863.16625977 3357602.18048096 16.38775253 25 27 24
245863.66040039 3357602.05847168 16.48666000 203 200 207
245865.69152832 3357602.60559082 15.95579338 34 39 42
245881.93859863 3357601.47021484 15.27736187 14 22 9
245866.00463867 3357601.99987793 16.08715439 126 136 135
245880.30700684 3357600.92175293 15.88427067 167 167 167
245882.96099854 3357600.93048096 15.67136002 41 42 44
245881.97106934 3357601.13244629 15.21447468 16 18 17
245866.92694092 3357602.14593506 15.81039238 86 92 90
245881.89227295 3357599.86254883 16.02805328 27 33 33
245870.94897461 3357600.95648193 15.09374714 194 190 179
245863.20416260 3357603.09979248 15.54379082 126 129 118
245882.49304199 3357599.84191895 15.87271690 17 17 15
245863.23266602 3357603.08587646 16.29532814 27 27 29
245879.83044434 3357600.57153320 15.34264660 161 151 141
245863.84606934 3357602.57312012 16.40150642 172 172 174
245863.06640625 3357602.07702637 16.33274651 93 94 98
245864.53027344 3357601.80993652 16.53887367 206 215 230
245881.61206055 3357601.42657471 15.19638443 18 19 14
245865.01586914 3357602.42944336 16.48771667 113 117 120
245865.50323486 3357602.69519043 15.84584618 25 34 33
245881.19525146 3357600.14752197 15.40529633 115 110 106
245863.08935547 3357603.78302002 15.24494934 181 169 155
245862.55859375 3357602.96978760 16.13527870 135 135 137
245882.62231445 3357600.46343994 15.20161152 13 14 18
245863.36889648 3357602.70330811 15.61926460 154 156 153
245880.20642090 3357600.81903076 15.94504833 237 237 235
245881.40795898 3357600.91870117 15.11579132 29 31 30
245864.30139160 3357601.77978516 16.53126144 113 127 136
245865.97161865 3357603.04650879 15.55117226 47 60 42
245882.08752441 3357599.30590820 15.27278900 212 201 195
245878.60809326 3357599.81225586 14.99641418 200 193 183
245863.45819092 3357603.71325684 15.36782742 30 32 29
245866.19140625 3357603.40490723 15.24237823 54 57 50
245884.23583984 3357601.04339600 15.25214005 35 37 26
245864.89727783 3357601.52014160 15.55437946 150 147 142
245867.44805908 3357602.05957031 15.20701313 71 75 76
245862.42926025 3357601.84942627 15.75865746 127 125 130
245880.40673828 3357601.45288086 15.10000992 159 149 140
245867.16589355 3357602.25109863 15.54768372 51 55 58
245864.82641602 3357603.06353760 15.69871616 24 35 31
245883.92041016 3357600.93841553 15.56312656 156 124 113
245864.06280518 3357602.02099609 16.53223228 176 179 188
245881.96252441 3357599.49102783 15.83833885 208 190 180
245881.38525391 3357600.68402100 15.15866566 27 31 30
245863.72302246 3357603.00158691 16.00064278 136 139 132
245883.03973389 3357600.22705078 15.68925190 20 31 33
245863.32836914 3357602.93933105 16.42789459 33 33 35
245884.34045410 3357600.15722656 15.47903156 231 222 215
245882.02539063 3357600.81176758 15.15280056 17 21 20
245882.16180420 3357600.55505371 15.13207722 13 17 16
245865.52471924 3357601.68475342 16.22208214 23 29 27
245865.19940186 3357602.54022217 16.15779686 38 50 46
245875.91528320 3357600.21929932 15.01832294 203 199 188
245864.37121582 3357601.96234131 16.53430367 169 169 177
245862.26678467 3357602.70452881 16.10079002 155 152 159
245862.50781250 3357602.90637207 15.48651886 121 128 138
245882.87469482 3357599.43615723 15.30840302 234 223 219
245865.73437500 3357603.27606201 15.14581108 147 144 137
245880.25384521 3357601.01452637 15.22423935 140 135 131
245865.54107666 3357602.54992676 15.99374485 26 34 37
245864.98596191 3357603.16973877 15.70826340 128 132 131
245864.77911377 3357602.17541504 16.54509926 4 12 14
245882.01806641 3357599.43719482 15.59713078 225 226 221
245882.78277588 3357599.50646973 15.18670750 225 214 210
245862.62670898 3357602.74310303 16.23663330 176 171 178
245880.15655518 3357599.68524170 15.58179760 202 187 190
245882.09454346 3357599.81433105 15.47815228 154 161 143
245884.42181396 3357600.56225586 15.34088898 145 128 120
245866.16198730 3357602.92645264 15.77988148 135 137 132
245879.76989746 3357599.87908936 15.14083862 201 192 183
245867.32312012 3357601.58477783 15.18873882 107 103 94
245867.27331543 3357602.43627930 15.32141113 41 45 48
245862.98968506 3357603.07324219 15.99125671 87 87 85
245862.23480225 3357603.22106934 15.34839916 182 168 157
245882.08905029 3357600.73266602 15.13341141 24 26 25
245864.73669434 3357601.65246582 16.35948372 23 26 31
245881.81304932 3357599.74871826 16.25916290 83 87 86
245881.28710938 3357599.43243408 15.12668610 195 182 176
245863.26721191 3357602.51531982 15.42941189 146 150 149
245882.50268555 3357599.43737793 15.98336887 35 18 11
245880.50018311 3357600.00317383 16.08336258 164 137 126
245862.17767334 3357602.27044678 16.07038879 191 186 192
245863.35186768 3357602.81347656 15.43822861 233 238 232
245864.03216553 3357602.17669678 16.48958015 174 177 184
245862.37231445 3357602.81457520 15.51069736 115 114 119
245867.36431885 3357602.47155762 15.23933125 50 51 55
245863.39910889 3357603.70983887 15.35937214 45 46 40
245881.89270020 3357599.36260986 15.34200859 238 229 222
245863.21380615 3357602.69519043 15.41763020 188 190 187
245881.78405762 3357599.79699707 15.50666332 91 99 102
245863.28674316 3357603.33758545 15.82329655 98 99 93
245881.15795898 3357599.61437988 15.95785046 180 144 146
245883.61956787 3357600.36883545 15.67044926 238 224 223
245879.90545654 3357601.22229004 15.15721703 167 158 141
245864.92340088 3357603.06707764 15.68509293 32 44 40
245882.22814941 3357600.33508301 15.11734867 14 18 17
245862.93902588 3357602.85565186 16.29551697 33 34 38
245882.39208984 3357600.49163818 15.09997559 9 13 14
245880.03601074 3357601.83679199 15.18627834 104 124 55
245863.68872070 3357601.84600830 16.46239853 103 115 127
245865.83447266 3357601.67944336 16.11049080 95 99 100
245884.04034424 3357599.14324951 15.34000683 187 176 172
245882.46008301 3357600.90069580 15.21596432 18 20 19
245862.32141113 3357601.89752197 15.68325901 160 160 160
245863.38897705 3357602.97833252 16.44008064 27 28 30
245864.55242920 3357603.35150146 15.80175209 36 37 31
245863.21246338 3357603.75335693 15.26295948 157 151 139
245862.02215576 3357602.80938721 15.31056023 196 183 175
245865.51147461 3357603.18902588 15.14402103 121 127 113
245882.19744873 3357601.31420898 15.26745033 32 32 30
245864.98065186 3357603.79333496 15.28735447 31 38 20
245881.20074463 3357599.44451904 15.19494152 218 200 196
245867.36041260 3357601.91125488 15.26074886 67 72 76
245862.38092041 3357602.71343994 16.16643333 155 154 160
245865.62518311 3357601.38012695 15.73512363 151 154 147
245880.85211182 3357601.28765869 15.18026543 162 157 153
245862.00366211 3357603.79687500 15.42270660 142 124 114
245863.57525635 3357603.59301758 15.57015896 38 39 34
245881.69866943 3357599.85534668 15.75576401 107 124 116
245881.25848389 3357600.94189453 15.13069916 28 30 29
245881.99822998 3357601.22705078 15.24151421 180 182 181
245884.02215576 3357600.29528809 15.49444103 236 221 218
245868.19128418 3357601.38671875 15.12051964 187 185 172
245865.28967285 3357602.62701416 15.90600300 20 26 26
245864.49517822 3357602.84613037 15.99017715 34 39 33
245884.42926025 3357601.01617432 15.14043045 39 41 36
245882.08544922 3357599.44067383 15.68448162 222 223 218
245881.12701416 3357599.50585938 15.47575855 217 206 202
245863.08990479 3357603.77087402 15.26068115 181 169 155
245862.62127686 3357602.88165283 15.46634197 125 133 144
245862.94586182 3357601.68383789 15.91197777 156 157 161
245865.81365967 3357602.98852539 15.50162697 46 55 52
245866.71765137 3357602.61657715 15.73443508 102 106 105
245865.42755127 3357601.91497803 16.22167587 19 30 32
245865.05334473 3357601.76135254 16.45906067 77 81 92
245883.00567627 3357599.27722168 15.20969105 240 226 217
245863.47802734 3357601.59106445 15.75769043 126 126 124
245863.93572998 3357602.26586914 16.46643257 177 178 183
245881.61273193 3357599.86010742 15.97157764 55 62 70
245864.77404785 3357601.84808350 16.52993965 146 149 158
245881.96582031 3357599.50268555 15.89208031 105 71 69
245862.88952637 3357603.27160645 15.62377357 54 48 48
245881.42095947 3357601.62951660 15.24292946 101 109 70
245866.51989746 3357603.17431641 15.44172478 73 73 73
245881.11224365 3357599.54626465 15.69527340 242 238 237
245863.86126709 3357603.00299072 16.13241768 159 159 157
245884.33435059 3357599.91210938 15.49796295 236 227 222
245882.05053711 3357599.49371338 15.90900993 66 30 30
245880.72314453 3357600.34790039 15.84375095 37 37 35
245866.28350830 3357601.96313477 16.01208115 133 141 143
245864.58367920 3357601.69781494 16.41491699 13 18 22
245880.05841064 3357601.79608154 15.18376827 88 108 36
245863.81799316 3357603.02416992 16.10805130 162 162 160
245882.08166504 3357600.95947266 15.19053555 28 30 29
245866.08551025 3357601.63342285 16.09135056 112 118 116
245864.98364258 3357603.31091309 15.66906548 50 52 41
245880.14062500 3357599.96105957 15.87738132 248 246 249
245862.19799805 3357602.13940430 15.98833466 210 201 202
245863.67315674 3357603.15777588 15.55146694 100 102 89
245882.84173584 3357599.45349121 15.49642277 246 242 243
245881.04211426 3357599.98455811 16.05796623 125 120 127
245867.05938721 3357601.85925293 15.73816109 30 31 35
245862.55853271 3357602.88787842 15.86438656 232 236 222
245883.99127197 3357599.13848877 15.37440777 209 201 198
245864.96228027 3357601.47045898 15.79027653 153 149 150
245863.10235596 3357603.26519775 15.69579697 71 72 66
245881.99835205 3357599.37890625 15.40064526 229 218 214
245882.64996338 3357599.89654541 15.09594727 97 96 92
245882.78033447 3357600.91717529 15.52907562 16 17 19
245863.16809082 3357603.94030762 15.21911907 188 172 147
245867.02386475 3357602.40411377 15.68352127 82 84 83
245865.54803467 3357602.80822754 15.67760658 29 38 35
245881.13909912 3357600.88262939 15.11411476 29 35 35
245865.09033203 3357602.67016602 15.91122341 33 43 42
245880.92749023 3357599.66961670 15.93828964 252 238 237
245862.49975586 3357603.45239258 15.33848095 138 114 110
245864.96398926 3357603.55627441 15.41603661 23 25 20
245880.77752686 3357600.59619141 15.21062946 43 29 26
245879.99383545 3357600.41711426 15.73682022 248 250 249
245862.18878174 3357603.79077148 15.27026176 200 178 164
245881.38458252 3357599.57623291 15.74676323 222 224 211
245884.37896729 3357599.86743164 15.48983955 222 217 211
245865.34906006 3357603.31201172 15.30340385 114 113 109
245864.75329590 3357603.04443359 15.69081020 27 36 33
245865.27825928 3357601.69689941 16.35411072 35 38 45
245863.08984375 3357602.92407227 16.32155418 34 35 37
245864.63085938 3357602.95355225 15.66531372 41 52 38
245864.60888672 3357601.68365479 16.38967133 16 20 23
245863.14440918 3357603.02716064 15.95631027 100 102 99
245867.53057861 3357603.30078125 15.18792820 32 39 21
245880.18041992 3357600.64654541 15.36976051 251 250 248
245867.39923096 3357602.95465088 15.16047001 53 59 59
245881.66503906 3357599.74963379 16.27834511 139 140 144
245879.95074463 3357601.29156494 15.14800072 171 154 144
245863.96856689 3357601.96136475 16.53996086 178 181 186
245865.65911865 3357601.39459229 15.85125160 146 148 147
245883.73712158 3357600.05676270 15.61104679 244 230 230
245862.12023926 3357603.89739990 15.42612839 101 87 78
245863.35156250 3357602.05303955 16.45340157 180 178 181
245863.40313721 3357601.65356445 16.11544418 180 189 194
245880.47741699 3357601.72412109 15.19747543 96 107 47
245862.90820313 3357602.84088135 15.40833473 174 175 169
245864.16748047 3357601.56140137 15.56226444 154 151 146
245880.78704834 3357601.31890869 15.16738415 158 151 145
245882.56805420 3357599.64782715 15.07674122 226 218 216
245865.45153809 3357602.85858154 15.55683899 104 116 102
245881.75964355 3357599.61041260 16.18482971 19 17 18
245881.05291748 3357600.79919434 15.11811638 51 55 58
245864.72113037 3357601.52404785 15.57809544 150 147 142
245882.13598633 3357599.62670898 16.26107025 207 198 199
245880.79986572 3357600.18988037 15.93406391 77 67 68
245882.45794678 3357599.54370117 15.46218586 179 178 173
245863.53295898 3357602.13946533 16.48012543 199 198 206
245880.38964844 3357599.56488037 15.46176815 248 248 250
245863.43237305 3357603.75463867 15.31444740 59 58 53
245863.78399658 3357603.00201416 16.00129700 136 139 132
245881.64953613 3357599.65808105 16.27020645 91 89 90
245865.67974854 3357603.14636230 15.16774559 37 46 29
245866.97387695 3357601.53411865 15.56878281 14 18 29
245881.78057861 3357599.42156982 15.42175007 235 226 219
245864.62512207 3357601.77899170 16.51659775 166 178 190
245882.70526123 3357600.04437256 15.24468994 39 39 39
245875.19177246 3357600.31646729 15.02795219 190 190 178
245880.17468262 3357601.89044189 15.19381046 75 96 31
245862.78918457 3357601.71398926 15.58771610 141 132 133
245881.07989502 3357600.19299316 15.78445435 94 97 106
245864.77697754 3357602.68707275 16.46722984 30 36 36
245864.83679199 3357602.82281494 15.80549622 35 48 41
245880.69842529 3357600.47406006 15.70460129 54 55 49
245867.48419189 3357603.38336182 15.19783020 36 42 16
245863.53881836 3357601.75885010 16.31222153 45 43 48
245865.68609619 3357603.22308350 15.14912224 157 158 152
245862.50170898 3357601.81512451 15.77478123 120 119 124
245880.13085938 3357599.81481934 15.85154915 224 219 216
245869.78948975 3357601.15460205 15.10552502 190 188 176
245862.79626465 3357603.01605225 15.93183613 135 135 133
245862.54449463 3357602.73846436 15.57564926 156 161 164
245865.88684082 3357603.15997314 15.25028515 65 70 64
245864.38659668 3357602.83050537 16.35118294 138 138 136
245880.52764893 3357599.76690674 15.86713123 251 249 252
245867.58886719 3357603.55993652 15.25267601 100 111 51
245883.85321045 3357599.13745117 15.38057804 87 75 79
245865.60577393 3357603.77343750 15.26019955 61 69 28
245880.42700195 3357601.10302734 15.14120770 101 103 100
245865.80590820 3357602.90307617 15.69149971 38 47 42
245862.96807861 3357603.18426514 15.58646965 118 114 105
245862.56048584 3357602.90954590 15.88381100 230 236 222
245884.09942627 3357599.75408936 15.55540943 249 237 239
245883.36566162 3357599.53564453 15.81933403 252 247 243
245880.29528809 3357599.98706055 16.00979996 255 255 255
245882.01861572 3357599.35601807 15.34717083 239 228 224
245866.71209717 3357601.34155273 15.67956066 138 149 155
245879.93060303 3357601.13873291 15.20380497 156 147 132
245881.90301514 3357599.83868408 15.62635326 53 67 94
245867.41906738 3357602.72045898 15.18293953 58 64 64
245880.82904053 3357600.54913330 15.24178219 34 23 19
245882.71618652 3357599.76654053 15.89109325 20 20 20
245866.44451904 3357603.20318604 15.42508411 76 76 74
245865.24963379 3357602.55212402 16.02151108 16 25 24
245880.40747070 3357599.52233887 15.36428833 146 144 149
245862.41979980 3357601.92895508 16.14895630 178 191 208
245880.05810547 3357599.73779297 15.55011272 211 200 204
245880.08819580 3357600.14660645 15.89185905 246 247 251
245863.23748779 3357602.03466797 16.40771294 107 107 109
245881.09796143 3357600.96606445 15.12560081 48 54 54
245881.48242188 3357599.86566162 16.13652420 72 73 77
245865.01965332 3357602.57830811 16.40843201 109 110 112
245865.37756348 3357602.30798340 16.26615334 7 17 18
245863.49395752 3357602.03704834 15.41309547 163 167 166
245882.95043945 3357599.71484375 15.90344715 20 24 27
245863.45428467 3357603.46795654 15.72406101 35 36 30
245879.95123291 3357600.15136719 15.65723991 251 251 249
245866.92468262 3357602.20635986 15.79891682 85 89 88
245881.76635742 3357601.28070068 15.19958878 215 216 218
245863.02648926 3357602.71343994 16.33610725 20 19 24
245884.40350342 3357600.66369629 15.20021152 112 101 97
245881.34924316 3357599.65283203 15.29552078 203 202 197
245867.17193604 3357601.56805420 15.23609924 59 61 58
245881.73071289 3357600.09185791 15.20615196 96 85 83
245865.53515625 3357601.60351563 16.21153641 19 25 25
245864.52661133 3357601.69934082 16.39799118 12 16 25
245865.49072266 3357602.18060303 16.17999077 13 25 25
245884.10791016 3357599.17901611 15.28401947 190 182 179
245865.05218506 3357601.57989502 16.31067085 22 27 31
245881.22790527 3357599.53326416 15.39756584 228 214 211
245864.93273926 3357603.46789551 15.52930927 28 29 23
245880.67065430 3357600.17480469 15.98141956 58 47 43
245866.35266113 3357601.45367432 15.97721004 189 203 206
245863.46820068 3357601.68792725 16.18349457 235 234 242
245882.29187012 3357600.08416748 15.13044548 8 0 0
245862.18438721 3357602.36431885 15.93047619 193 192 188
245863.28900146 3357602.61657715 15.54921722 161 163 162
245882.96838379 3357600.18817139 15.67061234 18 29 33
245882.68804932 3357600.15759277 15.19201565 12 16 15
245864.46997070 3357603.42718506 15.70773983 28 29 24
245881.59820557 3357601.14221191 15.15185165 17 17 17
245880.63079834 3357600.43609619 15.30398083 144 150 148
245863.60778809 3357602.86645508 15.62329483 154 157 150
245864.85089111 3357602.75982666 15.96700191 61 77 66
245883.83782959 3357600.48913574 15.54571724 239 225 222
245866.87158203 3357601.95086670 15.86449146 93 101 103
245882.99365234 3357600.73553467 15.61768246 29 31 30
245862.85919189 3357603.00329590 15.90239239 134 136 133
245863.26202393 3357603.19451904 15.60106277 79 84 78
245863.49407959 3357602.81719971 15.51703835 203 205 204
245882.83978271 3357600.22021484 15.54612637 40 45 48
245881.33624268 3357599.57696533 15.70282650 227 226 221
245880.64331055 3357600.68200684 15.12502003 40 52 42
245862.20117188 3357603.94689941 15.34972191 97 83 72
245862.91723633 3357603.20654297 15.58763218 94 89 83
245862.30426025 3357603.26818848 15.34641647 191 177 164
245864.23193359 3357602.67547607 16.41658974 144 148 149
245862.24365234 3357602.79052734 15.45293236 153 144 135
245881.48504639 3357599.80535889 15.56301117 133 138 132
245880.96978760 3357601.25024414 15.19163322 221 220 215
245866.63336182 3357602.79663086 15.74773216 87 89 84
245882.65112305 3357599.95733643 15.53410816 20 22 19
245863.55987549 3357603.36993408 15.82155228 60 55 49
245884.61254883 3357600.75244141 15.08239555 39 43 44
245882.27716064 3357599.66625977 16.22270775 140 128 128
245882.09124756 3357599.94708252 15.23787117 98 89 90
245862.17083740 3357602.15734863 15.69532204 129 124 118
245883.52343750 3357601.00085449 15.62587929 90 71 64
245864.16192627 3357601.56304932 16.03370667 171 174 179
245862.67620850 3357602.79449463 15.72798824 220 228 217
245882.76116943 3357601.03833008 15.55669117 81 81 83
245883.01013184 3357600.49932861 15.62906456 24 29 32
245881.79760742 3357600.24121094 15.19145012 25 35 37
245865.88513184 3357602.77850342 15.94576550 26 31 27
245880.68151855 3357600.94189453 15.11650562 98 101 94
245865.68750000 3357601.50469971 16.11454391 117 117 115
245882.36120605 3357599.43103027 15.83568573 181 150 147
245863.60015869 3357602.15930176 16.47280312 197 196 204
245868.24383545 3357601.38702393 15.11834526 192 190 178
245862.80493164 3357601.73565674 16.11422157 151 150 156
245884.35455322 3357600.73791504 15.23638821 79 68 64
245881.25524902 3357600.00592041 15.31867409 169 165 156
245866.67932129 3357602.53137207 15.74930096 109 113 112
245881.93096924 3357601.54461670 15.27535248 30 45 12
245862.73645020 3357601.75354004 16.02378654 155 153 158
245862.17156982 3357602.32012939 15.93766975 188 187 183
245881.56823730 3357601.04492188 15.13035488 18 23 19
245864.87927246 3357602.13244629 16.53563690 130 133 140
245882.55212402 3357601.26800537 15.37274361 29 28 26
245862.61859131 3357602.82934570 15.78463650 221 229 216
245876.86657715 3357600.06427002 15.00831699 204 200 188
245865.62634277 3357601.58953857 16.16383553 37 37 39
245881.26422119 3357599.56933594 15.65114880 235 236 231
245862.21124268 3357602.60791016 15.46401691 164 157 151
245883.50738525 3357599.58819580 15.76984882 251 246 242
245882.83270264 3357600.17633057 15.57858562 35 40 43
245880.20190430 3357601.08361816 15.24155045 151 148 143
245879.99810791 3357600.45141602 15.74297523 246 248 247
245862.95971680 3357601.77270508 16.21540833 224 223 229
245866.20849609 3357602.66802979 15.87964344 136 138 137
245862.72235107 3357602.74255371 15.55486298 168 176 178
245881.92004395 3357599.81384277 15.53318596 73 81 94
245866.46887207 3357603.38616943 15.26988506 33 36 29
245883.22064209 3357601.09173584 15.67988205 23 26 19
245862.85296631 3357602.01019287 16.27606773 141 142 146
245881.20416260 3357600.15783691 15.55270195 97 112 107
245880.30670166 3357600.62719727 15.42227936 135 137 134
245880.47332764 3357600.79064941 15.10174751 54 56 55
245867.13128662 3357602.16052246 15.66266632 47 52 56
245865.86437988 3357602.84918213 15.80692101 41 50 45
245881.76019287 3357599.41632080 15.36686516 239 230 225
245880.01776123 3357600.20550537 15.78873634 249 247 248
245883.97833252 3357599.63836670 15.60739899 250 238 240
245865.64556885 3357601.39154053 15.82577133 145 147 144
245884.46514893 3357600.53240967 15.24353981 139 129 120
245880.69024658 3357601.02471924 15.14158630 101 102 96
245863.22406006 3357602.50750732 16.44679260 25 25 27
245882.49267578 3357599.88977051 15.69254303 77 76 72
245880.50500488 3357599.65405273 15.70961475 247 246 244
245865.98455811 3357602.81945801 15.92224407 78 83 79
245880.57135010 3357600.69934082 15.11716843 44 49 43
245864.80169678 3357601.47174072 15.89814186 140 138 139
245867.36785889 3357603.33782959 15.18021679 38 45 29
245883.91711426 3357599.79394531 15.59343052 255 244 242
245863.84680176 3357602.27478027 16.44008446 177 180 187
245866.21868896 3357602.03387451 15.99854088 135 143 145
245862.33508301 3357603.28277588 15.34577560 192 176 163
245863.63140869 3357603.21545410 15.80639839 163 159 158
245883.56475830 3357599.76055908 15.73793125 249 241 238
245883.12274170 3357599.45336914 15.89162254 87 56 61
245866.22277832 3357602.25823975 15.92866611 131 139 141
245862.72528076 3357603.05773926 16.09049606 85 79 79
245863.69708252 3357603.18060303 15.60804367 167 166 162
245862.25872803 3357603.52911377 15.24252319 215 201 188
245863.73883057 3357602.92199707 15.66013718 136 139 132
245880.18420410 3357600.33367920 16.00239944 245 251 251
245862.95318604 3357603.09619141 15.48967457 142 142 130
245883.98278809 3357601.08843994 15.42051125 43 38 16
245872.41809082 3357600.74749756 15.06975746 205 203 190
245867.07196045 3357602.19146729 15.73381233 74 78 77
245863.22302246 3357603.89691162 15.22299480 187 172 151
245864.71380615 3357601.57061768 16.14935684 145 143 148
245862.83673096 3357601.70690918 15.70999908 149 145 144
245863.06225586 3357603.37603760 15.70842266 57 55 60
245865.06622314 3357601.75445557 16.45322227 77 81 92
245881.48779297 3357599.91284180 15.74559689 33 47 60
245863.59234619 3357601.70709229 16.23265839 213 208 214
245882.68261719 3357599.47735596 16.06305122 218 200 198
245882.50598145 3357599.45166016 16.03844643 24 14 12
245881.23779297 3357600.12786865 15.55878925 99 114 107
245865.72125244 3357601.39874268 15.90128136 156 162 160
245863.74572754 3357603.85119629 15.34890461 69 73 58
245880.60156250 3357601.12493896 15.15660667 122 121 117
245864.16021729 3357602.72918701 16.38302994 149 153 152
245862.58514404 3357601.79162598 15.79437065 134 134 134
245882.57891846 3357599.90112305 15.50168896 128 123 117
245863.47381592 3357601.59716797 15.84668159 149 153 154
245863.27600098 3357602.61193848 15.55961895 161 163 162
245882.27648926 3357599.83905029 15.96665859 30 31 25
245862.55859375 3357602.77758789 15.76161957 205 211 199
245884.25891113 3357599.63909912 15.54309940 236 228 226
245881.62896729 3357599.80255127 16.24814987 90 94 97
245867.26428223 3357603.19354248 15.16181087 38 40 35
245862.41760254 3357601.85266113 15.73960590 127 125 130
245867.55340576 3357603.58575439 15.25230312 110 121 63
245880.73864746 3357599.70037842 15.86170101 253 253 255
245862.78833008 3357603.06878662 16.16144371 24 22 23
245864.19818115 3357603.45751953 15.67024040 31 32 26
245884.14538574 3357599.53674316 15.59725285 232 223 224
245866.16528320 3357602.78771973 15.86372471 134 136 133
245865.71496582 3357601.97277832 16.16299057 21 26 29
245863.03204346 3357603.69744873 15.35762787 179 171 160
245882.51092529 3357601.35723877 15.28649044 7 12 5
245880.39782715 3357600.03784180 16.09634399 115 81 79
245862.06207275 3357603.62365723 15.33486080 141 128 111
245880.69122314 3357599.73992920 15.95033932 254 248 250
245862.44927979 3357601.82177734 15.61646461 131 122 123
245881.68615723 3357600.86523438 15.11235714 21 25 24
245862.77166748 3357602.22772217 16.30849648 25 27 26
245865.94323730 3357602.48553467 16.08562851 32 36 37
245881.91729736 3357601.53997803 15.27398300 30 45 12
245867.46240234 3357603.30303955 15.17714024 34 41 25
245864.43420410 3357602.86651611 16.11558151 138 146 133
245881.55432129 3357601.65484619 15.24366283 78 86 45
245864.50897217 3357602.76641846 16.45196342 39 41 38
245882.73162842 3357599.38409424 15.09904861 212 203 196
245862.16326904 3357602.27825928 15.95911503 186 185 181
245863.47021484 3357603.03173828 16.38408852 84 84 84
245882.79870605 3357599.67919922 15.96594334 35 33 34
245862.97644043 3357603.86901855 15.20763397 185 165 141
245864.46185303 3357601.57879639 16.08486557 172 173 177
245864.08685303 3357602.52020264 16.43337059 160 164 167
245865.07440186 3357603.07568359 15.60683727 124 129 125
245864.24731445 3357601.68542480 16.27509880 34 32 33
245862.03509521 3357603.61956787 15.33458805 141 128 111
245865.54357910 3357602.84497070 15.59889984 7 16 13
245882.84436035 3357600.14398193 15.62798309 16 24 26
245865.26953125 3357601.87121582 16.33027649 19 24 27
245880.81848145 3357601.25189209 15.18546677 156 151 148
245882.78558350 3357599.97875977 15.71992683 13 21 23
245883.15155029 3357600.40972900 15.70568466 48 56 58
245884.03411865 3357600.31573486 15.48901272 236 221 218
245865.12011719 3357602.87670898 15.65105820 69 74 68
245880.47906494 3357599.93988037 16.06682396 232 224 222
245880.22412109 3357600.35565186 16.03836441 244 248 249
245882.67041016 3357599.59167480 15.49650669 199 195 184
245879.99572754 3357600.59796143 15.73242760 246 245 243
245883.99377441 3357600.74499512 15.58650398 244 220 210
245862.36962891 3357602.22729492 16.23604965 182 182 190
245884.43298340 3357600.58489990 15.24409485 128 115 109
245865.35937500 3357602.19927979 16.28466415 13 23 24
245883.64245605 3357601.03442383 15.57046890 70 47 41
245865.21594238 3357603.52734375 15.39567852 45 48 39
245880.28680420 3357600.64373779 15.32042313 86 88 85
245882.75531006 3357599.66265869 15.24166107 223 221 209
245862.77825928 3357602.84124756 16.25275612 20 21 25
245866.90112305 3357601.96606445 15.85343266 91 97 97
245865.89556885 3357603.36682129 15.15793419 106 105 101
245882.43481445 3357599.77087402 15.45240402 133 130 121
245881.36236572 3357599.63574219 15.36150932 215 214 209
245879.89440918 3357600.85424805 15.31832790 141 134 118
245864.64624023 3357601.66656494 16.36182213 23 24 28
245865.95562744 3357602.11798096 16.10332108 97 106 105
245880.81274414 3357600.38049316 15.51121426 117 115 102
245880.35717773 3357601.03814697 15.16876316 99 99 97
245865.90148926 3357602.08728027 16.12058830 47 51 52
245881.56115723 3357599.79864502 15.58215332 114 120 118
245866.09448242 3357603.71850586 15.22317410 46 51 29
245882.70843506 3357599.43597412 15.75334930 222 208 208
245881.17279053 3357600.59014893 15.23753643 41 43 42
245881.41571045 3357600.07238770 15.30928040 166 163 154
245865.64251709 3357603.10205078 15.21355057 61 77 51
245862.13464355 3357602.43267822 15.37146378 186 177 168
245863.59149170 3357602.96221924 16.37129402 171 167 166
245862.95324707 3357601.97497559 16.28358459 162 163 168
245865.67181396 3357602.45098877 16.07295227 25 33 35
245865.88891602 3357601.84356689 16.12483215 70 78 80
245863.09265137 3357602.42132568 16.38497353 27 29 26
245884.21728516 3357601.35809326 15.17380619 103 116 62
245882.74420166 3357599.39385986 15.84151459 243 223 225
245884.48095703 3357601.11743164 15.10782814 45 54 35
245866.75402832 3357601.77520752 15.92666245 105 113 116
245863.39825439 3357603.78955078 15.30028152 143 139 128
245867.23156738 3357603.32324219 15.18711472 42 45 38
245884.31134033 3357599.76361084 15.50428677 238 233 230
245884.15679932 3357599.23364258 15.18774223 194 187 179
245880.60516357 3357600.49542236 15.82449436 38 40 35
245884.02294922 3357600.62139893 15.54738903 248 237 231
245881.07409668 3357599.46405029 15.30441284 96 68 67
245881.48309326 3357599.87066650 16.10811424 67 70 75
245865.70477295 3357602.91113281 15.59407902 17 26 23
245862.31530762 3357602.77362061 16.10824394 155 150 154
245884.42687988 3357600.68634033 15.15713215 79 70 65
245880.75085449 3357599.70562744 15.89625454 254 254 255
245864.50299072 3357603.13439941 15.77595425 111 113 110
245882.64483643 3357600.58184814 15.26140785 18 19 21
245881.93341064 3357600.35400391 15.13634682 17 23 21
245881.65667725 3357599.76287842 15.23787308 234 220 219
245863.69464111 3357601.68957520 16.22143555 196 189 196
245882.06573486 3357601.31347656 15.26598740 29 29 27
245865.08215332 3357602.59472656 16.27352715 60 64 65
245883.31054688 3357600.13677979 15.78533554 74 78 79
245881.64703369 3357599.51684570 15.31468678 223 208 205
245863.26831055 3357602.45135498 15.46846771 163 167 168
245863.06628418 3357603.00860596 15.44257164 159 166 148
245881.89819336 3357599.40045166 15.45307732 232 223 216
245882.41998291 3357600.17028809 15.08401489 29 25 24
245865.04113770 3357602.71575928 15.88290119 32 42 41
245863.75219727 3357603.90319824 15.33453941 121 126 94
245863.90997314 3357603.20013428 15.70282650 152 152 152
245863.55767822 3357601.58477783 15.71889019 163 157 157
245880.07397461 3357599.55108643 15.05760574 189 180 175
245884.35845947 3357599.40002441 15.21832561 175 167 165
245862.87377930 3357603.84777832 15.19182968 193 170 152
245864.23760986 3357602.12213135 16.52733612 168 171 178
245863.50561523 3357603.01782227 15.43589401 148 151 140
245863.31201172 3357602.40234375 15.44378090 159 163 164
245882.25964355 3357599.66290283 16.23588943 168 156 156
245863.39416504 3357602.62438965 16.50270462 82 83 85
245862.14093018 3357602.16711426 15.43976974 173 167 155
245880.69769287 3357600.12298584 16.00529289 79 55 53
245881.27386475 3357601.35137939 15.16598034 146 138 136
245867.32745361 3357601.85485840 15.28199387 64 69 72
245882.86401367 3357600.85046387 15.56672955 16 16 16
245864.43609619 3357603.14678955 15.76624203 110 112 111
245882.45904541 3357599.61944580 16.19972610 109 97 97
245882.53613281 3357600.61499023 15.15163898 14 16 15
245880.40313721 3357599.95935059 16.03900337 245 239 239
245880.32904053 3357600.98205566 15.17068577 96 95 91
245866.56311035 3357603.00878906 15.64940166 61 63 58
245883.56097412 3357600.89471436 15.64851570 255 243 240
245865.24804688 3357601.39892578 15.92755604 142 142 142
245883.62609863 3357600.74035645 15.65244579 255 244 242
245863.03576660 3357603.55328369 15.55106831 64 65 60
245862.64544678 3357603.01580811 16.15505409 85 84 82
245866.60870361 3357603.45111084 15.23258591 36 39 32
245880.78979492 3357600.36999512 15.79152393 30 32 27
245866.58343506 3357603.01330566 15.63688469 60 62 57
245863.10742188 3357603.99853516 15.21937275 180 167 135
245863.15856934 3357602.11059570 16.38101387 62 64 63
245881.26306152 3357599.64465332 16.08810425 26 16 17
245882.85687256 3357599.36389160 15.88303757 212 194 194
245882.32324219 3357599.77758789 15.43079758 108 105 98
245863.36169434 3357603.15447998 15.51477432 89 95 91
245881.53863525 3357599.81286621 15.62163830 101 109 111
245883.44708252 3357601.36181641 15.29272461 21 27 15
245881.17687988 3357599.58099365 15.83524895 241 241 239
245880.31805420 3357601.56652832 15.14109516 168 166 141
245866.81494141 3357602.04913330 15.85275841 100 105 108
245862.78411865 3357601.81353760 16.22049904 227 226 232
245882.18829346 3357600.06292725 15.17061615 25 25 23
245866.57769775 3357603.48535156 15.22903919 31 37 27
245882.65631104 3357599.92474365 15.74784851 12 21 20
245864.00549316 3357603.35882568 15.79269123 38 40 35
245883.84088135 3357599.56060791 15.65411377 245 235 234
245866.15338135 3357601.38372803 15.90328121 187 203 203
245863.85931396 3357602.00408936 16.51339722 185 182 189
245865.12475586 3357602.64044189 15.93030453 39 48 45
245880.19311523 3357600.40234375 16.00462341 238 244 244
245863.37768555 3357602.93652344 15.85103798 122 122 120
245865.54278564 3357601.55639648 16.20450401 94 95 97
245884.37817383 3357601.08038330 15.16262150 42 47 40
245882.20867920 3357601.44738770 15.27700520 1 7 0
245863.43255615 3357602.87518311 16.46877289 68 68 68
245862.10894775 3357603.37860107 15.30321884 194 182 168
245862.75122070 3357603.75219727 15.24359798 196 182 169
245883.61535645 3357600.10424805 15.67805004 235 223 223
245880.90893555 3357599.44427490 15.20557499 66 57 58
245880.13873291 3357600.79620361 15.30412197 131 130 128
245866.95220947 3357601.71783447 15.81611824 109 118 123
245864.63671875 3357601.52697754 15.56499767 155 150 146
245862.25030518 3357603.94909668 15.31259251 132 116 103
245866.69891357 3357601.36102295 15.40838718 98 100 97
245882.83111572 3357601.13781738 15.62401962 25 26 20
245862.45941162 3357601.85333252 16.05696869 87 99 115
245866.00012207 3357603.62359619 15.20866394 62 67 44
245866.54919434 3357603.38989258 15.26619434 30 33 26
245881.00860596 3357599.93048096 16.15006065 156 137 139
245863.12731934 3357602.90020752 15.80584621 131 133 130
245884.13751221 3357599.26898193 15.56453228 133 121 121
245884.14746094 3357600.96948242 15.39671993 55 43 27
245867.22229004 3357603.21813965 15.17370510 45 47 42
245881.82067871 3357599.66595459 16.28468704 191 187 184
245883.72814941 3357599.49670410 15.67593956 249 240 241
245879.93939209 3357601.55749512 15.09835625 151 146 108
245863.17028809 3357602.08209229 16.38402748 97 99 98
245863.14263916 3357601.63092041 15.94151974 146 147 151
245882.59265137 3357599.91210938 15.49555874 128 123 117
245863.28637695 3357603.24188232 15.61595726 75 80 76
245863.00811768 3357602.15728760 16.33166504 37 38 42
245882.47265625 3357599.45263672 16.02631569 15 10 6
245862.87695313 3357603.20916748 15.57322598 61 53 50
245862.19219971 3357603.98449707 15.35203171 92 80 68
245881.20581055 3357600.91778564 15.11794758 29 33 32
245884.06335449 3357600.84808350 15.56787682 219 185 175
245867.56518555 3357603.55682373 15.24811077 91 105 46
245862.17474365 3357603.65356445 15.23554993 156 145 127
245882.46569824 3357599.69464111 15.09776878 205 205 203
245864.28375244 3357601.53295898 15.95694065 147 148 150
245882.41345215 3357599.84051514 15.60197926 107 108 100
245881.71368408 3357599.82354736 15.22150612 225 220 217
245883.69879150 3357600.50354004 15.61875057 245 231 228
245881.62200928 3357599.86041260 15.95300484 55 64 71
245864.23693848 3357603.81835938 15.34887028 19 34 15
245880.85504150 3357599.74645996 16.11719513 71 61 62
245882.44421387 3357601.26861572 15.26347160 99 97 98
245864.01440430 3357603.44311523 15.73111439 33 35 30
245866.08062744 3357601.32141113 15.69447517 87 92 95
245862.04040527 3357602.40881348 15.29760170 188 178 169
245863.88397217 3357603.04846191 15.48609924 112 117 110
245862.62207031 3357602.49957275 16.28221130 185 167 167
245866.08117676 3357601.66345215 16.09076309 124 130 130
245881.08752441 3357599.50616455 15.54228115 217 207 205
245862.51788330 3357602.93804932 16.13975143 137 136 141
245866.49060059 3357603.67803955 15.23102856 29 37 16
245883.51947021 3357601.32000732 15.32571983 25 33 22
245881.36187744 3357599.65429688 15.31168747 203 202 197
245863.24530029 3357602.92352295 15.42869282 221 227 213
245865.96704102 3357603.09869385 15.45081329 38 46 35
245880.03216553 3357600.65856934 15.79513359 241 240 238
245883.95184326 3357599.68572998 15.60192299 254 240 240
245862.59222412 3357603.72619629 15.19930458 190 178 166
245880.27648926 3357599.87567139 15.91299438 249 250 252
245880.56555176 3357600.07238770 16.05843925 118 84 72
245866.80535889 3357603.42407227 15.23445129 63 64 56
245883.64959717 3357600.69079590 15.65017128 250 241 236
245862.48211670 3357603.07037354 15.44228077 99 93 93
245866.09155273 3357603.14050293 15.45641994 36 41 34
245880.28302002 3357601.31085205 15.14080524 161 149 135
245865.63049316 3357603.42205811 15.16516876 114 112 113
245865.44226074 3357601.39721680 15.78694630 149 148 144
245881.77105713 3357599.49194336 15.70091534 229 230 222
245882.66003418 3357599.86090088 15.10443687 100 99 95
245882.31317139 3357599.75170898 15.35694504 111 102 95
245880.40637207 3357599.58831787 15.54703426 250 249 247
245880.01940918 3357600.96777344 15.32120323 113 106 98
245865.25598145 3357601.61041260 16.33205414 145 152 160
245865.61761475 3357603.78222656 15.26066017 61 69 28
245880.90216064 3357599.72534180 16.10297203 68 54 51
245863.32891846 3357602.79968262 16.45701981 30 32 31
245884.14575195 3357599.47186279 15.61190987 241 232 235
245864.72052002 3357602.79412842 15.93264008 67 80 71
245863.39593506 3357602.11230469 16.47406578 230 228 233
245864.23394775 3357601.63079834 16.13876915 162 162 164
245866.91583252 3357602.43078613 15.73969078 87 92 88
245866.97772217 3357603.10662842 15.31462002 41 41 39
245866.32391357 3357601.88940430 16.03212547 134 142 144
245866.62927246 3357601.38073730 15.82469654 177 196 200
245865.84252930 3357603.72961426 15.24041748 54 60 26
245863.45428467 3357603.21948242 15.60139179 73 74 66
245881.83563232 3357601.05310059 15.15248585 22 22 24
245865.04833984 3357601.47070313 16.08600044 148 153 156
245883.94335938 3357600.36853027 15.49970245 238 222 222
245866.88464355 3357602.82696533 15.56234074 63 65 60
245864.03100586 3357602.60498047 16.39394760 156 160 161
245863.75451660 3357603.01452637 15.48838425 137 141 124
245883.14788818 3357599.79296875 15.85807610 26 35 40
245862.21368408 3357602.48260498 16.12141228 203 205 218
245881.09716797 3357601.25683594 15.18143368 221 222 217
245884.31896973 3357600.83886719 15.28880978 42 35 29
245866.24761963 3357603.06561279 15.63055801 101 106 100
245881.59777832 3357599.88378906 15.82007504 39 52 61
245865.26068115 3357602.93347168 15.52371502 49 53 52
245866.90057373 3357603.00744629 15.43650913 54 56 51
245863.89196777 3357601.84985352 16.51416779 119 129 139
245880.24554443 3357599.87939453 15.91033554 244 248 249
245863.07250977 3357602.52606201 16.37604904 22 22 22
245884.53466797 3357600.38128662 15.26618671 131 123 120
245866.58807373 3357602.73339844 15.76709938 159 164 158
245882.89477539 3357601.11016846 15.68651104 49 48 46
245881.94519043 3357599.80261230 15.48760986 75 84 91
245862.51672363 3357602.38104248 16.28079414 185 185 195
245866.19360352 3357602.99139404 15.70401192 120 125 119
245880.69934082 3357600.47607422 15.66705608 60 60 52
245864.80499268 3357601.52606201 15.54191208 149 146 141
245864.85418701 3357603.55230713 15.44198036 28 29 24
245879.94567871 3357599.99755859 15.59055519 250 250 250
245865.36309814 3357603.10571289 15.26181507 81 84 77
245863.25219727 3357601.60314941 15.65816402 122 124 123
245883.11718750 3357600.87939453 15.67494965 69 71 68
245862.92877197 3357602.71691895 15.61460686 169 174 170
245880.61627197 3357601.07080078 15.14345932 107 108 102
245864.46539307 3357603.47552490 15.62146664 28 29 24
245882.52270508 3357600.01025391 15.05487633 65 49 49
245865.70587158 3357603.66821289 15.22927952 63 70 37
245865.29357910 3357603.61303711 15.32406330 44 52 39
245864.55505371 3357601.49829102 15.91381073 157 157 155
245880.21728516 3357600.30755615 16.03651237 247 248 250
245884.39929199 3357599.42431641 15.14558411 102 98 97
245881.24951172 3357599.97094727 15.30719757 150 140 138
245881.53228760 3357600.84051514 15.11250973 18 24 20
245866.70098877 3357601.94152832 15.91644096 119 129 130
245881.18469238 3357601.47058105 15.19789028 52 45 39
245863.54510498 3357601.59106445 15.80441666 158 158 158
245881.98828125 3357599.75854492 16.18054199 147 140 134
245862.66503906 3357602.36822510 16.30379486 31 29 30
245865.81713867 3357602.32458496 16.11152840 42 44 43
245884.16381836 3357600.02343750 15.51357269 247 231 231
245864.04058838 3357602.37005615 16.46437645 167 172 178
245881.93066406 3357601.07934570 15.18614197 21 21 23
245884.38104248 3357600.67950439 15.25122929 124 109 104
245881.64337158 3357599.63153076 16.22694397 4 2 7
245865.31878662 3357601.67938232 16.32436180 32 33 38
245880.69036865 3357599.45880127 15.17422962 68 62 62
245881.66375732 3357599.57843018 15.35699749 239 226 218
245862.37524414 3357603.88037109 15.19888401 146 134 118
245884.38482666 3357599.35253906 15.07502270 72 67 63
245881.63275146 3357599.62615967 16.19837379 2 2 2
245862.99127197 3357602.58825684 16.33809280 23 24 26
245880.73223877 3357600.77581787 15.11573505 53 64 56
245864.27331543 3357601.71124268 16.35331154 41 44 49
245864.27453613 3357603.84429932 15.34097099 23 39 12
245866.99536133 3357602.54956055 15.60641193 81 83 80
245881.61499023 3357599.86804199 15.20123959 220 213 205
245865.65771484 3357603.72637939 15.24619389 56 67 27
245864.71038818 3357601.53009033 15.51923656 149 146 139
245882.48431396 3357599.83831787 15.54941750 145 136 129
245882.04718018 3357600.92187500 15.18002605 26 28 27
245862.51934814 3357603.00177002 15.46759510 117 116 122
245863.24774170 3357603.31591797 15.72053432 63 66 57
245880.03326416 3357600.62182617 15.79862595 243 242 240
245863.71270752 3357602.95495605 15.85457802 129 132 125
245866.04370117 3357602.87207031 15.86110020 103 108 102
245864.50335693 3357602.21008301 16.53823662 12 14 11
245880.45434570 3357599.49975586 15.27705383 80 78 81
245865.36041260 3357601.41796875 15.72929001 148 147 142
245864.21166992 3357601.78424072 16.52625656 96 110 121
245866.73187256 3357601.35510254 15.73535919 147 162 167
245862.34588623 3357604.02404785 15.26657295 149 140 123
245865.80371094 3357602.85815430 15.75686646 34 43 38
245882.28680420 3357599.82543945 15.16443443 23 28 31
245881.00512695 3357599.48742676 15.55293274 249 241 239
245883.82373047 3357599.17260742 15.50616932 223 219 220
245881.41333008 3357599.90930176 15.22116566 180 177 168
245867.01293945 3357601.46954346 15.29203892 72 69 64
245865.16827393 3357602.63726807 15.90980625 36 45 44
245880.33209229 3357599.52795410 15.29573822 220 216 217
245880.54663086 3357599.63958740 15.70765591 250 250 248
245867.52282715 3357602.54968262 15.15096664 64 69 72
245863.01055908 3357603.08648682 16.22091675 37 37 35
245865.57666016 3357603.36486816 15.16760063 113 112 107
245882.51080322 3357599.35504150 15.10859203 202 191 185
245867.16339111 3357602.22344971 15.55403805 56 59 64
245883.53167725 3357600.63555908 15.69986153 255 246 240
245883.91638184 3357600.59899902 15.56125927 247 237 235
245882.73931885 3357600.22186279 15.37933159 18 22 25
245862.22668457 3357602.62280273 16.08507729 192 192 202
245880.13568115 3357600.94976807 15.69392109 241 230 226
245862.46289063 3357602.43231201 16.26552963 176 176 188
245862.44848633 3357602.85388184 15.50831985 119 123 134
245866.90185547 3357601.44421387 15.45728302 60 59 64
245883.85113525 3357599.50732422 15.65537071 244 234 235
245867.01232910 3357602.27264404 15.75098705 78 80 79
245865.03387451 3357602.26879883 16.49303436 124 122 127
245880.19274902 3357600.63366699 15.37279415 250 249 247
245863.40209961 3357603.13714600 15.47912693 98 104 100
245866.07543945 3357601.50872803 16.01786995 164 170 168
245864.03100586 3357603.23626709 15.74523830 126 127 122
245866.53900146 3357601.32739258 15.78344727 114 125 127
245880.15246582 3357600.94696045 15.77405643 215 202 194
245884.20642090 3357599.25976563 15.31884003 185 177 174
245864.34375000 3357601.59759521 16.09841156 172 169 176
245862.64978027 3357602.77172852 15.54875183 174 179 182
245867.32672119 3357602.26953125 15.31228065 45 48 53
245864.96136475 3357601.51745605 15.53250790 152 147 143
245864.69372559 3357603.57983398 15.42765617 21 23 18
245882.39154053 3357599.47875977 15.53613472 195 194 189
245863.56237793 3357602.90307617 15.75370312 140 142 137
245880.83209229 3357601.43780518 15.16814613 153 150 135
245881.62738037 3357599.73767090 15.24300385 234 220 219
245863.18395996 3357601.93109131 16.36239243 200 199 205
245881.54571533 3357599.70544434 15.23263550 230 221 214
245880.26885986 3357599.53936768 15.19592762 183 180 175
245863.22375488 3357603.31854248 15.70286274 63 66 57
245864.72308350 3357601.47747803 15.94656086 139 139 139
245880.01867676 3357600.33337402 15.78488255 246 247 249
245882.37847900 3357600.66821289 15.12691975 16 18 17
245882.98107910 3357599.37158203 15.39445686 241 232 225
245863.74548340 3357602.43884277 16.43371773 173 176 181
245880.72595215 3357601.28094482 15.17066288 150 141 142
245883.47113037 3357601.16906738 15.53663445 28 29 21
245862.81530762 3357603.10552979 15.42691422 143 145 142
245862.60784912 3357603.00726318 16.01769447 102 96 96
245884.12750244 3357600.28009033 15.48250294 240 226 225
245865.39874268 3357601.83856201 16.23875237 14 24 25
245882.82440186 3357600.26165771 15.50606441 38 42 45
245882.83581543 3357599.48822021 15.29578590 235 225 223
245881.68859863 3357599.57360840 16.00131607 29 9 8
245863.88775635 3357601.91143799 16.53040314 213 217 226
245881.74700928 3357599.59497070 16.11091805 17 17 17
245863.86810303 3357601.61340332 15.58427334 175 171 168
245865.92761230 3357601.41119385 15.89651203 177 189 189
245884.04626465 3357601.23156738 15.27459145 34 47 17
245882.75744629 3357600.27264404 15.40932655 12 17 20
245881.69604492 3357599.61920166 16.19572067 16 14 17
245880.86499023 3357600.83245850 15.11291790 62 69 62
245866.35260010 3357601.81945801 16.05324364 130 138 140
245881.82745361 3357600.79583740 15.12057877 19 25 23
245865.00408936 3357602.64770508 16.11269379 43 53 52
245868.35485840 3357601.34503174 15.11524868 191 189 176
245862.34918213 3357602.80090332 15.96289444 245 243 231
245864.29437256 3357601.56146240 16.02669334 166 167 171
245884.12921143 3357599.54278564 15.59910107 231 222 223
245880.33093262 3357599.58648682 15.46552181 243 243 243
245865.33056641 3357602.71014404 15.81055641 31 37 37
245880.17596436 3357599.67272949 15.56075764 228 219 222
245882.62274170 3357601.35406494 15.39097214 14 20 8
245866.42260742 3357603.19738770 15.43332863 74 76 71
245880.51562500 3357600.50537109 15.36237431 101 106 100
245880.85083008 3357600.71185303 15.17415047 49 58 53
245865.54101563 3357601.71679688 16.21120644 25 31 31
245884.33917236 3357601.01165771 15.19273376 32 37 30
245864.99560547 3357602.77856445 15.83337784 27 38 34
245879.86700439 3357600.38043213 15.46589756 255 255 253
245862.18603516 3357602.34851074 15.70536232 141 137 126
245882.08868408 3357601.36749268 15.27699089 15 16 10
245882.65917969 3357599.88043213 15.40448093 133 126 120
245880.14172363 3357600.47235107 15.94795036 236 240 243
245881.28344727 3357600.01983643 15.52259731 117 123 119
245881.00891113 3357600.49310303 15.30866146 51 47 44
245882.99438477 3357599.83496094 15.85148144 19 26 32
245866.31250000 3357603.38232422 15.26290131 53 55 50
245864.69622803 3357602.24902344 16.54317856 10 16 14
245882.40032959 3357599.82061768 15.10295868 106 107 109
245866.73352051 3357601.79370117 15.93820667 116 124 127
245867.09020996 3357601.50079346 15.24318695 62 61 57
245862.21820068 3357602.49041748 16.12868690 203 205 218
245881.98046875 3357600.32855225 15.14178467 14 20 18
245863.05194092 3357602.74810791 15.40082073 191 198 190
245880.56274414 3357600.47424316 15.22778225 133 135 132
245864.88977051 3357601.62438965 16.36268616 21 26 30
245863.07867432 3357603.26470947 15.70174980 68 67 63
245862.35571289 3357602.68829346 15.56341648 121 123 122
245882.01104736 3357599.37133789 15.37904644 235 224 220
245863.43273926 3357602.13818359 15.41123772 170 174 175
245864.86779785 3357602.72973633 16.21236992 35 45 37
245882.40277100 3357599.47473145 16.07629013 22 12 13
245864.07781982 3357601.93072510 16.55474472 183 186 195
245862.49243164 3357603.63958740 15.22220325 211 193 183
245866.72229004 3357601.80828857 15.94434834 116 124 127
245863.20935059 3357601.84130859 16.32167816 78 77 82
245882.75915527 3357599.76184082 15.19022369 202 198 189
245863.81634521 3357603.08001709 15.48614883 120 123 112
245881.04669189 3357600.23956299 15.71537399 94 99 105
245880.38446045 3357600.85290527 15.89167309 63 64 69
245862.93499756 3357601.68853760 15.93380833 158 158 160
245882.57037354 3357599.71356201 15.47817993 196 186 174
245862.18011475 3357603.98748779 15.35588741 59 51 40
245863.25256348 3357602.72479248 16.43395424 36 38 37
245881.76196289 3357600.00500488 15.20243740 208 190 186
245863.51580811 3357601.86999512 15.41173077 156 158 155
245880.65527344 3357599.92700195 16.12715912 231 228 223
245880.24639893 3357601.55505371 15.13277340 152 148 119
245881.34674072 3357600.01995850 15.82842731 98 103 106
245863.51928711 3357602.95068359 15.87245750 130 131 126
245862.55450439 3357602.48394775 16.27344513 194 184 192
245863.65570068 3357601.71252441 16.25191689 145 139 143
245862.39929199 3357602.50982666 16.22888374 177 175 186
245862.21929932 3357602.59051514 16.04572296 210 215 221
245864.74108887 3357602.77301025 16.04250145 41 51 43
245882.68817139 3357599.60272217 16.08027267 64 50 47
245866.84552002 3357603.02032471 15.46196842 61 63 58
245883.55023193 3357600.82110596 15.66705322 253 245 242
245863.88366699 3357603.57006836 15.57987595 30 31 26
245866.33111572 3357602.03594971 15.97321415 130 138 140
245867.03259277 3357603.48004150 15.22233295 41 42 28
245881.33087158 3357599.70031738 16.17228889 19 18 23
245880.76788330 3357599.73773193 16.03698730 130 111 115
245863.41278076 3357602.67687988 15.49409866 146 147 149
245883.65838623 3357600.19879150 15.64207268 234 220 220
245881.38452148 3357600.92535400 15.11873817 27 29 28
245863.75396729 3357601.59155273 16.01779938 151 154 161
245883.24114990 3357599.57141113 15.88342285 68 37 35
245863.80938721 3357602.16461182 16.46218681 184 187 196
245864.69726563 3357603.52844238 15.49751282 24 25 20
245865.76251221 3357602.68627930 15.93573761 36 41 44
245867.36981201 3357601.93011475 15.25477123 67 72 76
245863.00073242 3357602.91595459 16.29299355 30 29 34
245865.71264648 3357602.34918213 16.11653900 20 29 28
245883.66448975 3357600.09210205 15.64775085 240 226 225
245880.51855469 3357599.49664307 15.41851902 77 75 80
245881.44335938 3357599.79797363 15.49335384 169 168 164
245863.25994873 3357603.78851318 15.25907326 176 170 156
245866.55786133 3357601.31201172 15.69147587 105 110 114
245882.81555176 3357600.82135010 15.51839638 18 20 19
245863.49859619 3357602.90100098 15.45574856 251 255 250
245883.13305664 3357600.60614014 15.65912151 43 47 48
245863.59753418 3357602.03204346 16.49522972 210 205 211
245882.53320313 3357600.94445801 15.29165173 22 23 25
245880.35571289 3357600.71130371 15.95901585 75 74 82
245866.16485596 3357602.61193848 15.90862942 136 138 137
245864.43048096 3357602.03210449 16.53685760 69 67 72
245862.23724365 3357602.57476807 16.11752892 153 153 163
245882.74670410 3357599.86077881 15.19159698 111 111 103
245881.31225586 3357599.57452393 15.82604122 233 234 229
245880.34649658 3357599.81146240 15.88675308 250 250 252
245867.12548828 3357603.02398682 15.27014351 35 37 36
245864.57781982 3357602.09387207 16.54053688 22 21 19
245880.80743408 3357600.38470459 15.51491165 117 115 102
245866.07904053 3357602.56317139 15.96603489 131 135 134
245863.85913086 3357603.66406250 15.48292542 38 38 36
245863.03631592 3357602.61816406 15.49313927 172 178 174
245880.01043701 3357600.21392822 15.77525425 248 246 247
245864.01458740 3357602.94848633 15.67406273 77 84 76
245867.00854492 3357602.99285889 15.37733650 36 36 36
245863.45031738 3357603.51129150 15.67357826 34 35 29
245864.26013184 3357602.71130371 16.41333008 140 144 145
245881.64886475 3357599.92639160 15.19422340 228 221 211
245866.45861816 3357603.40582275 15.25907803 26 29 22
245862.89746094 3357601.87469482 16.25347710 198 199 204
245863.81805420 3357601.95886230 16.52036858 216 219 226
245880.26190186 3357601.79510498 15.19212627 91 104 50
245883.15783691 3357599.80255127 15.85664749 26 34 37
245880.14508057 3357600.77709961 15.90881634 235 235 235
245884.55212402 3357600.84143066 15.08577442 42 46 45
245881.78961182 3357599.77899170 16.22946167 57 61 64
245880.68292236 3357600.91979980 15.11007404 91 92 86
245863.53503418 3357602.66650391 16.48797607 178 177 182
245882.79925537 3357600.92724609 15.55048943 14 16 15
245880.27130127 3357600.86950684 15.69122982 99 104 100
245864.10748291 3357602.90045166 16.22710800 136 144 131
245880.00775146 3357599.73223877 15.42720222 242 241 239
245863.63586426 3357601.62249756 16.09693146 184 188 197
245864.80438232 3357601.51855469 16.05959702 167 165 170
245862.25616455 3357602.59185791 15.52590466 139 134 128
245883.32220459 3357599.98651123 15.82601547 46 44 45
245880.40850830 3357599.80224609 15.89105129 248 249 251
245862.87152100 3357602.72210693 15.60560608 174 180 178
245880.49676514 3357599.80938721 15.93411446 245 249 250
245866.32318115 3357603.34588623 15.27595901 59 60 55
245882.28405762 3357599.41107178 15.39350796 205 200 194
245864.58666992 3357602.98913574 15.68009090 95 108 90
245882.54241943 3357601.20849609 15.39268303 75 75 77
245880.85491943 3357600.22375488 15.87039757 55 53 56
245864.06640625 3357602.73492432 16.36367035 154 158 157
245865.53216553 3357601.49224854 16.15230942 143 147 150
245881.56408691 3357599.59887695 15.23033810 227 213 212
245880.08343506 3357600.63195801 15.41226578 250 249 245
245862.69995117 3357603.45483398 15.41646862 133 125 122
245878.87884521 3357599.77368164 14.99403381 195 188 178
245865.74121094 3357603.66174316 15.22658730 59 66 33
245882.44238281 3357600.32171631 15.08241749 11 17 15
245882.95166016 3357600.03662109 15.75091839 24 34 36
245864.96997070 3357602.75341797 15.88255310 36 48 44
245867.34326172 3357602.11901855 15.28848743 52 56 59
245865.93737793 3357601.41076660 15.90220356 177 189 189
245881.91601563 3357600.87890625 15.13981056 16 22 20
245882.32495117 3357599.44256592 15.46463966 199 198 193
245880.82897949 3357600.34008789 15.42048264 117 122 118
245881.95166016 3357601.40985107 15.26752567 21 24 15
245881.79077148 3357599.63592529 16.26966476 136 134 135
245865.71289063 3357601.89672852 16.16651917 21 26 29
245881.60931396 3357599.47521973 15.24866295 250 239 237
245864.03204346 3357602.59985352 16.39569283 156 160 161
245876.41638184 3357600.15722656 15.01242256 192 190 177
245863.02874756 3357601.90948486 16.27802086 186 185 191
245863.89764404 3357603.27880859 15.79266930 134 135 130
245866.24377441 3357602.74249268 15.84518242 136 138 135
245863.96337891 3357601.56103516 15.81825352 158 153 150
245865.54473877 3357602.84515381 15.59964180 7 16 13
245868.22802734 3357601.36682129 15.12024307 188 186 173
245864.85687256 3357601.57794189 16.21729279 38 38 40
245881.29742432 3357601.45245361 15.18626785 52 49 42
245864.87139893 3357602.57275391 16.51789474 15 19 18
245865.75390625 3357602.71417236 15.90369415 34 40 40
245884.31414795 3357600.72241211 15.40729046 122 99 93
245865.91406250 3357601.38220215 15.78701687 149 159 158
245882.31445313 3357599.39410400 15.31622696 228 221 215
245881.99133301 3357599.74377441 16.20640564 164 155 150
245865.43035889 3357602.60516357 15.93336964 21 29 31
245881.25811768 3357599.96826172 15.28129005 156 148 145
245863.76660156 3357602.93078613 15.78701019 127 130 123
245864.45129395 3357601.52258301 15.65177441 148 145 140
245880.98089600 3357599.83068848 16.20925140 207 207 207
245883.81976318 3357600.87286377 15.61175728 243 216 209
245881.10681152 3357600.12023926 15.86777020 93 96 105
245862.76342773 3357602.74328613 15.46558380 190 192 189
245882.43450928 3357600.46185303 15.08929729 10 14 17
245881.18676758 3357600.10015869 15.44176960 118 124 120
245863.77392578 3357602.95111084 15.83250237 126 129 122
245861.94897461 3357603.26275635 15.26936436 199 185 172
245864.74182129 3357602.77697754 16.19560432 51 61 52
245880.45660400 3357600.63995361 15.11899185 68 50 50
245882.08874512 3357600.26306152 15.14786053 15 19 18
245881.75335693 3357599.51464844 15.80484390 239 232 222
245863.08294678 3357601.64465332 15.98733807 152 155 160
245865.83819580 3357603.48205566 15.17572594 106 103 94
245881.67321777 3357599.57470703 15.99588871 29 9 8
245862.87225342 3357602.68090820 15.46601391 196 202 202
245880.35650635 3357601.45684814 15.09539127 152 141 135
245865.92456055 3357602.22045898 16.11357498 59 63 64
245884.04077148 3357600.55432129 15.52639103 253 243 241
245880.71453857 3357600.54705811 15.21095371 55 30 26
245867.12457275 3357602.00067139 15.61980438 57 60 65
245865.37420654 3357602.39245605 16.22519493 13 23 24
245866.61712646 3357602.28717041 15.81254959 114 123 122
245882.96496582 3357600.14160156 15.69365883 22 31 36
245863.16131592 3357602.69073486 15.41140270 192 194 191
245882.15051270 3357599.46588135 15.89008427 65 40 35
245880.31848145 3357600.62609863 15.42728710 115 117 112
245866.09613037 3357601.52941895 16.03413010 165 174 173
245863.54992676 3357603.04089355 16.33375359 174 173 169
245882.07348633 3357599.38183594 15.42092896 225 214 208
245865.92822266 3357603.30963135 15.17745781 77 77 75
245864.18151855 3357602.58251953 16.44067001 152 156 159
245864.96691895 3357601.75000000 16.48244286 161 170 187
245862.61645508 3357603.90356445 15.13026524 181 168 152
245881.49023438 3357599.77581787 15.51105595 157 157 147
245882.57519531 3357599.84130859 15.47914600 143 134 127
245882.61291504 3357600.60931396 15.23468876 15 17 16
245882.46594238 3357600.71258545 15.13164806 11 13 12
245883.03210449 3357600.53253174 15.64022732 31 36 39
245864.04547119 3357603.25262451 15.76060486 122 124 119
245882.68493652 3357599.79986572 15.85860443 18 20 19
245864.05053711 3357602.36975098 16.46713829 167 172 178
245864.76940918 3357603.47064209 15.56893444 29 28 26
245863.72686768 3357602.99230957 16.24391365 162 158 149
245864.20507813 3357601.54370117 15.76911640 150 151 146
245883.37713623 3357599.38696289 15.21196365 178 178 178
245864.42358398 3357601.72399902 16.42037964 13 21 24
245884.45562744 3357600.65496826 15.14681530 72 65 59
245882.37725830 3357599.71496582 15.38669872 140 135 129
245882.19268799 3357599.46868896 15.93009663 50 21 17
245863.37945557 3357603.49291992 15.72280979 30 32 27
245881.09130859 3357599.63909912 15.99181652 124 89 87
245884.63171387 3357600.91705322 15.05954647 45 51 49
245882.83050537 3357600.73022461 15.50955677 14 16 15
245881.89215088 3357599.53070068 15.96743774 56 34 36
245863.07891846 3357602.34216309 16.37091064 23 25 22
245864.77502441 3357602.80377197 15.90695381 80 96 85
245867.13690186 3357602.53039551 15.43096161 46 47 49
245863.09313965 3357603.40338135 15.69823551 132 130 135
245866.01794434 3357602.32659912 16.03394508 128 138 139
245882.52093506 3357601.22186279 15.36433220 75 75 77
245880.00024414 3357600.66027832 15.55418205 250 244 246
245866.93365479 3357603.07092285 15.36014366 42 43 38
245863.14703369 3357601.61450195 15.66843033 124 122 123
245864.70520020 3357602.81994629 15.88908386 85 98 88
245867.19360352 3357602.93804932 15.23614120 39 43 44
245881.33721924 3357601.05200195 15.14707756 21 23 22
245882.41851807 3357601.28753662 15.25977898 90 90 90
245880.91973877 3357600.67639160 15.18734264 45 45 45
245881.13439941 3357600.20483398 15.55727768 78 97 95
245880.18597412 3357600.62390137 15.39163113 224 220 217
245866.14105225 3357602.35632324 15.93594170 133 139 139
245880.22473145 3357601.83093262 15.19225788 87 105 47
245866.93542480 3357601.46936035 15.53619862 18 18 28
245882.76800537 3357599.64685059 15.21597290 197 194 185
245865.26287842 3357602.58966064 15.94863319 13 19 19
245879.99096680 3357600.66156006 15.56860256 250 244 246
245883.78753662 3357600.73864746 15.62202740 251 241 240
245862.44537354 3357602.70959473 15.66649055 125 131 121
245865.61663818 3357602.70483398 15.85920525 23 33 32
245863.79730225 3357603.01080322 16.03502083 143 144 139
245864.44030762 3357603.36218262 15.79910946 39 40 35
245862.52917480 3357602.92028809 15.47953892 125 129 138
245864.39831543 3357601.81323242 16.53710938 210 223 232
245881.64660645 3357599.67596436 15.40448189 173 172 168
245862.48553467 3357602.95178223 16.08942413 132 132 134
245879.83129883 3357600.15124512 15.37534046 129 124 120
245883.18713379 3357599.93383789 15.82357311 24 32 35
245865.31726074 3357603.64532471 15.29705048 19 25 13
245866.89984131 3357602.72906494 15.58136272 73 78 72
245865.51586914 3357602.54931641 15.99595833 23 31 34
245882.92272949 3357599.37072754 15.23791695 235 222 216
245864.40240479 3357601.51782227 15.94200802 140 140 140
245864.17968750 3357603.16986084 15.70257473 111 113 112
245882.67773438 3357599.98583984 15.59542179 14 23 22
245864.52429199 3357601.51293945 15.72917080 148 147 145
245863.08251953 3357602.89544678 15.40173054 227 234 218
245867.18255615 3357602.55493164 15.37991333 45 46 48
245865.30944824 3357602.04663086 16.31158066 7 17 18
245880.37518311 3357600.59906006 15.42183685 91 96 89
245865.44885254 3357601.41918945 15.66127777 152 149 142
245862.36883545 3357603.97314453 15.24355412 166 157 142
245865.84094238 3357603.12219238 15.26159096 71 78 70
245882.75122070 3357600.41223145 15.37849140 19 20 24
245864.40936279 3357602.87213135 15.95213985 32 37 30
245864.92810059 3357602.56762695 16.48853111 117 121 122
245882.23974609 3357600.36254883 15.11060810 10 16 14
245882.61401367 3357600.76708984 15.28663254 10 11 13
245865.32861328 3357602.04711914 16.29655075 7 17 18
245882.03033447 3357599.30316162 15.26084805 206 191 184
245882.60394287 3357599.93853760 15.70505238 34 38 37
245869.23175049 3357601.24383545 15.10795116 188 186 173
245863.61138916 3357601.66589355 16.16630173 236 235 243
245883.73651123 3357599.67736816 15.68280697 253 243 241
245882.89318848 3357599.72125244 15.90486145 33 34 38
245862.29699707 3357602.98651123 15.44236183 157 144 136
245882.32781982 3357600.25469971 15.11622810 11 13 12
245866.53588867 3357603.12451172 15.48548317 65 65 65
245865.97656250 3357602.80224609 15.95748234 88 90 89
245873.40283203 3357600.59643555 15.06118679 201 199 186
245865.95501709 3357601.36914063 15.77216721 124 133 130
245882.23944092 3357601.24591064 15.25424004 201 201 203
245865.21197510 3357602.22888184 16.39635468 5 14 13
245881.97113037 3357599.80438232 15.46207047 101 110 109
245865.89105225 3357602.90533447 15.74532127 52 62 51
245881.69281006 3357599.95068359 15.19787598 213 204 195
245882.10223389 3357600.10467529 15.18186760 16 17 12
245881.66253662 3357599.45599365 15.31101131 252 241 237
245863.96697998 3357601.56823730 16.05522346 158 159 163
245865.60711670 3357602.43054199 16.08212280 16 24 26
245882.82849121 3357600.07641602 15.67227840 15 20 23
245867.21936035 3357603.11718750 15.18624020 41 43 40
245883.38403320 3357599.34930420 15.64624214 255 255 255
245862.16711426 3357602.20581055 15.84703255 171 171 163
245880.14221191 3357601.34924316 15.13198471 159 147 131
245880.20227051 3357601.28668213 15.17110062 159 143 130
245882.57391357 3357599.76147461 15.95211983 17 13 10
245863.05175781 3357602.20709229 16.34653091 20 24 23
245882.98077393 3357599.76263428 15.88185596 18 26 29
245866.53381348 3357602.61242676 15.77475548 131 136 132
245880.07098389 3357599.66259766 15.31368637 231 227 224
245883.97674561 3357601.09820557 15.41356659 43 38 16
245880.48327637 3357600.64483643 15.12003899 59 38 35
245880.68420410 3357600.11621094 16.01705170 80 52 48
245882.11730957 3357600.60418701 15.13150120 16 20 19
245866.27435303 3357601.29772949 15.75537968 90 98 101
245879.97265625 3357600.57934570 15.40893555 252 251 246
245882.31250000 3357599.80694580 15.49740505 94 95 87
245882.58874512 3357600.31774902 15.12312031 11 13 12
245865.56329346 3357602.35723877 16.11537933 23 33 34
245866.04449463 3357602.45544434 16.00279808 130 136 136
