245586.28637695 3357439.41485596 20.23027039 81 89 100
245585.49743652 3357442.44610596 20.19065666 72 85 91
245586.43475342 3357442.01986694 19.76728630 46 55 72
245586.27148438 3357440.00970459 20.24001694 42 59 79
245584.88726807 3357441.73626709 19.95359993 39 48 57
245586.57073975 3357437.74935913 19.94098663 40 56 82
245586.99627686 3357443.42602539 19.77852440 138 145 155
245584.98870850 3357440.92877197 20.54405594 16 29 46
245585.31671143 3357437.29684448 19.70892525 63 73 85
245585.89886475 3357437.72766113 19.87671280 92 110 130
245584.20788574 3357439.63897705 19.99794197 28 37 44
245585.17767334 3357443.28341675 19.83667183 25 24 29
245585.71582031 3357434.25909424 19.87206459 23 30 36
245586.69818115 3357437.04006958 19.66267776 105 109 118
245585.20471191 3357433.40295410 21.04026031 5 36 57
245584.34582520 3357439.14349365 19.80658150 63 77 88
245585.96295166 3357441.53952026 19.67489052 41 51 60
245586.46533203 3357438.38665771 19.93291855 112 125 144
245583.85626221 3357434.36993408 20.00437164 57 64 70
245587.24847412 3357432.75875854 19.95891762 59 63 72
245584.72875977 3357442.86358643 20.94826508 94 106 122
245587.10119629 3357432.73840332 20.03697777 41 50 55
245586.00250244 3357433.49377441 20.69782066 11 24 40
245584.16021729 3357443.07104492 20.51829147 113 119 131
245584.22961426 3357432.91104126 20.62024117 0 1 3
245583.76141357 3357434.41445923 20.14955521 4 11 17
245583.81799316 3357433.53555298 20.98752785 172 194 215
245585.09222412 3357437.46868896 20.40735626 0 2 12
245586.77655029 3357433.06539917 20.42387772 188 208 232
245586.28222656 3357442.47586060 19.78595161 96 108 122
245583.89801025 3357432.82681274 20.55693626 146 152 164
245584.86267090 3357439.53552246 20.32601166 47 70 78
245584.91027832 3357440.13577271 20.42539215 56 91 111
245585.33074951 3357433.99380493 21.00473404 38 58 82
245585.18280029 3357441.37521362 19.73932266 27 37 46
245584.47418213 3357433.02148438 20.01235580 85 94 103
245584.11523438 3357437.56430054 20.99329185 25 35 60
245585.51788330 3357442.71829224 20.22339249 68 87 101
245584.59722900 3357437.96554565 20.86423111 18 53 73
245586.78582764 3357443.14221191 19.92006111 144 161 181
245583.79016113 3357432.91809082 20.80924797 1 6 9
245585.36273193 3357441.09271240 20.23236275 1 6 12
245586.17797852 3357440.18927002 20.20659065 44 60 83
245585.29498291 3357439.79180908 20.52513695 14 24 34
245585.50610352 3357443.78585815 19.69667435 12 13 17
245585.40075684 3357437.96121216 20.29924583 109 126 144
245584.83587646 3357441.69531250 19.94997597 34 44 53
245584.41363525 3357443.07321167 20.18868446 0 5 8
245586.75061035 3357434.13366699 19.97874832 89 102 111
245584.06555176 3357439.04440308 19.84934425 32 39 49
245585.91845703 3357433.14059448 20.73307991 12 34 48
245586.23284912 3357438.85430908 19.95992851 18 27 36
245585.08239746 3357440.38391113 20.45965767 60 90 114
245583.84722900 3357443.76644897 19.63794136 29 33 42
245586.32714844 3357438.44656372 20.17032051 135 161 186
245586.59661865 3357439.65722656 20.09276199 34 41 47
245584.51385498 3357439.13507080 20.06293297 55 68 77
245586.47607422 3357438.65631104 19.78287697 32 41 48
245584.70062256 3357433.14868164 21.13058853 136 147 165
245584.37451172 3357443.12100220 20.58872986 124 132 143
245586.38183594 3357440.24453735 20.28939629 23 38 57
245586.44537354 3357433.21163940 20.54588318 196 219 237
245586.30133057 3357439.74801636 20.27449799 18 28 38
245586.54840088 3357432.74798584 20.46130943 119 141 154
245584.33837891 3357442.89050293 20.96726227 112 122 134
245584.77368164 3357440.69308472 20.54814720 30 52 73
245585.19873047 3357442.02218628 19.96852684 24 31 37
245585.92950439 3357443.99673462 19.55454254 21 24 31
245585.25561523 3357443.81646729 19.69491005 14 15 19
245584.67889404 3357442.55496216 20.87214661 7 10 15
245586.69940186 3357443.06240845 19.90511131 60 76 91
245584.47656250 3357439.73840332 20.30384064 37 51 64
245583.84716797 3357434.11245728 20.87498283 3 16 25
245585.01342773 3357432.90524292 20.66740227 22 27 31
245584.86950684 3357437.82086182 20.61817169 29 54 74
245586.11303711 3357439.86273193 20.19231033 70 87 107
245584.30914307 3357432.96273804 20.89206696 8 11 18
245584.96752930 3357441.15039063 19.98598480 9 14 17
245585.61376953 3357442.67721558 20.09265518 43 63 74
245586.71643066 3357439.67028809 19.91507721 49 53 62
245584.65661621 3357441.75283813 20.07463074 31 44 52
245584.20397949 3357439.29925537 19.75468063 25 38 46
245584.45202637 3357432.66503906 19.82194519 60 64 73
245586.59057617 3357433.83712769 20.52952957 187 215 236
245584.45996094 3357442.08984375 20.41241074 6 11 15
245585.40509033 3357438.64129639 20.27851105 93 114 135
245584.26354980 3357438.43472290 20.63682556 1 7 19
245586.68627930 3357439.96862793 20.05632973 28 36 49
245584.30554199 3357433.70803833 21.08826447 184 209 229
245586.07965088 3357439.92050171 20.17144012 62 80 102
245585.93713379 3357432.49584961 20.45216942 10 13 20
245586.68707275 3357440.11853027 20.05739784 38 50 62
245584.89715576 3357438.63723755 20.46070290 141 166 197
245586.37762451 3357440.50607300 20.29539871 5 21 36
245584.25366211 3357438.86196899 19.97847748 26 39 48
245586.50024414 3357440.96755981 19.89131546 53 58 62
245585.82220459 3357434.31893921 19.82121658 16 25 32
245586.74584961 3357438.65060425 19.68898010 47 56 63
245585.01214600 3357442.34698486 20.64024162 64 68 71
245586.03985596 3357443.96685791 19.56072426 21 24 33
245586.11999512 3357434.32150269 20.25537491 9 20 26
245584.26074219 3357437.60479736 21.03000641 143 163 196
245584.84875488 3357441.15350342 20.11570930 7 10 15
245586.65802002 3357440.74859619 19.80331993 23 30 38
245586.66064453 3357443.31729126 19.94037056 131 140 157
245585.00067139 3357438.50869751 20.67597771 95 121 148
245586.88128662 3357440.47943115 19.71447945 50 58 61
245586.67749023 3357439.64282227 19.97304153 50 55 59
245584.33935547 3357442.73065186 20.94929504 14 17 22
245586.80645752 3357438.06420898 19.73271942 37 44 54
245583.88623047 3357442.98919678 20.79527283 89 102 119
245584.79046631 3357440.48895264 20.51040268 43 77 104
245584.57263184 3357440.36669922 20.50540352 32 64 89
245584.17321777 3357443.62600708 19.62290382 19 22 29
245584.02313232 3357432.87426758 20.04386902 75 84 89
245586.16253662 3357434.40979004 19.73653984 36 40 51
245583.74346924 3357432.71417236 20.16647530 71 76 80
245586.61047363 3357443.96859741 19.64476967 18 23 26
245585.74951172 3357440.55126953 20.28198051 54 71 91
245586.60589600 3357434.36819458 19.70665741 46 53 61
245584.16241455 3357443.34616089 19.64269257 18 21 26
245587.17346191 3357432.75820923 20.00655746 43 50 56
245584.13970947 3357438.32357788 20.71453285 0 8 24
245586.37573242 3357442.64089966 19.80965424 88 97 112
245584.05346680 3357437.14651489 20.91003036 1 8 16
245585.97369385 3357441.40100098 19.65511131 37 44 52
245586.51214600 3357438.99816895 19.82283020 40 47 53
245583.76684570 3357442.71673584 20.13878822 93 103 115
245583.97869873 3357434.33190918 19.95647812 27 36 41
245586.05572510 3357432.52008057 20.43628120 12 19 27
245585.07360840 3357433.95367432 21.06908035 171 196 218
245585.63946533 3357439.21609497 20.26828003 18 25 33
245583.73980713 3357432.71246338 20.24362183 80 85 91
245585.63647461 3357434.43600464 19.75759888 29 40 44
245586.34271240 3357433.53671265 20.61836815 194 222 236
245585.88476563 3357439.00936890 20.11204338 11 18 28
245585.58410645 3357437.90908813 20.07254410 95 117 131
245583.95672607 3357443.19534302 19.67157936 16 19 26
245586.82958984 3357443.16366577 19.91247368 140 156 179
245585.34558105 3357442.90487671 20.40162086 58 89 107
245585.42132568 3357432.63369751 20.19370842 59 68 77
245584.56347656 3357432.96868896 20.41197586 0 0 0
245584.75781250 3357442.46240234 20.77073097 2 3 5
245586.59204102 3357440.32336426 20.18834305 37 44 60
245586.08984375 3357440.60864258 20.30813408 37 54 72
245585.38751221 3357433.15423584 20.82623482 23 46 62
245586.68719482 3357439.27661133 19.79560471 45 52 58
245586.64068604 3357434.26443481 19.75498390 25 32 40
245584.23352051 3357442.99526978 20.25798416 30 31 36
245585.94628906 3357442.63519287 19.87525558 108 108 118
245585.14544678 3357441.38873291 19.74488258 26 36 45
245584.81567383 3357437.70718384 20.64090729 27 53 66
245584.91680908 3357440.21237183 20.44222641 58 93 113
245586.76544189 3357441.10806274 19.64257431 47 57 66
245586.11834717 3357440.54650879 20.28425026 35 52 70
245584.42358398 3357440.97494507 20.45260239 7 16 25
245584.45941162 3357443.09146118 20.16298103 5 9 12
245584.35314941 3357443.09411621 20.45385551 108 112 121
245584.74468994 3357437.90252686 20.74541283 22 44 67
245586.73919678 3357437.13232422 19.65647507 97 101 110
245585.64495850 3357442.47042847 20.04810715 26 40 49
245584.18981934 3357437.18841553 20.91781998 9 26 36
245586.34393311 3357432.89053345 20.60437584 193 219 234
245586.73925781 3357433.58255005 20.42817688 179 212 231
245584.00787354 3357443.06448364 20.63805962 134 143 158
245586.25140381 3357440.74713135 20.34096909 14 29 50
245585.62237549 3357441.60534668 19.73212624 44 53 60
245585.81457520 3357442.63037109 19.94270515 15 19 28
245584.85150146 3357441.75180054 19.97334290 37 47 56
245586.30041504 3357441.03329468 20.08300972 14 19 23
245586.65661621 3357434.07235718 20.40479279 124 146 169
245586.18511963 3357442.29309082 19.78066444 71 79 92
245584.69805908 3357432.97988892 20.13492966 107 116 125
245586.25036621 3357440.87918091 20.31764984 40 52 68
245584.41394043 3357441.11596680 20.37372589 25 35 45
245585.83410645 3357438.34957886 20.30889130 126 148 169
245584.90594482 3357439.41033936 20.32383537 24 35 39
245586.55773926 3357441.06454468 19.75246239 24 31 39
245584.74670410 3357441.70693970 19.99528122 33 43 52
245587.06842041 3357433.79302979 20.02009010 40 49 64
245583.79974365 3357442.74499512 20.30543137 65 78 95
245585.09014893 3357438.65579224 20.37996292 104 124 148
245584.11926270 3357438.44537354 20.52828217 0 7 21
245584.01269531 3357443.23117065 19.66041946 28 31 38
245585.73773193 3357440.59103394 20.29165649 52 69 89
245585.39514160 3357442.42773438 20.32301903 6 14 17
245584.93786621 3357437.19711304 19.78106117 75 88 104
245586.71252441 3357440.74392700 19.74836159 31 38 48
245584.13031006 3357442.95794678 19.89956474 3 8 11
245586.56280518 3357441.11178589 19.73978043 28 35 43
245584.83227539 3357438.97058105 20.24248314 57 69 81
245585.73645020 3357439.32095337 20.31771278 27 36 45
245584.29724121 3357443.27606201 19.68274307 19 20 25
245586.47991943 3357432.66058350 20.40069580 150 164 175
245585.09637451 3357432.91961670 20.93995857 52 60 73
245584.34759521 3357443.54891968 19.62335396 18 19 24
245584.53002930 3357441.66558838 20.08044624 34 44 54
245584.76123047 3357442.61022949 20.92089081 4 5 9
245586.53277588 3357439.20861816 19.90320206 35 42 48
245584.82067871 3357433.28640747 21.13411140 38 47 76
245585.31250000 3357441.93594360 19.88419342 38 46 49
245586.53680420 3357439.31454468 19.96104431 38 46 49
245585.41558838 3357438.50442505 20.41429710 155 175 199
245585.39331055 3357432.75466919 20.50524330 48 58 70
245585.05438232 3357434.24487305 20.33857346 119 137 151
245586.98162842 3357442.45660400 19.83927536 50 61 67
245585.37774658 3357437.63858032 19.94855881 97 118 139
245584.44750977 3357443.10488892 20.42027283 97 101 112
245584.44873047 3357440.78521729 20.49239731 13 31 43
245583.80975342 3357442.86016846 20.81717873 69 86 104
245586.17779541 3357433.91305542 20.65004921 202 221 238
245584.20196533 3357439.66418457 20.07193375 8 17 22
245584.72521973 3357438.03836060 20.76509857 30 56 79
245583.73907471 3357435.01000977 20.28342819 9 38 68
245585.79101563 3357432.92440796 20.74132729 30 55 77
245586.46118164 3357437.85229492 20.03010368 29 51 74
245583.99157715 3357442.61099243 21.05700493 83 88 92
245584.24133301 3357434.27337646 20.12727928 112 126 137
245584.70312500 3357432.94778442 20.76523972 16 16 24
245585.44622803 3357439.31918335 20.29436111 52 62 74
245586.90979004 3357440.61886597 19.66624641 49 56 64
245586.85412598 3357442.64718628 19.87922478 162 182 193
245585.05316162 3357443.26568604 19.85821342 80 81 86
245584.01177979 3357442.96517944 20.95127487 118 128 140
245584.87469482 3357433.63439941 21.13507843 73 85 107
245586.54638672 3357434.09185791 20.45916367 174 196 219
245584.40985107 3357434.36587524 19.85247421 12 19 25
245585.03503418 3357432.88699341 20.22486877 116 128 140
245586.45446777 3357439.63092041 20.24947166 186 197 203
245586.47894287 3357442.89218140 19.82728386 81 94 110
245586.69305420 3357441.31066895 19.66441536 44 53 60
245584.34729004 3357439.22396851 19.72782898 30 44 57
245586.31823730 3357438.62149048 19.95432281 127 135 146
245585.30926514 3357434.25668335 20.26918602 114 136 150
245584.34161377 3357439.54467773 19.97947884 19 23 32
245586.70098877 3357437.80398560 19.86280632 7 16 33
245585.46020508 3357433.62530518 20.71099091 37 64 81
245586.53668213 3357442.82678223 19.82359123 87 98 116
245586.00299072 3357442.34320068 19.79684448 58 63 69
245584.67205811 3357441.58871460 19.95050049 33 42 49
245585.76568604 3357433.35443115 20.70418167 75 119 118
245586.59643555 3357432.72402954 20.41163635 45 65 76
245583.93634033 3357442.99493408 19.76411247 10 15 21
245585.24621582 3357441.92092896 19.90393448 35 43 46
245584.90698242 3357443.10748291 20.39210320 23 36 52
245586.40161133 3357438.45874023 19.97559929 85 100 119
245586.43481445 3357443.52590942 19.84618759 90 100 110
245586.94732666 3357442.39596558 19.85462570 52 61 68
245586.87878418 3357433.17532349 20.38649940 145 167 191
245585.99951172 3357433.60708618 20.69776154 12 25 42
245585.07373047 3357437.27261353 20.28671074 122 137 156
245585.59869385 3357439.27828979 20.29222107 29 38 47
245584.11999512 3357432.90222168 20.48891068 78 87 92
245585.84460449 3357433.20800781 20.73023415 24 52 63
245585.99798584 3357440.04129028 20.16096497 53 70 88
245585.55664063 3357440.50039673 20.35522079 57 75 95
245585.38562012 3357438.49606323 20.44254875 155 175 199
245586.88690186 3357438.96932983 19.66229248 53 60 68
245584.51092529 3357441.63940430 20.08296585 34 44 54
245584.33227539 3357440.48110962 20.47620583 23 67 96
245585.42572021 3357441.07656860 20.23035049 3 8 14
245586.84649658 3357434.34277344 19.72414970 39 48 55
245585.14080811 3357434.36264038 19.84063148 18 25 33
245583.85827637 3357434.31384277 20.43348312 124 140 156
245584.05609131 3357434.25979614 20.56544685 151 167 183
245586.01770020 3357439.32452393 20.22091484 24 31 41
245585.81707764 3357437.46923828 19.75853348 75 86 104
245584.84368896 3357438.09066772 20.68253708 39 67 91
245585.09173584 3357434.28472900 19.89859581 53 60 70
245584.45269775 3357442.92059326 20.93724823 97 106 121
245584.02111816 3357443.02133179 20.54246712 109 117 128
245584.28186035 3357439.74057007 20.23055840 48 57 72
245585.29357910 3357441.04534912 20.35470963 3 7 16
245584.71838379 3357439.23876953 20.33999825 16 20 31
245585.18469238 3357434.22851563 20.53674507 157 174 190
245586.40563965 3357437.55715942 19.89235306 32 50 74
245585.26403809 3357439.75744629 20.50594711 19 27 38
245586.06066895 3357433.95730591 20.67774773 191 207 222
245584.34863281 3357443.59454346 19.62327957 16 17 22
245583.85754395 3357433.08447266 20.93509483 138 147 154
245584.39257813 3357440.89068604 20.46364021 20 34 43
245584.93316650 3357442.23025513 20.39340973 7 12 16
245586.30395508 3357433.20642090 20.64138794 190 218 232
245585.95007324 3357441.07739258 20.02118111 14 22 33
245583.98669434 3357443.10107422 19.70525360 51 54 61
245583.93945313 3357433.06427002 20.94298553 139 149 158
245584.95117188 3357442.54107666 20.89876175 5 12 20
245586.35656738 3357438.44586182 20.12050247 136 160 186
245586.69879150 3357443.27389526 19.94596100 195 204 219
245585.08233643 3357439.83737183 20.39146805 76 104 126
245584.37280273 3357437.63552856 20.99805260 181 207 242
245586.25671387 3357442.75668335 19.80982018 100 108 127
245586.09582520 3357434.31756592 19.78521347 16 23 33
245584.98162842 3357433.09875488 21.13498497 188 216 238
245586.72570801 3357439.62002563 19.88534546 50 55 59
245584.43341064 3357439.06274414 20.00663376 23 32 39
245585.81353760 3357432.90640259 20.74020386 16 37 58
245586.35382080 3357442.31732178 19.77865219 78 88 100
245584.99035645 3357437.68206787 20.49569702 14 35 52
245585.96716309 3357442.05603027 19.64567375 72 79 89
245586.35754395 3357432.47888184 20.26335716 13 21 24
245583.98107910 3357434.11358643 20.85249710 12 21 28
245584.21197510 3357443.70669556 19.63881302 20 23 30
245585.47631836 3357437.35025024 19.72403145 72 84 96
245586.13922119 3357437.20025635 19.68579865 76 88 104
245584.83624268 3357432.62176514 19.86784363 50 56 68
245585.71923828 3357432.58758545 20.41686249 82 95 103
245586.73382568 3357439.31427002 19.76220131 45 50 54
245585.61956787 3357440.02883911 20.32608414 87 106 123
245586.60198975 3357440.92739868 19.78515053 18 22 33
245584.30609131 3357439.76116943 20.26833344 44 54 66
245584.48126221 3357442.05642700 20.37775803 1 6 12
245584.36633301 3357438.50186157 20.59849167 0 13 29
245584.38531494 3357439.64666748 20.21296501 9 18 27
245586.18560791 3357442.93865967 19.81465340 117 128 148
245585.67279053 3357443.70516968 19.70030785 7 11 14
245585.98687744 3357441.77758789 19.64695358 77 85 98
245584.70397949 3357439.79675293 20.36059761 54 78 102
245586.40911865 3357442.41586304 19.79253387 68 80 92
245585.54589844 3357442.38916016 20.08378410 12 25 33
245586.34625244 3357440.91317749 20.23322678 178 191 207
245586.28454590 3357441.53897095 19.71685982 31 40 47
245586.04968262 3357437.19174194 19.67854691 83 96 112
245584.43542480 3357438.02740479 20.94360161 191 228 254
245586.72534180 3357443.88607788 19.66359901 41 49 51
245584.51953125 3357433.10357666 21.14108086 184 198 211
245584.82489014 3357434.38076782 19.81966972 25 35 37
245584.79058838 3357443.27941895 19.84444237 37 41 44
245585.68652344 3357442.46432495 19.99925804 31 48 58
245583.87487793 3357442.79229736 20.03180695 0 0 2
245584.19494629 3357443.83319092 19.66288567 18 21 28
245586.08752441 3357433.78533936 20.69533920 99 106 124
245586.58410645 3357441.84744263 19.75704002 42 51 60
245585.33123779 3357432.57321167 20.04373741 63 72 81
245584.66851807 3357432.90213013 19.89858437 67 73 85
245584.07543945 3357443.40219116 19.61481476 18 23 29
245584.44384766 3357441.70016479 20.16070366 31 43 55
245585.50231934 3357434.39868164 19.77223969 37 44 50
245584.34655762 3357433.02243042 20.17434883 64 69 73
245585.58276367 3357434.28073120 20.15810394 107 123 138
245586.20800781 3357438.02593994 20.10537910 114 130 146
245586.52746582 3357442.41436768 19.81563377 68 78 90
245586.27264404 3357439.16677856 20.00787354 13 18 24
245584.56439209 3357440.03613281 20.41436958 21 50 68
245584.67822266 3357441.03369141 20.45813179 9 14 20
245584.99468994 3357438.89273071 20.22372437 61 77 90
245586.11944580 3357440.42025757 20.23654747 37 54 70
245584.22387695 3357443.54867554 19.61113930 18 19 24
245587.11425781 3357433.60244751 20.04834938 25 32 48
245584.11596680 3357434.26458740 20.47963524 129 146 164
245586.54003906 3357439.32562256 19.96352577 40 47 53
245586.86114502 3357439.90701294 19.76043892 47 51 60
245585.08599854 3357443.10018921 20.66711998 27 51 75
245585.76519775 3357438.58090210 20.26822853 168 189 210
245584.09680176 3357432.95126343 20.11931229 118 128 137
245586.27410889 3357440.47592163 20.30299759 24 40 56
245585.32232666 3357438.67276001 20.26126289 82 102 126
245585.46069336 3357442.62515259 20.35696220 36 50 61
245584.06188965 3357442.87792969 20.03592682 0 0 2
245585.63708496 3357438.64193726 20.14123535 5 13 24
245583.77606201 3357434.22622681 20.77246666 58 70 84
245586.69470215 3357438.41061401 19.69970703 44 53 62
245584.14184570 3357439.63043213 20.05776215 9 16 22
245585.91577148 3357443.85510254 19.63790512 30 33 40
245584.51660156 3357434.45895386 19.79754257 34 39 45
245586.28784180 3357432.94204712 20.63351631 188 216 230
245586.00872803 3357441.07696533 19.80532455 97 104 114
245585.23284912 3357439.11862183 20.20861053 9 16 22
245586.22833252 3357432.70446777 20.56271744 151 169 183
245584.71667480 3357441.12530518 20.35006142 7 10 15
245584.15991211 3357439.58233643 19.96368980 23 31 42
245585.12170410 3357432.97128296 21.03879166 144 169 189
245583.93139648 3357432.76132202 20.00735092 77 81 92
245584.57104492 3357434.27420044 20.23026466 106 122 137
245586.60461426 3357434.23617554 20.26094818 141 153 169
245585.74279785 3357440.55694580 20.28565216 54 71 91
245584.14385986 3357432.89593506 20.58962250 19 24 28
245585.63848877 3357438.03210449 20.18886566 109 126 142
245586.76971436 3357442.60986328 19.89640236 125 138 154
245586.26184082 3357438.29800415 20.20533180 158 186 210
245585.78204346 3357437.97076416 20.04986572 101 119 131
245586.28051758 3357438.41619873 20.21099854 94 121 148
245584.50939941 3357441.33605957 20.12338829 0 6 12
245584.84918213 3357441.81042480 20.01354790 36 47 53
245586.41174316 3357440.50009155 20.28773117 0 11 27
245584.82843018 3357441.16882324 19.99823570 16 19 24
245586.05261230 3357442.33557129 19.79733658 59 66 74
245586.18731689 3357442.70800781 19.80971146 102 110 129
245586.65747070 3357441.54959106 19.71654701 47 54 62
245585.98181152 3357441.28115845 19.62386894 35 40 44
245585.23419189 3357434.16293335 20.79754448 23 30 36
245584.76910400 3357443.13809204 20.35727310 80 88 99
245585.62347412 3357438.05975342 20.22948647 117 134 150
245583.62542725 3357443.79782104 19.64114571 34 41 49
245583.92584229 3357432.83795166 20.72456932 106 110 119
245586.69848633 3357434.19348145 19.78999519 17 24 32
245584.73937988 3357441.57223511 19.91978836 33 43 52
245584.80535889 3357443.13214111 20.35088539 71 79 90
245585.53234863 3357434.28802490 20.38725090 118 137 154
245585.60369873 3357439.53750610 20.33047295 80 95 114
245585.18194580 3357441.71582031 19.85176659 38 47 56
245585.24865723 3357434.26748657 20.00060844 110 120 130
245584.50512695 3357441.43954468 20.06138802 24 31 37
245585.23474121 3357441.78662109 19.86677170 40 49 54
245586.15612793 3357434.27886963 20.35267639 133 147 158
245586.83581543 3357434.04949951 20.06593513 106 119 135
245585.24780273 3357439.24261475 20.27222824 13 23 25
245586.81451416 3357439.91976929 19.80751801 44 49 55
245585.20269775 3357432.84185791 20.56412125 47 54 64
245585.56323242 3357437.89080811 20.05740738 93 114 131
245584.24768066 3357443.10913086 20.79768944 104 113 128
245584.99865723 3357434.09280396 20.74496269 20 25 29
245584.27191162 3357432.93811035 20.47862053 2 3 8
245586.13342285 3357440.79815674 20.36955643 34 47 66
245585.31494141 3357442.05743408 19.92406464 26 34 37
245586.88153076 3357432.55371094 19.99457932 29 34 40
245585.47314453 3357434.28213501 20.34560776 113 134 151
245586.99774170 3357443.61102295 19.68232155 12 15 22
245583.91558838 3357443.57882690 19.60746574 32 35 44
245584.72900391 3357440.55337524 20.52856255 39 67 91
245586.25354004 3357432.52569580 20.37278557 9 16 22
245585.28924561 3357438.61654663 20.37804604 110 131 158
245585.07867432 3357437.30831909 20.13102913 105 122 140
245585.28723145 3357439.41024780 20.35748863 62 71 78
245585.21740723 3357434.08535767 20.96275139 125 138 154
245583.98748779 3357432.74078369 19.96458244 65 68 75
245585.71575928 3357437.81146240 19.91111183 94 112 122
245583.85345459 3357432.88708496 20.77078819 4 8 11
245584.15301514 3357443.05566406 20.49483299 109 113 124
245584.99505615 3357434.04589844 20.78062630 12 20 23
245586.81298828 3357440.77828979 19.66270828 43 52 59
245584.85180664 3357440.58142090 20.52346039 40 70 98
245585.07507324 3357441.31341553 19.75176048 24 33 40
245584.52563477 3357441.48388672 20.00532341 25 36 42
245585.83404541 3357438.61541748 20.14388466 17 27 36
245586.55548096 3357440.66238403 20.08067322 60 74 83
245586.37792969 3357439.07806396 19.93681335 34 41 49
245586.22509766 3357433.54666138 20.66505051 200 222 235
245584.83044434 3357434.24874878 20.29292107 123 139 155
245585.48693848 3357438.47851563 20.40374374 151 176 198
245584.32745361 3357440.90295410 20.45721436 17 34 44
245585.91430664 3357438.00933838 20.08217430 96 114 128
245585.69586182 3357433.17141724 20.75613022 25 53 65
245586.36968994 3357438.74465942 19.86060715 27 35 38
245585.16247559 3357434.18917847 20.60902405 78 90 102
245585.54162598 3357438.78353882 20.03288841 15 20 24
245584.69067383 3357438.23321533 20.81589127 22 53 74
245584.28027344 3357443.11132813 20.63138390 115 125 135
245584.99566650 3357441.17626953 19.77655602 10 18 21
245585.43200684 3357439.10009766 20.20109177 8 17 26
245586.21142578 3357441.03826904 20.18264389 20 23 28
245584.42028809 3357442.01800537 20.34854889 6 13 19
245584.46130371 3357433.54742432 21.17092896 102 134 149
245585.56024170 3357432.49362183 20.12095833 47 54 64
245584.35156250 3357443.08108521 20.82932472 102 112 124
245586.57495117 3357443.39263916 19.91674423 119 127 146
245584.31616211 3357433.81066895 21.09935188 172 199 216
245584.38287354 3357433.93640137 21.09140587 162 183 200
245583.83441162 3357434.22140503 20.76682663 100 114 127
245585.17889404 3357432.82022095 20.42812157 64 73 82
245584.57177734 3357442.36068726 20.66369438 38 41 46
245585.80957031 3357433.01708984 20.74212456 26 53 72
245586.08929443 3357442.42797852 19.81882668 83 89 103
245585.47259521 3357437.50805664 19.79174995 84 102 114
245584.34173584 3357438.50958252 20.56493568 10 32 55
245585.33831787 3357437.61877441 19.97581673 95 116 137
245584.46362305 3357442.19738770 20.50932693 3 8 12
245584.61462402 3357434.26016235 20.67094612 155 169 182
245585.71667480 3357443.48672485 19.73474503 20 21 26
245585.62396240 3357432.59280396 20.36669350 77 87 96
245584.70153809 3357440.69528198 20.55409431 28 46 66
245585.29022217 3357432.90515137 20.80453682 175 183 202
245586.84252930 3357443.83679199 19.67179871 6 13 19
245585.87170410 3357441.95828247 19.63736916 59 66 76
245586.71594238 3357437.75634766 19.84095383 15 23 34
245585.04620361 3357443.11157227 20.11327171 26 33 39
245585.11444092 3357434.06823730 20.92524147 55 62 72
245584.23052979 3357434.00411987 21.01538467 142 159 169
245585.13342285 3357439.13665771 20.23273659 13 23 25
245585.28302002 3357438.64321899 20.33306694 96 117 144
245585.47235107 3357439.74169922 20.43998718 95 110 129
245584.21453857 3357432.89376831 19.88303566 48 54 66
245584.56964111 3357443.06048584 20.86960030 75 87 99
245587.00891113 3357433.49703979 20.25668144 118 151 170
245586.35577393 3357438.53225708 19.96715164 105 118 134
245585.05688477 3357432.89874268 20.63238144 25 30 36
245586.80932617 3357442.29525757 19.90624046 49 62 71
245586.66534424 3357440.23992920 20.09196663 27 36 51
245585.07629395 3357438.69885254 20.31149483 77 95 117
245584.55114746 3357443.11755371 20.21958733 0 2 5
245586.31762695 3357437.86492920 20.06106186 144 152 163
245586.85852051 3357440.75381470 19.65880013 50 57 65
245584.53265381 3357433.88403320 21.14955521 85 108 124
245584.57141113 3357433.11550903 21.14097404 203 211 230
245584.67187500 3357432.94454956 20.89413071 6 9 16
245585.13031006 3357432.55139160 19.94512367 53 59 71
245586.09375000 3357434.29541016 19.83304405 20 27 37
245586.25708008 3357434.29660034 20.17933083 10 19 26
245585.20434570 3357442.31225586 20.38029671 8 13 17
245584.87182617 3357439.34625244 20.34295082 28 33 39
245584.35742188 3357437.48852539 21.02417183 171 201 235
245584.31549072 3357442.54647827 20.89400101 13 18 22
245585.81921387 3357438.85900879 20.05646324 20 24 35
245584.87194824 3357437.14746094 20.27037621 104 115 133
245584.74414063 3357443.26470947 19.85637856 46 50 53
245585.92779541 3357433.93060303 20.73906326 33 51 73
245585.11505127 3357440.70324707 20.49230957 58 88 116
245584.66857910 3357440.70886230 20.55320930 23 42 57
245584.09332275 3357432.89724731 20.76589203 3 7 10
245585.45935059 3357443.00595093 20.00521088 63 85 98
245586.29565430 3357440.75680542 20.33073616 15 30 51
245584.26519775 3357443.11730957 20.77321625 103 113 125
245584.17480469 3357438.50326538 20.47695160 81 120 151
245584.58422852 3357443.15588379 20.74662590 67 76 91
245583.75079346 3357433.35867310 21.00504875 168 189 210
245585.28656006 3357440.20022583 20.50997925 98 124 141
245586.63745117 3357432.77618408 20.42144012 64 87 101
245584.33551025 3357432.97216797 20.43287659 0 0 4
245585.42803955 3357434.24749756 20.73419380 31 44 52
245584.97338867 3357443.12231445 20.13178062 21 30 35
245586.52593994 3357440.70166016 20.11027527 96 110 121
245586.69219971 3357439.35662842 19.81592560 46 51 55
245586.71215820 3357440.83297729 19.71910286 32 39 49
245585.71368408 3357439.16613770 20.23931313 14 19 25
245586.42059326 3357437.72244263 19.98218536 15 39 63
245583.58673096 3357443.62145996 19.62190056 39 46 56
245584.53826904 3357442.15075684 20.45180893 9 12 17
245584.15167236 3357438.66296387 20.12014580 45 62 82
245584.72467041 3357433.58364868 21.13569832 67 78 96
245584.16345215 3357438.82272339 19.97903061 30 44 55
245586.37640381 3357441.27999878 19.70156670 32 36 45
245584.69836426 3357442.25473022 20.51365471 9 12 17
245584.92242432 3357441.38195801 19.77474022 34 43 52
245586.31390381 3357440.38229370 20.29093170 24 41 59
245586.20550537 3357433.00396729 20.67552376 193 216 234
245586.53295898 3357439.13162231 19.85740852 39 48 53
245584.15246582 3357442.99652100 20.38250542 89 94 100
245584.11669922 3357434.28018188 20.23829842 111 127 140
245586.27404785 3357434.27676392 19.92229843 16 22 34
245585.02020264 3357440.61526489 20.51300049 59 90 119
245584.36248779 3357432.96426392 20.50650406 1 2 6
245583.98333740 3357432.87518311 20.09863853 74 81 91
245586.12109375 3357432.42462158 20.33842468 18 23 29
245586.58941650 3357438.82669067 19.74712372 37 46 53
245585.65240479 3357434.28225708 20.11183167 102 118 131
245585.93444824 3357440.26861572 20.16621399 47 64 82
245586.35748291 3357442.23370361 19.77249146 79 89 101
245584.44915771 3357437.84249878 20.97219658 177 217 243
245586.48248291 3357432.54364014 20.27302551 83 90 96
245585.05224609 3357433.20227051 21.14048386 191 227 253
245586.76391602 3357440.37481689 19.86850929 28 36 39
245583.86614990 3357443.59777832 19.60939980 29 33 42
245586.60284424 3357433.39260864 20.46659279 193 216 230
245585.68737793 3357433.82397461 20.76560783 42 69 96
245585.55999756 3357442.76095581 20.13366890 54 76 90
245586.79412842 3357439.69158936 19.80518913 56 61 67
245586.63287354 3357433.44476318 20.45922852 193 219 236
245584.25201416 3357434.18743896 20.76359177 17 24 32
245585.07556152 3357443.91397095 19.69543839 17 20 25
245584.34368896 3357443.73181152 19.64509964 16 17 22
245586.01666260 3357442.06292725 19.65502548 71 79 90
245585.30267334 3357441.10281372 20.23634338 3 6 13
245584.16894531 3357433.72033691 21.02889252 197 220 238
245585.69433594 3357433.91705322 20.81780624 35 69 94
245584.36889648 3357433.96701050 21.07958984 150 169 183
245586.18762207 3357438.64300537 20.08803940 118 130 146
245586.99316406 3357443.11117554 19.80429649 75 81 103
245585.43005371 3357443.03689575 19.98547935 60 78 90
245586.14257813 3357434.28936768 20.13807487 27 38 42
245585.09051514 3357441.26574707 19.74795151 24 33 40
245586.79064941 3357434.08621216 20.13190460 130 146 159
245583.78527832 3357435.66400146 20.24029541 11 52 108
245585.92767334 3357442.14578247 19.68859482 53 62 71
245586.00262451 3357433.27145386 20.70595551 6 14 33
245585.00537109 3357433.49041748 21.14164162 204 226 249
245585.90979004 3357438.73559570 20.04105186 45 47 59
245586.47729492 3357437.01907349 19.69971085 82 91 98
245585.62188721 3357441.58847046 19.73048973 41 50 57
245586.03704834 3357438.68457031 20.08015442 15 19 30
245585.62402344 3357443.11953735 19.84850121 60 63 72
245584.41699219 3357442.84167480 20.96654701 100 110 122
245584.55303955 3357441.59259033 20.03174591 31 44 53
245585.71325684 3357438.78613281 20.03874016 34 41 47
245585.00708008 3357443.73562622 19.68904686 10 13 18
245584.82446289 3357441.77905273 20.00470161 37 50 58
245584.76867676 3357432.61401367 19.85868645 45 51 63
245585.42584229 3357439.29376221 20.28244400 52 62 74
245584.03393555 3357443.81625366 19.65539551 23 28 34
245584.93432617 3357442.24530029 20.41226768 5 10 14
245586.63281250 3357442.69238281 19.84641075 49 57 76
245584.52990723 3357441.36767578 20.07446289 18 23 29
245586.46661377 3357442.61727905 19.81556129 74 86 98
245586.74597168 3357439.43753052 19.78920555 48 53 59
245585.82043457 3357441.08258057 19.97037506 38 47 54
245584.11743164 3357438.88919067 19.92829704 33 43 53
245587.11376953 3357433.32800293 20.16156960 37 50 66
245584.43518066 3357433.73202515 21.15383911 166 192 209
245585.82556152 3357433.49688721 20.68675232 20 54 64
245585.31384277 3357441.50619507 19.74315834 44 54 64
245585.33172607 3357432.71319580 20.26535988 70 78 89
245585.19299316 3357439.52117920 20.42473412 12 22 23
245586.24536133 3357434.37084961 19.73011398 37 41 50
245585.25500488 3357437.57281494 20.08961487 97 115 137
245585.79565430 3357438.62075806 20.14494133 12 21 30
245586.63018799 3357438.49374390 19.71504402 36 46 55
245586.68499756 3357438.84902954 19.70975685 43 52 59
245584.04309082 3357443.02725220 20.91670799 127 136 151
245585.66296387 3357441.80029297 19.71574402 41 50 57
245586.56072998 3357440.92214966 19.82200623 28 32 43
245586.73870850 3357440.01959229 19.95128441 34 44 54
245584.15460205 3357443.24551392 19.67220497 16 17 22
245583.82897949 3357442.74917603 20.11081886 68 75 85
245586.51507568 3357439.75415039 20.21824837 153 162 169
245583.80017090 3357442.76095581 20.86490631 75 88 104
245585.12353516 3357440.22329712 20.47311020 96 125 141
245585.23846436 3357439.88314819 20.49326515 59 78 93
245585.52783203 3357439.41622925 20.33596420 88 101 118
245583.61663818 3357443.08581543 19.70404243 42 49 57
245585.78546143 3357442.22479248 19.75146103 31 40 47
245586.66992188 3357439.61727905 19.96765900 50 58 61
245584.48321533 3357434.27688599 20.16269302 103 119 134
245584.40332031 3357441.23806763 20.24757576 0 13 26
245586.50329590 3357440.78225708 20.08784485 150 164 175
245586.50982666 3357442.42376709 19.80485153 68 78 90
245586.18664551 3357433.75967407 20.66327858 198 220 233
245586.47766113 3357434.26495361 20.27448845 148 162 175
245584.21673584 3357433.16717529 21.06984901 176 191 210
245585.01385498 3357443.18621826 19.96491051 16 15 20
245584.31842041 3357440.50268555 20.47657776 26 70 99
245586.34020996 3357442.62310791 19.80482864 90 102 116
245586.65307617 3357439.59704590 19.97819328 47 55 58
245583.86785889 3357442.79586792 20.25081253 90 100 110
245585.04248047 3357432.89981079 20.61287880 24 29 35
245585.23022461 3357439.63934326 20.48399353 8 17 22
245583.73730469 3357434.93658447 20.29643250 10 36 59
245586.53759766 3357437.78643799 19.97250557 32 49 75
245583.86169434 3357436.37310791 20.30875015 11 61 130
245586.84771729 3357432.63525391 20.16531563 134 148 151
245586.56024170 3357432.51287842 20.19831085 43 46 53
245586.82940674 3357439.52600098 19.74010658 57 64 72
245584.82672119 3357437.32263184 20.61821175 13 31 51
245586.93231201 3357443.33761597 19.87670708 132 139 158
245586.95391846 3357433.76916504 20.28487778 151 179 200
245586.11828613 3357433.40963745 20.70497513 185 202 220
245585.75610352 3357432.64489746 20.54490471 124 136 148
245585.79473877 3357438.90859985 20.08293343 14 18 27
245586.66778564 3357434.18768311 19.87800789 96 106 115
245586.05328369 3357432.50369263 20.41970444 10 14 23
245584.01202393 3357433.15863037 20.97027397 163 179 194
245586.71130371 3357442.35101318 19.91721344 58 70 82
245586.20111084 3357440.15786743 20.21366310 41 59 79
245584.54235840 3357433.95263672 21.10451126 147 166 181
245587.15246582 3357432.40554810 19.81134033 60 69 76
245587.03875732 3357432.61151123 19.95536613 54 61 67
245584.91516113 3357434.12112427 20.69880486 26 37 43
245586.70574951 3357439.57794189 19.89420128 51 56 60
245586.09399414 3357441.43881226 19.68525505 36 43 49
245586.78149414 3357442.63864136 19.88252068 148 164 179
245585.22656250 3357440.23834229 20.50331879 109 138 154
245586.48809814 3357439.28265381 19.97535515 27 32 36
245584.31616211 3357443.87811279 19.67285347 12 13 18
245583.77874756 3357442.85043335 20.69175911 46 62 78
245584.07226563 3357442.99545288 20.93235970 125 135 147
245585.85046387 3357437.69540405 19.85591888 92 110 130
245586.44812012 3357442.32839966 19.79024506 63 75 89
245586.94226074 3357433.94000244 20.09023094 130 146 162
245584.53625488 3357433.44125366 21.15680313 10 33 47
245586.22839355 3357438.54751587 20.16599083 141 157 182
245586.07757568 3357432.63659668 20.55226326 159 172 181
245584.25372314 3357442.85208130 20.98003197 106 116 126
245585.37597656 3357433.03030396 20.83360481 15 36 55
245587.00262451 3357432.47744751 19.86734390 57 66 73
245586.52416992 3357441.14205933 19.76004982 26 30 39
245583.32373047 3357443.79254150 19.58542442 32 34 46
245584.62072754 3357441.96398926 20.22571564 20 27 33
245583.98834229 3357443.06961060 19.72371674 38 41 48
245585.26342773 3357432.61535645 20.03705978 73 82 91
245584.00256348 3357434.28063965 20.36909866 121 137 152
245586.16400146 3357434.23348999 20.45550728 176 193 209
245585.46026611 3357434.28845215 20.49921989 115 132 148
245584.60308838 3357433.94754028 21.11153984 149 167 181
245584.84912109 3357434.02746582 20.88508797 8 16 19
245585.89331055 3357432.90942383 20.73719978 3 21 43
245586.85272217 3357438.53210449 19.66692734 46 55 62
245586.40521240 3357437.41021729 19.79123688 100 115 134
245585.25604248 3357433.55255127 20.93524933 23 49 72
245586.08520508 3357438.90466309 20.02481461 7 17 26
245586.09429932 3357440.13031006 20.16844177 48 64 87
245584.35998535 3357433.71966553 21.11601067 177 203 220
245586.76104736 3357433.51419067 20.40958977 184 216 231
245584.84887695 3357438.65884399 20.39691353 94 119 149
245586.61364746 3357440.98721313 19.74035454 28 35 45
245586.11889648 3357439.07583618 20.04603004 19 26 32
245585.11700439 3357434.27902222 19.90876198 58 65 75
245585.32299805 3357433.74468994 20.88162613 35 57 80
245584.90649414 3357433.09436035 21.13202095 205 220 241
245586.30291748 3357434.41131592 19.71296120 43 47 56
245585.95855713 3357434.28240967 20.09233284 16 25 32
245586.57324219 3357441.15243530 19.72483063 32 39 47
245584.71478271 3357442.44488525 20.73435974 7 6 11
245585.26220703 3357437.61853027 20.16944313 99 117 137
245584.59649658 3357443.10040283 20.84211349 73 85 99
245585.05169678 3357438.18148804 20.60670853 32 53 84
245585.49621582 3357434.26547241 19.93939400 78 89 95
245584.79608154 3357441.15426636 20.25707054 4 7 12
245584.14996338 3357433.41500854 21.01414490 183 208 228
245583.85284424 3357434.30288696 20.51974487 124 140 156
245584.16180420 3357432.84817505 19.89770508 45 52 62
245584.30792236 3357438.51425171 20.53386879 10 32 55
245586.54669189 3357440.86752319 19.90819550 14 18 27
245586.82946777 3357443.85379028 19.66650391 6 13 19
245586.50720215 3357440.31909180 20.26760674 121 129 150
245584.29058838 3357432.95010376 20.45678711 7 8 12
245585.51525879 3357440.41894531 20.39717293 64 81 101
245584.83282471 3357438.71295166 20.28018188 71 95 121
245583.74304199 3357442.77951050 19.92793655 0 0 2
245584.35266113 3357432.97171021 19.87043381 92 96 107
245585.13360596 3357442.61901855 20.90512657 55 71 86
245585.65582275 3357439.09439087 20.20370865 18 21 28
245583.36804199 3357443.47369385 19.60604858 39 47 58
245585.66583252 3357441.72644043 19.71914482 44 53 62
245586.79144287 3357439.28884888 19.71587944 48 55 61
245586.52941895 3357433.83578491 20.55677986 191 215 239
245586.13568115 3357437.47274780 19.80831528 91 112 131
245585.63043213 3357439.09902954 20.20706749 16 21 25
245584.97418213 3357434.46432495 19.78343964 34 45 49
245584.86102295 3357432.93447876 20.75485229 15 18 25
245584.52972412 3357434.27410889 20.23663521 112 128 143
245585.10644531 3357432.86920166 20.61082077 30 35 41
245584.01806641 3357432.90209961 20.29582787 133 143 153
245584.68035889 3357432.95477295 21.01362801 5 8 15
245585.04962158 3357443.18676758 19.95138168 25 26 30
245585.66735840 3357437.38494873 19.72478676 72 84 100
245584.38964844 3357438.53674316 20.55451393 69 103 131
245584.62445068 3357440.58386230 20.54316902 21 46 66
245584.52764893 3357432.96127319 20.52820587 0 1 6
245583.84667969 3357434.34216309 20.28764725 124 138 147
245586.79785156 3357434.07492065 20.09937096 111 127 140
245585.31164551 3357434.15121460 20.93634605 62 68 80
245583.86401367 3357442.60647583 21.01373482 79 83 92
245586.92370605 3357432.76669312 20.23945236 91 109 123
245584.94042969 3357443.17901611 20.00367737 9 10 14
245583.79418945 3357434.35113525 20.39113045 125 141 154
245586.86370850 3357439.27050781 19.68534851 55 62 70
245584.12799072 3357434.28070068 20.15657425 112 126 137
245585.94006348 3357442.82388306 19.86293411 112 116 127
245586.17291260 3357443.31542969 19.78034973 49 52 61
245587.04736328 3357432.37194824 19.80713463 63 73 82
245586.49414063 3357440.36450195 20.27061844 114 120 142
245586.40783691 3357432.87509155 20.57365990 187 213 226
245585.05462646 3357441.80990601 19.93729782 39 48 55
245586.16748047 3357439.27499390 20.13230896 23 30 36
245586.02301025 3357440.00326538 20.16236877 48 65 85
245585.55865479 3357443.09381104 19.87467957 63 67 79
245584.49304199 3357439.25439453 20.00323105 39 52 68
245586.54840088 3357432.69869995 20.40800095 104 121 131
245585.62530518 3357439.38110352 20.34042549 67 77 89
245586.85491943 3357443.92453003 19.63731956 26 34 37
245584.18011475 3357439.21356201 19.77579689 31 42 48
245586.25469971 3357437.35110474 19.75489807 89 105 121
245585.92169189 3357439.10342407 20.13483238 6 13 21
245584.62585449 3357443.61215210 19.65073013 9 13 16
245584.44897461 3357443.14431763 20.64476204 117 127 139
245586.45654297 3357438.66931152 19.79656982 32 41 48
245585.56304932 3357442.10516357 19.83718109 34 43 50
245584.64843750 3357441.19689941 20.24083328 1 5 14
245585.93316650 3357442.83959961 19.86522675 112 116 127
245584.06695557 3357432.90322876 20.37924004 144 154 163
245584.56591797 3357441.27191162 20.13698196 17 24 30
245584.25567627 3357432.95172119 20.80757713 6 9 14
245584.84558105 3357433.86221313 21.12779617 67 80 99
245584.52551270 3357439.27978516 20.16821289 55 69 82
245585.40789795 3357442.96145630 20.13141632 55 91 107
245586.56854248 3357441.17031860 19.72450638 34 43 50
245583.74737549 3357442.76550293 20.63157082 34 50 66
245584.81433105 3357432.95989990 20.22152710 81 88 96
245584.15863037 3357438.73681641 20.02866745 39 49 61
245586.31530762 3357437.17529297 19.70532227 132 144 158
245586.42449951 3357438.69549561 19.81991959 34 43 50
245584.21093750 3357437.37484741 20.99633789 178 211 246
245585.66534424 3357443.71636963 19.69781494 7 11 14
245585.76898193 3357443.20751953 19.77079964 32 30 35
245585.89593506 3357439.76403809 20.24205017 75 94 109
245583.89373779 3357434.47009277 19.93275261 21 28 34
245584.19500732 3357443.50173950 19.60847282 18 18 26
245585.43444824 3357439.54074097 20.40039635 92 105 121
245585.83367920 3357443.56942749 19.71847153 15 16 21
245585.08758545 3357432.87582397 20.49947548 39 42 51
245583.98388672 3357432.91720581 20.79417801 5 9 12
245585.19329834 3357438.55340576 20.53108978 160 184 210
245585.85858154 3357442.83731079 19.90591431 77 83 95
245585.01318359 3357432.95117188 21.03255844 166 182 197
245584.40161133 3357437.69082642 20.98435974 178 207 239
245586.30322266 3357441.86480713 19.74541283 73 82 97
245585.31286621 3357434.26177979 20.13912010 107 121 134
245586.74273682 3357440.77398682 19.70714951 31 38 48
245584.94976807 3357439.37170410 20.32286263 35 43 46
245585.87530518 3357441.07623291 20.20821190 6 10 19
245585.43579102 3357432.63455200 20.23478317 59 68 77
245585.43988037 3357440.01470947 20.48818207 102 119 135
245586.99182129 3357433.97732544 19.91357803 64 71 87
245587.13696289 3357433.31790161 20.13048172 30 42 56
245586.00555420 3357434.14532471 20.58925438 182 198 214
245584.54034424 3357434.27575684 20.55597305 156 167 185
245585.46337891 3357433.82131958 20.85088539 44 70 95
245586.25646973 3357443.94107056 19.59973145 11 14 19
245584.79522705 3357437.61340332 20.64920998 21 43 56
245585.39459229 3357440.16433716 20.52023888 22 39 55
245585.38366699 3357442.94543457 20.18322372 61 94 111
245586.17327881 3357438.28591919 20.22731781 173 199 224
245586.33477783 3357434.14843750 20.51928902 172 198 215
245585.66174316 3357443.94265747 19.61738968 10 13 18
245584.62139893 3357434.28152466 20.02004051 102 115 124
245585.53155518 3357434.06195068 20.93706322 47 71 97
245583.80004883 3357442.74523926 20.32097626 33 46 63
245584.50421143 3357437.92147827 20.93581009 169 211 236
245585.67877197 3357441.87570190 19.70594406 40 47 55
245585.30895996 3357433.87875366 20.99241066 22 48 71
245583.90051270 3357433.31091309 20.94404602 172 194 215
245586.88183594 3357443.49426270 19.82543373 33 36 45
245584.96484375 3357443.11883545 20.15652847 28 37 44
245583.79388428 3357442.84265137 19.85530663 3 6 11
245584.67309570 3357440.08993530 20.43401718 29 62 81
245583.75384521 3357442.70913696 20.14671516 86 95 112
245584.55346680 3357434.44805908 19.79718590 29 34 38
245586.84558105 3357434.08746338 19.91164207 147 161 172
245586.73645020 3357444.04025269 19.60631943 35 42 48
245585.08331299 3357439.81628418 20.39253807 76 104 126
245584.17254639 3357434.27676392 20.02610588 107 120 128
245586.91131592 3357442.77572632 19.85853577 155 172 188
245585.87066650 3357434.30853271 20.28298759 131 143 155
245584.85437012 3357432.85626221 19.95915985 89 97 108
245584.48492432 3357443.13000488 20.52439880 114 118 130
245586.55187988 3357438.00305176 20.00866699 94 109 132
245584.53454590 3357438.64804077 20.34689713 85 112 142
245585.93469238 3357441.31738281 19.63684273 35 40 46
245584.48138428 3357434.27792358 20.03362465 108 120 134
245584.52178955 3357439.13439941 20.07250214 55 68 77
245586.13775635 3357442.78347778 19.82986069 106 114 133
245586.20788574 3357437.84762573 20.02961159 130 139 154
245584.24359131 3357438.71069336 20.06918907 33 50 66
245585.04162598 3357443.10958862 20.82851601 16 38 61
245586.00463867 3357434.27645874 20.03082848 23 32 41
245583.46667480 3357443.66650391 19.61682320 36 45 54
245585.87237549 3357442.46520996 19.86439514 28 31 40
245586.75927734 3357440.26635742 19.88187218 18 27 36
245586.82153320 3357443.37615967 19.91468430 42 49 67
245586.03704834 3357441.05343628 20.24271774 13 16 25
245583.88403320 3357432.83203125 20.33137894 91 99 110
245585.51928711 3357437.49478149 19.78021622 80 98 110
245586.22363281 3357437.75613403 19.98480415 125 134 151
245583.77722168 3357442.82055664 20.59864426 31 44 61
245586.20959473 3357434.27871704 19.88676453 16 20 31
245585.42004395 3357439.77069092 20.48581123 90 103 119
245584.80224609 3357437.56777954 20.64229393 22 42 53
245585.01202393 3357434.24688721 20.38632202 119 137 151
245586.24560547 3357437.80703735 20.01737022 131 140 155
245584.72033691 3357441.79568481 20.07098770 34 43 50
245587.21264648 3357432.81100464 20.00076485 61 65 74
245585.30230713 3357442.83825684 20.62376785 65 96 117
245585.23742676 3357443.63507080 19.71889877 11 12 16
245583.78796387 3357433.39590454 20.99170494 167 189 210
245585.84155273 3357442.21572876 19.72377205 57 66 73
245585.00335693 3357432.91082764 20.79080582 20 25 31
245587.21917725 3357432.97937012 20.05792427 40 47 55
245585.12872314 3357439.77441406 20.42164993 68 91 109
245586.30010986 3357433.47668457 20.64281464 193 219 232
245586.02343750 3357440.38427734 20.21579170 35 50 71
245586.53204346 3357437.74511719 19.95383835 25 42 68
245585.25543213 3357433.89993286 21.05436134 20 50 74
245584.67846680 3357439.54663086 20.37460518 70 91 110
245586.50933838 3357434.26022339 20.02682114 70 79 86
245584.34490967 3357433.60964966 21.10721588 208 235 254
245584.65344238 3357442.25942993 20.52705383 16 19 24
245584.25042725 3357434.28750610 19.90089989 22 33 39
245586.62133789 3357439.09002686 19.77545166 42 49 55
245584.71044922 3357433.12942505 21.13080978 200 208 227
245586.46588135 3357443.50967407 19.85908508 90 100 110
245585.47601318 3357442.34759521 20.12014771 8 19 25
245585.79241943 3357443.95239258 19.59357452 20 23 28
245586.40783691 3357440.97244263 20.05748367 92 100 103
245584.30163574 3357434.27520752 20.22544289 107 123 136
245586.52746582 3357432.93609619 20.51480484 188 211 227
245585.96258545 3357433.94412231 20.72202110 23 40 60
245584.98913574 3357439.73092651 20.35494804 66 94 116
245584.14752197 3357442.53350830 20.95918083 28 31 36
245585.09088135 3357438.73849487 20.24512482 62 80 102
245584.77728271 3357432.95941162 20.43836021 0 0 0
245583.90844727 3357433.70117188 20.97010231 178 199 218
245585.61456299 3357438.83840942 20.06569099 27 30 35
245585.91406250 3357432.46856689 20.39093018 24 32 35
245585.05279541 3357440.52047729 20.49037743 54 88 116
245585.59375000 3357438.01519775 20.19351387 103 122 137
245584.47320557 3357437.22994995 20.88827133 23 50 69
245584.42407227 3357443.06634521 19.96387100 13 14 19
245586.32385254 3357443.04501343 19.83522415 93 105 121
245584.93798828 3357437.50271606 20.53598022 11 33 44
245585.72753906 3357443.66482544 19.70451546 10 11 15
245585.92529297 3357441.49291992 19.67919731 44 54 63
245584.93365479 3357440.43331909 20.48561096 49 85 111
245584.87896729 3357442.68902588 20.96910286 94 103 118
245585.28765869 3357442.27325439 20.20770645 9 17 20
245586.10961914 3357437.81185913 19.99068451 113 126 142
245584.87322998 3357442.62835693 20.94375992 20 24 33
245584.43756104 3357439.30285645 19.75415230 26 40 53
245586.71661377 3357440.41217041 19.94036865 15 24 33
245584.61981201 3357440.19186401 20.46307755 28 60 83
245585.42028809 3357434.05395508 20.97759819 60 80 104
245586.47265625 3357440.82482910 20.10969925 173 187 198
245585.40240479 3357438.80868530 20.06219673 31 44 52
245584.80505371 3357437.32052612 20.63858795 11 32 51
245585.48284912 3357439.32449341 20.29872894 58 70 82
245587.01843262 3357443.42810059 19.75018501 57 64 72
245585.91998291 3357433.79888916 20.73091316 39 58 75
245585.65545654 3357433.71176147 20.72762108 48 75 92
245586.65991211 3357441.66030884 19.73245049 53 60 66
245586.79595947 3357443.45230103 19.89732361 23 26 41
245586.01269531 3357434.27294922 20.34470940 128 142 155
245584.77130127 3357433.00439453 21.11019135 218 228 240
245584.71075439 3357437.45166016 20.72820663 15 34 49
245586.97222900 3357433.89889526 20.12255669 134 151 169
245586.98443604 3357441.65637207 19.66193199 67 71 80
245585.78479004 3357438.40887451 20.31742287 127 149 172
245584.00427246 3357433.26913452 20.97192383 174 195 216
245584.59222412 3357439.79345703 20.34343719 21 42 59
245586.61132813 3357434.22067261 20.09570313 128 138 148
245585.73614502 3357432.92111206 20.73156929 26 48 72
245586.09155273 3357439.23547363 20.13260078 29 33 42
245584.98278809 3357432.90374756 20.51930428 11 12 17
245584.47778320 3357442.51281738 20.85991478 4 8 11
245585.82312012 3357443.71887207 19.68671417 23 24 29
245584.29223633 3357443.05899048 19.86981201 9 12 17
245585.00787354 3357432.66885376 19.93906212 52 58 70
245584.29809570 3357433.01898193 20.15360451 99 104 110
245584.95385742 3357442.90151978 20.97094154 75 92 112
245586.39221191 3357434.26638794 19.92868996 4 13 20
245585.59600830 3357437.84417725 19.98554420 96 115 129
245585.98474121 3357434.18649292 20.51070213 152 170 190
245585.06042480 3357440.63061523 20.50411415 60 91 120
245584.86987305 3357442.01129150 20.16061592 22 30 32
245584.37829590 3357443.19030762 19.75166893 35 36 40
245585.10845947 3357438.51217651 20.58911896 98 119 148
245584.54815674 3357438.74920654 20.15416527 53 69 94
245583.91833496 3357434.46636963 19.90726471 23 32 37
245584.32897949 3357443.51809692 19.62163734 17 18 23
245585.44885254 3357443.17553711 19.84736633 22 25 32
245583.74743652 3357434.40081787 20.26577950 50 63 69
245586.78045654 3357437.55230713 19.75673294 39 43 52
245585.71215820 3357438.08294678 20.20812988 113 129 144
245585.40991211 3357437.80706787 20.11893845 92 110 132
245584.21771240 3357439.64334106 19.99838829 15 22 32
245584.55078125 3357432.96105957 20.50082588 0 0 4
245586.62701416 3357443.18066406 19.92160416 107 116 131
245584.72290039 3357442.48385620 20.79849815 4 8 11
245585.26336670 3357443.18878174 19.90065384 9 12 17
245587.18768311 3357433.13699341 20.08782196 42 50 61
245586.36236572 3357437.22067261 19.70302391 131 144 160
245584.83349609 3357438.49874878 20.72709274 132 163 184
245584.18872070 3357434.24679565 20.71081352 104 118 129
245585.07421875 3357443.06274414 20.36204529 63 83 107
245586.82385254 3357443.86935425 19.66109657 4 12 15
245586.74780273 3357439.72216797 19.87364769 50 54 63
245585.75201416 3357438.52740479 20.30722427 124 145 166
245584.49536133 3357441.87551880 20.22236061 23 32 39
245586.74530029 3357439.49282837 19.80723000 47 52 56
245584.26220703 3357437.55862427 21.03119850 128 147 180
245584.63757324 3357437.27426147 20.79644775 12 34 48
245585.40148926 3357433.91778564 20.96322250 31 57 80
245585.41912842 3357437.98461914 20.30375099 109 126 144
245585.14880371 3357443.03408813 20.39497948 55 79 103
245586.45745850 3357438.55932617 19.82612801 12 21 28
245585.39263916 3357432.68328857 20.29714775 62 70 81
245584.26916504 3357433.01687622 19.97946167 97 104 114
245586.17687988 3357437.68118286 19.93482018 117 133 149
245586.15527344 3357440.59939575 20.30677605 31 48 66
245586.76568604 3357442.83566284 19.86778259 27 35 54
245586.18292236 3357443.67251587 19.73373604 14 15 20
245586.21697998 3357432.98992920 20.66934967 191 214 232
245586.13317871 3357440.41879272 20.23756409 40 57 73
245585.75201416 3357440.93560791 20.36635780 50 62 74
245585.86871338 3357442.42846680 19.85629654 28 31 40
245586.40032959 3357443.68444824 19.75447083 16 15 20
245585.92559814 3357438.42724609 20.28699684 142 168 191
245585.17724609 3357442.99987793 20.85739899 33 58 80
245584.63812256 3357438.68701172 20.28847885 83 104 133
245586.57446289 3357441.95324707 19.77201080 44 54 64
245585.95361328 3357434.23208618 20.43206215 166 183 203
245584.90551758 3357440.57397461 20.51689339 41 72 101
245584.25952148 3357434.27090454 20.02912331 108 120 132
245585.95074463 3357441.59487915 19.66998100 43 53 63
245584.05072021 3357443.02023315 19.77217484 9 14 18
245586.30346680 3357442.03576660 19.75463486 72 81 98
245586.36291504 3357442.00891113 19.75930786 81 90 107
245585.25769043 3357440.92868042 20.43193245 30 44 57
245585.90283203 3357441.48318481 19.68071175 42 52 61
245586.26135254 3357439.93997192 20.24303436 50 67 85
245585.49359131 3357437.18777466 19.67126656 80 90 102
245586.91473389 3357433.80377197 20.33614349 153 179 202
245585.61639404 3357438.19647217 20.32647514 108 126 140
245585.18798828 3357442.81811523 20.90587807 46 72 95
245584.69958496 3357440.32217407 20.48500252 43 79 103
245585.33923340 3357433.67935181 20.82095337 27 49 70
245586.04516602 3357438.95202637 20.04653740 5 14 23
245585.62689209 3357441.36392212 19.70672035 35 45 54
245586.44891357 3357438.60498047 19.81915283 13 22 27
245586.19232178 3357443.85858154 19.64746666 24 27 34
245584.03839111 3357438.83596802 19.94436836 34 43 50
245586.49395752 3357438.18572998 20.02352333 46 63 81
245585.01739502 3357440.16934204 20.44208527 59 92 109
245586.02648926 3357443.19790649 19.76818657 54 58 67
245583.75854492 3357433.07437134 20.94674492 160 167 177
245585.78021240 3357438.10757446 20.19974136 116 134 148
245585.23388672 3357438.50460815 20.54741859 169 189 213
245586.23455811 3357437.02770996 19.69320869 94 106 120
245586.64733887 3357434.30215454 19.72105026 44 51 59
245586.12030029 3357437.57513428 19.86545181 106 127 144
245585.74511719 3357441.09063721 20.14026642 2 9 17
245585.78265381 3357441.66397095 19.68402290 49 58 67
245586.45532227 3357432.61450195 20.36308098 149 164 171
245586.32855225 3357442.21673584 19.76788712 76 88 100
245586.65093994 3357440.45111084 20.06028748 8 17 26
245586.49078369 3357440.09506226 20.27030754 121 132 154
245585.00262451 3357443.68338013 19.69001007 13 14 18
245586.99768066 3357443.55239868 19.71393013 13 16 23
245584.83282471 3357440.10504150 20.42440033 59 95 117
245584.42163086 3357437.23162842 20.90149689 83 111 135
245585.18292236 3357440.99676514 20.45822144 10 18 31
245584.73834229 3357443.14620972 20.11729813 9 10 14
245585.52630615 3357441.80050659 19.76510429 44 51 59
245585.97375488 3357437.08639526 19.67030144 99 112 128
245586.93231201 3357442.47171021 19.87429619 40 57 64
245586.76409912 3357434.13873291 19.84123993 77 90 96
245585.41461182 3357442.37899780 20.24177361 37 46 51
245584.56427002 3357438.77911377 20.13900948 63 79 102
245585.99676514 3357433.56491089 20.69754219 13 29 45
245584.86895752 3357440.92199707 20.53697586 21 31 43
245585.58605957 3357443.46649170 19.74020958 20 20 22
245584.05108643 3357432.89297485 20.43896484 146 155 162
245586.02349854 3357438.14416504 20.18824005 95 116 133
245584.34143066 3357443.22943115 19.71134567 11 12 17
245584.84674072 3357441.23852539 19.79666519 19 28 33
245586.88513184 3357433.64453125 20.36241341 171 208 227
245585.88958740 3357433.45181274 20.69070816 21 50 58
245585.08197021 3357432.87179565 20.34743500 72 80 93
245584.17968750 3357438.44262695 20.56504250 0 7 23
245585.21710205 3357441.12411499 20.20059967 28 31 38
245585.00823975 3357443.09674072 20.49214745 30 48 70
245586.93518066 3357439.65875244 19.68700218 59 66 74
245584.68011475 3357438.20596313 20.81438446 20 51 72
245584.51647949 3357439.46572876 20.32209969 35 49 60
245586.21105957 3357443.05346680 19.80981827 121 129 148
245586.71099854 3357441.63226318 19.71679878 55 62 68
245585.05810547 3357434.48379517 19.76389122 31 42 46
245585.34771729 3357440.54400635 20.46198654 10 27 47
245584.93493652 3357441.71301270 19.92687607 37 48 54
245584.96502686 3357443.30526733 19.82945061 38 39 44
245585.60083008 3357437.50387573 19.77601433 81 98 116
245584.65032959 3357434.16482544 20.74278069 23 36 42
245585.49401855 3357443.73004150 19.70480347 13 14 18
245585.77563477 3357441.65499878 19.68617439 48 57 66
245585.14739990 3357442.10440063 20.07789421 30 35 39
245584.00817871 3357442.92645264 20.37255859 94 98 107
245586.75952148 3357437.51074219 19.74781609 37 44 50
245584.89630127 3357434.23239136 20.48188019 152 169 185
245585.23150635 3357439.08154297 20.19453812 9 14 20
245585.04412842 3357432.82696533 20.07667732 97 107 117
245586.80914307 3357437.11511230 19.64169121 103 107 116
245585.29852295 3357432.94308472 20.86661530 166 177 197
245584.39147949 3357433.89355469 21.10464478 161 184 200
245585.62493896 3357437.72402954 19.87083626 79 101 112
245585.21423340 3357442.26458740 20.26049232 7 15 18
245586.78991699 3357439.96997070 19.84292984 32 39 49
245584.47552490 3357439.90869141 20.35656738 38 60 74
245586.92218018 3357441.49264526 19.63543701 68 75 81
245585.86682129 3357443.63488770 19.70343208 14 15 20
245584.90600586 3357440.25769043 20.45246506 57 93 117
245585.77313232 3357434.39459229 19.77143097 26 36 45
245584.16589355 3357433.02108765 20.99205971 71 80 87
245585.76281738 3357434.26480103 19.96681786 53 63 72
245583.72326660 3357443.00311279 19.74631691 6 13 23
245583.67285156 3357442.79156494 19.88989067 3 6 11
245584.63366699 3357443.16619873 20.70027924 100 110 122
245585.33361816 3357437.44601440 19.82115364 93 109 124
245584.70977783 3357438.01699829 20.77662468 30 58 80
245586.63769531 3357434.06546021 20.42864799 165 187 211
245586.18817139 3357438.27087402 20.21621132 165 191 214
245584.63183594 3357433.83169556 21.14861488 74 93 108
245585.28656006 3357434.14413452 20.91938782 62 68 80
245585.98339844 3357432.42730713 20.36556435 20 25 31
245586.52941895 3357439.48437500 20.07711792 37 48 52
245584.03857422 3357438.67242432 20.05287361 32 49 69
245584.60516357 3357434.27493286 20.52665329 163 176 193
245584.94873047 3357441.04028320 20.50047874 10 14 23
245585.71765137 3357438.54830933 20.29323006 168 189 210
245586.51324463 3357438.22109985 19.99153709 71 84 101
245584.93408203 3357438.32534790 20.70710945 33 65 90
245584.28979492 3357443.18814087 19.72515869 23 24 29
245585.11175537 3357440.20104980 20.46989250 96 125 141
245584.93212891 3357443.61639404 19.69154167 12 13 18
245585.83477783 3357432.91711426 20.73954773 12 33 54
245583.92108154 3357432.67315674 19.96716881 14 15 19
245586.33209229 3357440.88302612 20.25852966 142 155 172
245586.63562012 3357443.29721069 19.93990517 131 140 157
245586.71911621 3357441.12951660 19.65668488 46 55 64
245585.35583496 3357437.36840820 19.73986816 78 90 104
245586.66632080 3357433.55993652 20.45787239 186 215 233
245586.43566895 3357441.27279663 19.72718239 29 36 42
245585.73449707 3357433.31896973 20.72277260 125 167 166
245585.44873047 3357439.23760986 20.26008415 20 28 39
245585.04895020 3357441.11285400 20.41141701 20 23 28
245583.40917969 3357443.69982910 19.60486984 37 44 54
245585.64984131 3357437.75253296 19.88069725 85 107 118
245584.88323975 3357439.41934204 20.33102989 24 35 39
245584.32379150 3357434.27041626 19.94883156 59 69 78
245585.30554199 3357438.28753662 20.53636169 125 133 152
245584.66314697 3357441.15682983 20.28452301 2 5 10
245585.33398438 3357437.40847778 19.76903915 73 86 102
245586.38153076 3357433.72589111 20.59888077 188 219 239
245584.31939697 3357434.10076904 20.86329651 12 22 24
245586.11932373 3357439.25769043 20.13260651 55 58 65
245585.87915039 3357442.66146851 19.90947723 71 70 78
245584.31500244 3357432.96429443 20.94703674 1 4 9
245585.59497070 3357432.47497559 20.12512207 50 57 67
245584.80120850 3357442.34286499 20.57794762 13 16 23
245583.74816895 3357433.23550415 21.00190544 168 186 206
245586.34222412 3357437.34603882 19.75643158 109 126 144
245585.31384277 3357442.68023682 20.71066856 29 58 76
245584.47869873 3357437.89587402 20.95497704 181 223 248
245586.53033447 3357437.25015259 19.68366623 20 31 35
245584.23858643 3357433.65481567 21.04920959 195 217 238
245585.88641357 3357438.13882446 20.19583321 102 121 136
245586.56384277 3357440.05108643 20.24804115 60 71 91
245585.77844238 3357442.08514404 19.68014526 36 43 51
245585.80187988 3357434.27099609 20.01979065 24 37 46
245584.73834229 3357440.01260376 20.40991211 65 96 117
245584.91143799 3357440.88296509 20.54771423 26 39 56
245584.47174072 3357442.92492676 20.93253899 86 98 110
245586.30383301 3357440.00646973 20.25134087 40 57 77
245585.74737549 3357442.52813721 19.97619438 23 36 45
245587.18365479 3357432.40826416 19.81564331 65 72 80
245585.75012207 3357434.27038574 20.01365852 66 79 87
245584.99969482 3357432.91204834 20.81264877 17 20 27
245584.36444092 3357439.88949585 20.32673454 36 53 69
245584.56781006 3357434.27484131 20.32703972 116 132 148
245585.93640137 3357439.56887817 20.28641891 54 68 81
245584.46911621 3357438.40267944 20.81556320 106 127 144
245586.42285156 3357441.57086182 19.72313309 40 47 55
245586.25946045 3357438.46829224 20.20764542 117 143 168
245586.44995117 3357434.27725220 20.07207870 16 21 27
245584.35998535 3357438.59902954 20.40583611 98 131 162
245584.97436523 3357437.61437988 20.50213814 13 35 48
245584.63708496 3357434.17681885 20.73928833 17 30 36
245583.85809326 3357442.67254639 20.99134636 100 106 118
245585.71386719 3357441.09893799 20.01606369 4 11 17
245586.21893311 3357434.28298950 20.33415031 106 118 130
245585.13183594 3357434.27932739 20.22345924 113 132 146
245583.74774170 3357432.68136597 20.66374969 105 115 127
245586.81323242 3357441.92590332 19.75911140 50 59 66
245585.69580078 3357443.34545898 19.73687553 28 32 35
245584.28253174 3357437.72433472 21.03426552 166 195 229
245587.03631592 3357442.46762085 19.79786873 55 66 72
245584.87237549 3357432.93566895 20.47753143 0 0 4
245585.35675049 3357439.86038208 20.52530098 27 39 51
245583.86834717 3357433.89727783 20.99850845 169 188 205
245585.17785645 3357432.80706787 20.29505157 76 85 94
245585.05126953 3357434.27453613 20.29058647 120 139 154
245586.02703857 3357444.02716064 19.52721786 13 17 26
245585.31903076 3357443.14181519 19.92265511 15 20 26
245585.44628906 3357434.28369141 20.50867081 114 133 148
245583.96032715 3357433.93283081 21.00259781 183 200 216
245586.89959717 3357443.88378906 19.63163376 27 35 38
245583.46002197 3357443.53753662 19.61820030 41 49 60
245586.80792236 3357437.68945313 19.77639389 38 41 48
245584.41455078 3357439.39587402 19.81485176 33 41 52
245585.34436035 3357443.55828857 19.73036003 16 17 19
245586.02233887 3357439.99499512 20.16403198 51 68 88
245584.47894287 3357441.48376465 20.06698418 20 29 34
245587.03350830 3357433.55871582 20.19928169 115 140 160
245585.54016113 3357437.96408081 20.15937805 97 118 135
245585.99768066 3357441.06228638 20.23499107 11 14 23
245585.06713867 3357441.61947632 19.84416771 40 51 57
245584.45013428 3357443.07235718 19.97737503 13 14 19
245585.70538330 3357437.33493042 19.70233536 62 71 86
245585.03375244 3357437.99893188 20.55112457 38 59 88
245586.57879639 3357437.48501587 19.79572487 18 30 42
245587.10821533 3357433.14605713 20.19823265 35 47 59
245585.83990479 3357432.47460938 20.33522797 42 47 53
245586.06164551 3357441.07800293 19.86104393 58 62 73
245585.42462158 3357439.89147949 20.50547218 95 111 126
245587.06329346 3357433.75897217 20.07675362 27 39 53
245584.71221924 3357433.49157715 21.13429832 56 67 85
245584.57177734 3357432.80368042 19.83566284 67 71 83
245584.92175293 3357432.52056885 19.87293434 54 60 74
245584.12506104 3357443.24786377 19.66779137 19 20 25
245585.39544678 3357432.52517700 20.04079247 55 64 73
245584.88226318 3357441.42306519 19.79750061 35 43 54
245585.29187012 3357439.01181030 20.16559029 9 14 20
245583.72076416 3357432.68664551 20.33300400 68 73 79
245585.99603271 3357433.13943481 20.71730995 10 23 42
245586.94317627 3357442.27087402 19.83579445 61 68 74
245584.44561768 3357443.87512207 19.66986275 12 16 19
245586.50213623 3357438.19451904 20.01224327 50 66 82
245586.78100586 3357433.17446899 20.41833115 189 210 231
245584.55480957 3357443.12344360 20.07430077 10 11 16
245586.53503418 3357441.94021606 19.76960182 32 42 54
245585.55780029 3357437.93414307 20.11453247 95 116 133
245586.60266113 3357443.54354858 19.88559532 61 71 83
245584.52636719 3357440.20199585 20.45870781 31 63 88
245585.48443604 3357437.15295410 19.66916084 92 101 116
245585.37506104 3357439.52072144 20.42068672 100 112 126
245585.60351563 3357432.50857544 20.19683266 35 42 52
245586.64398193 3357440.90005493 19.76691246 29 33 44
245586.10388184 3357434.28482056 19.85343361 26 33 43
245586.83630371 3357432.79855347 20.30067635 149 169 180
245586.01708984 3357441.24261475 19.61258888 36 41 45
245584.73754883 3357442.00701904 20.21308899 25 33 36
245585.51910400 3357433.97140503 20.92700005 35 62 89
245586.23352051 3357438.53149414 20.17747688 141 157 182
245585.27239990 3357434.22888184 20.67792892 38 49 55
245586.71295166 3357440.17272949 19.99611282 35 45 57
245586.30749512 3357437.38458252 19.78207397 96 111 130
245585.87854004 3357441.07681274 20.08925819 12 21 28
245586.54693604 3357442.09658813 19.78295708 115 127 141
245585.09826660 3357434.26864624 20.28604317 120 139 154
245586.09454346 3357440.55105591 20.28521156 38 53 72
245584.34973145 3357434.35906982 19.86401176 3 10 16
245585.82141113 3357437.84457397 19.93888092 93 111 125
245584.43243408 3357434.17257690 20.79780769 20 30 32
245585.96203613 3357439.27462769 20.21766472 22 29 39
245585.05053711 3357442.26126099 20.39681053 4 7 12
245584.53942871 3357438.77325439 20.13144493 63 79 102
245585.33538818 3357438.62316895 20.34423447 102 123 150
245586.75970459 3357442.77694702 19.85337448 69 80 98
245583.99798584 3357433.94259644 21.00498581 190 207 223
245585.83569336 3357434.34249878 19.80163574 20 29 36
245587.00384521 3357432.61929321 19.97766113 47 54 60
245586.87280273 3357439.82928467 19.75844574 58 65 73
245585.17144775 3357443.18969727 19.92532349 11 10 15
245586.69567871 3357437.52328491 19.78104782 33 40 48
245586.12921143 3357437.60925293 19.88644981 107 126 143
245584.12640381 3357434.55068970 19.83812332 31 40 47
245585.10498047 3357439.19595337 20.26051712 14 24 25
245586.33264160 3357440.81274414 20.29408455 26 39 58
245585.95977783 3357433.74642944 20.71238327 17 33 49
245585.25738525 3357432.75744629 20.22781563 75 84 93
245585.91577148 3357440.51766968 20.26538849 42 57 78
245586.04095459 3357437.89410400 20.01686859 104 121 137
245583.87133789 3357433.82904053 20.99235344 175 196 215
245585.37060547 3357439.47006226 20.39199448 101 111 123
245584.09466553 3357434.28695679 20.14921570 114 128 139
245586.83374023 3357438.86648560 19.67145348 51 58 66
245584.70623779 3357443.33746338 19.75281715 11 12 16
245585.74816895 3357442.33096313 19.86400604 35 45 55
245584.67816162 3357443.55523682 19.65624428 10 11 16
245584.10980225 3357433.04244995 20.97970009 81 88 98
245584.15673828 3357439.45846558 19.84438324 28 35 43
245585.19439697 3357432.89025879 20.82464790 26 32 44
245585.36474609 3357432.59320068 20.09184265 57 66 75
245586.44482422 3357442.15371704 19.77589417 63 75 89
245585.11419678 3357433.28601074 21.13150787 190 228 249
245583.82019043 3357432.78158569 20.44273949 80 90 100
245585.67382813 3357440.22317505 20.28329277 63 80 100
245585.63177490 3357432.65487671 20.48517609 100 116 131
245586.22570801 3357439.52691650 20.28190422 124 133 142
245584.76373291 3357443.14822388 20.62664604 102 115 131
245584.72521973 3357443.13256836 20.32422829 49 56 64
245586.41381836 3357437.52221680 19.86708069 87 103 126
245584.00140381 3357433.64126587 20.97596359 181 202 221
245585.97503662 3357433.65188599 20.69627953 19 32 49
245584.73455811 3357441.19531250 20.09127617 11 16 20
245583.93304443 3357443.01071167 20.81546974 94 107 123
245586.36682129 3357440.30807495 20.28704262 29 44 63
245583.92626953 3357434.27188110 20.52099419 126 143 159
245584.96923828 3357438.41931152 20.70609283 32 59 86
245586.43225098 3357441.91284180 19.76127052 38 46 59
245585.48657227 3357434.27731323 20.22311401 114 130 145
245585.21447754 3357433.15487671 21.08789444 13 48 70
245586.58038330 3357438.49169922 19.72907448 36 44 55
245584.82348633 3357434.10900879 20.70596313 28 37 44
245586.62011719 3357439.67779541 20.07332230 36 43 51
245585.20397949 3357443.00863647 20.61863708 62 90 112
245586.93359375 3357443.87020874 19.61403275 31 38 44
245585.96588135 3357443.79702759 19.66897202 24 27 32
245586.09301758 3357434.28735352 19.87696075 29 36 46
245586.82879639 3357434.02081299 20.20826912 150 169 186
245585.78741455 3357439.37664795 20.33084297 51 61 71
245585.20507813 3357433.36618042 21.04192543 3 38 60
245584.41040039 3357434.27047729 20.34928703 124 142 156
245584.33215332 3357443.06182861 20.88986397 105 117 129
245585.09661865 3357442.29083252 20.52424431 7 12 16
245584.59313965 3357434.08303833 20.85974693 15 25 27
245586.31079102 3357438.07913208 20.11811829 126 144 166
245586.31219482 3357442.05682373 19.75666618 72 81 98
245584.55822754 3357442.71096802 20.94647789 17 22 28
245586.45751953 3357434.28073120 20.12264824 34 39 45
245585.88427734 3357434.04916382 20.73159981 49 68 85
245584.29956055 3357432.96264648 20.92388725 3 6 11
245584.90563965 3357437.16461182 20.41484833 0 7 23
245584.40454102 3357438.03741455 20.94085693 188 222 250
245586.50402832 3357433.89602661 20.57270813 189 213 237
245584.92968750 3357442.38006592 20.67494583 68 69 73
245586.41650391 3357440.96640015 20.04910851 87 94 100
245586.80017090 3357439.74166870 19.80578995 60 65 71
245584.62603760 3357432.80746460 19.85104752 63 69 81
245585.16644287 3357437.42077637 20.07698059 100 118 138
245584.15576172 3357433.99850464 20.99365234 154 168 181
245585.47265625 3357440.70709229 20.38336372 53 68 87
245586.48223877 3357439.90081787 20.24297142 84 93 108
245583.89941406 3357433.32440186 20.94151306 172 194 215
245585.24957275 3357434.37161255 19.82330322 23 31 34
245583.40191650 3357443.62115479 19.60658836 38 45 55
245586.08514404 3357438.19024658 20.19442558 132 157 177
245586.68463135 3357438.97979736 19.72464371 48 55 61
245585.94995117 3357437.11221313 19.66747856 112 125 141
245584.66381836 3357434.27954102 20.07250786 108 120 132
245584.05346680 3357432.93276978 20.17115974 126 135 144
245584.89532471 3357437.31658936 20.57015228 6 25 39
245586.49591064 3357437.13250732 19.68876648 51 58 64
245584.86846924 3357441.01727295 20.50320625 6 11 17
245585.50695801 3357439.96435547 20.43174934 98 115 133
245584.20910645 3357442.65145874 20.96678543 23 26 31
245585.05773926 3357443.18063354 19.95971870 25 26 30
245583.63092041 3357443.42446899 19.62731934 37 46 55
245586.95751953 3357433.75039673 20.28398705 151 179 200
245586.34680176 3357438.24963379 20.16356468 144 170 195
245584.25048828 3357438.38772583 20.70569420 0 5 15
245584.70709229 3357434.30474854 19.89523888 12 21 26
245584.92218018 3357432.70001221 19.91066933 48 54 66
245585.46685791 3357432.65673828 20.35512161 66 74 85
245583.91845703 3357443.42919922 19.59922791 29 33 42
245586.22973633 3357437.14562988 19.69709396 120 132 146
245586.08886719 3357442.39370728 19.81069374 76 84 95
245585.31976318 3357440.22714233 20.51132965 53 75 89
245585.88446045 3357433.77996826 20.73199463 41 62 79
245586.57806396 3357439.26449585 19.89550972 38 47 52
245587.03839111 3357443.44891357 19.71918297 32 37 43
245586.41326904 3357433.73956299 20.58983803 189 217 238
245584.90307617 3357434.45156860 19.79818726 30 41 43
245586.81512451 3357433.79391479 20.39993286 183 210 237
245585.41693115 3357440.78628540 20.40056610 51 64 81
245585.23956299 3357441.08703613 20.29531288 10 13 20
245585.94042969 3357433.98751831 20.72505569 27 44 64
245584.05279541 3357434.28311157 20.29449844 113 127 140
245585.53594971 3357438.86691284 20.07973480 10 15 21
245584.11926270 3357432.84255981 19.92434502 54 63 68
245585.55474854 3357439.16400146 20.23687553 8 15 23
245587.03186035 3357442.62954712 19.79653549 42 55 64
245584.54138184 3357433.18322754 21.16400719 18 31 48
245585.52490234 3357439.66815186 20.37933350 90 107 125
245584.64801025 3357437.21981812 20.78306389 0 18 32
245586.42956543 3357441.20932007 19.77099609 26 31 37
245586.36767578 3357437.38171387 19.77719879 110 125 144
245584.27856445 3357434.25985718 20.65924835 168 182 195
245586.86059570 3357434.41067505 19.72656250 40 49 56
245583.64404297 3357443.13803101 19.68936157 38 45 53
245586.26702881 3357434.20974731 20.48234367 166 185 202
245586.57324219 3357433.67840576 20.51568604 188 215 234
245586.76342773 3357440.27685547 19.87036324 17 26 35
245586.17279053 3357442.72540283 19.81528854 103 111 130
245586.45727539 3357440.38485718 20.28355408 48 55 74
245585.00744629 3357433.38345337 21.14072418 194 219 239
245586.76495361 3357439.59701538 19.81740189 45 50 56
245585.20916748 3357442.37304688 20.71186447 104 107 112
245586.23059082 3357441.22647095 19.69013786 23 28 34
245584.67346191 3357443.80084229 19.66356277 8 11 16
245586.04986572 3357439.65847778 20.25977325 65 78 95
245585.74237061 3357439.19046021 20.24785423 9 16 24
245584.54718018 3357441.50915527 19.97453499 30 39 48
245585.82464600 3357439.16769409 20.20676994 11 15 24
245584.01702881 3357442.88308716 20.24246979 69 72 77
245586.68847656 3357443.47793579 19.93176270 15 22 40
245586.25360107 3357440.43115234 20.28734779 22 39 55
245584.16857910 3357432.92456055 20.38553429 139 146 154
245584.17187500 3357433.61996460 21.01262856 192 217 237
245583.48767090 3357443.79061890 19.61588287 36 43 53
245586.60498047 3357433.70559692 20.50515556 186 215 233
245585.62725830 3357434.30413818 20.58519173 152 171 188
245586.46398926 3357443.58346558 19.83041573 52 55 62
245585.67681885 3357434.23889160 20.72808647 47 64 74
245584.58197021 3357441.43283081 19.95751190 24 33 38
245587.05187988 3357442.22167969 19.75755119 56 64 67
245586.00012207 3357441.36801147 19.64497566 38 45 51
245584.81848145 3357442.92114258 20.95176315 97 108 128
245585.07818604 3357438.53067017 20.59649467 139 163 191
245584.80487061 3357432.94445801 20.84268379 9 9 17
245585.51123047 3357442.76876831 20.19540405 60 82 96
245584.94372559 3357433.24075317 21.13738632 211 229 253
245586.24047852 3357440.90661621 20.30004501 34 43 58
245583.46142578 3357443.78887939 19.61109161 42 46 57
245585.78674316 3357443.48556519 19.73351097 19 20 25
245584.61016846 3357439.57125854 20.36806107 59 78 95
245584.21936035 3357443.05233765 20.91256142 99 109 119
245584.12078857 3357442.70791626 21.02890587 97 102 108
245585.74176025 3357437.32180786 19.69459343 66 75 90
245584.59326172 3357441.24649048 20.18407249 8 15 21
245586.87268066 3357439.19351196 19.67561913 54 58 67
245585.42810059 3357442.35626221 20.19864845 12 22 24
245586.12396240 3357441.79367065 19.69075394 84 91 109
245586.19311523 3357439.13491821 20.03084946 18 25 31
245585.48815918 3357441.35690308 19.72118378 38 48 58
245584.95550537 3357438.59417725 20.55325127 152 175 206
245587.29632568 3357432.42590332 19.80107880 72 81 88
245585.66986084 3357434.36502075 19.75626183 27 38 42
245585.02746582 3357438.29843140 20.65133095 25 50 80
245584.05438232 3357442.85693359 21.00035286 119 129 139
245586.00744629 3357442.31072998 19.78075027 63 67 76
245584.69348145 3357442.40350342 20.68627739 44 45 50
245584.35943604 3357438.46868896 20.65245819 3 10 18
245586.03765869 3357434.29165649 20.30739403 69 81 93
245586.34228516 3357438.06347656 20.11095619 133 151 175
245585.90148926 3357434.17718506 20.61962128 178 195 211
245585.70861816 3357438.61434937 20.21370888 31 43 57
245584.44116211 3357439.30847168 19.76387787 26 40 53
245584.44805908 3357441.55480957 20.11603355 31 44 60
245585.98004150 3357443.86297607 19.62809563 34 37 46
245585.72290039 3357433.98147583 20.80851555 38 72 97
245584.33215332 3357432.95864868 20.81769180 8 11 18
245584.18029785 3357442.65338135 20.98453331 33 36 41
245586.12835693 3357438.91210938 20.01205826 9 18 27
245585.58917236 3357437.56878662 19.80520821 83 102 119
245584.17340088 3357434.02416992 20.96348000 10 17 25
245585.69445801 3357439.63537598 20.30999374 84 99 118
245584.40093994 3357440.74301147 20.48497391 16 38 52
245586.75988770 3357442.01208496 19.77378654 55 64 73
245583.88964844 3357442.90655518 20.47416878 70 83 99
245584.27648926 3357434.04891968 20.95923424 5 12 18
245586.65466309 3357434.20071411 19.97695541 109 119 129
245585.00152588 3357441.78347778 19.94276810 33 44 50
245585.05859375 3357441.48071289 19.77766991 37 47 56
245585.51080322 3357441.60900879 19.75037766 38 47 54
245584.03656006 3357434.33914185 19.87152863 3 10 16
245585.66558838 3357443.91287231 19.62907219 8 11 16
245585.47106934 3357439.00552368 20.17007828 6 15 22
245585.12854004 3357437.44076538 20.35692978 39 49 61
245584.76599121 3357443.13867188 20.28185081 14 19 25
245586.40521240 3357439.26000977 20.00653267 21 24 31
245586.57006836 3357438.73806763 19.74260139 38 47 56
245583.68182373 3357432.63415527 20.22153854 28 29 33
245586.34381104 3357433.26116943 20.61454201 195 221 234
245585.77233887 3357437.83575439 19.93172646 94 112 124
