245957.45312500 3357469.18862915 16.89630318 140 166 193
245959.77038574 3357468.35794067 15.42329407 170 169 149
245956.01330566 3357470.93295288 16.82496262 25 29 28
245957.57757568 3357471.02056885 16.22946548 27 28 33
245957.89239502 3357466.98547363 15.62256336 77 87 89
245956.30041504 3357471.59497070 16.28661537 57 78 97
245960.02636719 3357471.05526733 15.58264256 79 81 76
245958.73443604 3357472.92279053 16.50470161 205 209 220
245959.75000000 3357468.98065186 15.48336411 90 97 105
245959.57391357 3357471.69213867 16.29927444 55 70 93
245956.34234619 3357472.76440430 16.06828499 34 35 39
245955.91894531 3357471.44284058 16.77148247 9 14 17
245957.00555420 3357470.32839966 15.91802883 18 19 23
245960.13354492 3357471.20483398 16.08606720 20 21 25
245956.37701416 3357470.70715332 15.76975822 66 70 71
245959.48266602 3357471.26977539 16.29887581 31 41 51
245959.48175049 3357470.28634644 16.06203842 107 150 159
245959.38269043 3357470.43283081 15.98551655 121 155 165
245959.53009033 3357470.24505615 15.97973824 125 157 168
245959.06829834 3357470.45983887 15.99571419 62 96 105
245959.68286133 3357472.19308472 16.30166245 54 69 92
245955.89453125 3357472.03829956 16.43067932 1 5 14
245960.37207031 3357471.29208374 15.59492779 36 37 32
245958.70367432 3357471.49563599 16.68329620 61 107 140
245958.39739990 3357473.09744263 16.19251251 28 32 35
245956.54492188 3357472.38931274 16.74781227 40 54 65
245957.39160156 3357469.39898682 16.89300537 145 173 197
245958.08282471 3357468.60919189 16.12933731 54 60 60
245960.12371826 3357472.82659912 16.05232811 62 70 81
245957.58276367 3357468.77972412 16.53303719 55 60 63
245957.30413818 3357471.59283447 16.70437622 40 57 75
245959.90484619 3357471.98437500 16.19089890 35 51 76
245958.82763672 3357467.60867310 16.49981499 13 18 21
245957.60424805 3357471.93234253 16.85307503 49 66 86
245959.19293213 3357468.63220215 15.72751808 81 82 87
245958.83734131 3357471.02880859 16.28127670 42 47 50
245958.42553711 3357467.12496948 16.06224060 82 91 88
245958.57940674 3357473.05007935 16.34687614 22 25 30
245957.77319336 3357472.32205200 16.85341072 77 92 111
245957.68096924 3357470.18005371 16.62934685 13 30 40
245960.51690674 3357472.43331909 16.16197586 65 74 83
245956.71356201 3357469.93338013 16.80634117 153 179 194
245958.10363770 3357473.02163696 15.89090919 34 38 39
245957.46844482 3357471.45010376 16.77458000 37 46 61
245957.75805664 3357471.05648804 16.45826149 14 20 20
245958.38818359 3357472.42599487 16.81623077 44 61 87
245960.11932373 3357470.82641602 15.37038326 174 170 141
245960.27844238 3357472.14831543 16.25992584 27 42 65
245957.24566650 3357471.52536011 16.71355629 38 54 70
245957.18609619 3357469.10235596 16.92738533 140 158 172
245960.28930664 3357469.62258911 15.53028107 107 116 123
245960.18408203 3357469.88168335 15.60310841 111 118 128
245960.37103271 3357471.27578735 15.92077065 45 47 46
245955.80694580 3357471.88128662 16.88709831 4 9 13
245960.54663086 3357472.36187744 15.79498672 74 83 90
245959.34234619 3357472.41357422 16.50796318 57 73 96
245956.30407715 3357466.98077393 15.81102085 57 66 65
245959.05853271 3357468.81716919 16.13182640 67 71 74
245956.28063965 3357471.73443604 16.27534103 55 73 93
245958.93347168 3357467.61236572 15.75323868 129 140 144
245957.25531006 3357470.87832642 15.88494396 46 51 54
245958.50292969 3357471.90533447 16.89212608 32 49 69
245958.27514648 3357468.16983032 15.44508553 55 56 50
245955.94384766 3357472.15924072 16.42374802 17 26 31
245958.21862793 3357470.23724365 16.64276886 22 44 55
245957.62506104 3357471.15908813 16.59768105 87 88 93
245958.47418213 3357467.54660034 16.55903053 30 39 38
245958.18615723 3357467.09362793 16.03257561 80 89 88
245958.76312256 3357467.70947266 16.20488167 135 148 164
245955.80541992 3357472.68859863 16.50912285 15 19 18
245959.51263428 3357469.06149292 15.99415112 75 90 97
245959.85913086 3357472.83450317 16.23404503 44 54 66
245959.67584229 3357469.42474365 15.76425171 61 81 92
245959.87799072 3357469.47225952 15.54299736 82 91 98
245957.04541016 3357470.23004150 16.26069069 178 182 194
245959.45928955 3357469.02862549 16.09927750 79 90 94
245956.67639160 3357470.86273193 15.83730221 40 44 45
245958.51831055 3357471.66076660 16.83462715 35 64 94
245958.54516602 3357469.99575806 16.76634407 52 79 109
245958.12249756 3357469.04055786 16.90276527 68 75 81
245958.38397217 3357469.61221313 16.86482048 184 221 237
245956.75848389 3357471.05001831 16.47058678 6 7 9
245958.58691406 3357472.48718262 16.66752815 62 143 186
245957.23675537 3357470.07952881 16.81153870 141 145 157
245959.05694580 3357468.51455688 15.58805466 81 85 88
245959.88348389 3357473.04763794 15.56874561 82 82 90
245957.09960938 3357470.78768921 15.82930756 40 45 41
245959.87536621 3357468.49713135 15.41157341 89 94 90
245957.61627197 3357468.56668091 16.22809792 49 53 56
245958.51538086 3357466.78140259 15.54385757 91 101 103
245958.36981201 3357471.49984741 16.78150558 26 42 58
245957.99023438 3357468.24047852 15.43108845 120 116 104
245957.91845703 3357467.84072876 15.61103630 56 65 72
245957.37011719 3357468.47811890 16.23338127 47 53 53
245959.25555420 3357470.51440430 15.80417824 14 27 35
245956.89062500 3357470.47485352 15.80534458 66 71 75
245959.68261719 3357469.40527344 15.73960304 54 72 84
245956.10797119 3357470.24725342 16.65196037 21 26 29
245958.66064453 3357467.12887573 16.23700905 82 93 87
245956.64556885 3357466.83129883 15.77328491 48 56 58
245958.53515625 3357466.66662598 15.50974655 95 103 106
245955.77087402 3357472.66329956 16.04283905 33 37 38
245958.99359131 3357468.52258301 15.60461712 81 82 86
245958.13232422 3357468.52035522 15.78113461 60 65 68
245959.88476563 3357470.41073608 15.53734112 103 110 118
245956.13714600 3357472.47723389 16.73176003 12 19 25
245959.33404541 3357468.79498291 15.80614758 98 99 104
245959.73327637 3357472.64477539 16.27813721 47 64 84
245960.57214355 3357471.89010620 15.75657558 64 74 76
245960.55389404 3357471.80560303 15.67046356 38 47 52
245957.07409668 3357469.06790161 16.94988632 51 65 76
245958.80541992 3357470.94421387 15.72639561 63 67 66
245956.93908691 3357470.74658203 15.78554058 89 90 85
245960.06866455 3357472.31311035 16.21232224 42 59 77
245958.60235596 3357471.38250732 16.75365639 27 35 46
245957.34326172 3357471.58334351 16.72049332 40 56 72
245959.10565186 3357468.39227295 15.47597790 101 102 86
245957.96325684 3357471.64263916 16.86286736 41 57 80
245958.98632813 3357468.36419678 15.44589329 134 130 118
245957.32586670 3357467.67239380 15.61295033 51 59 62
245956.56408691 3357466.87109375 15.78166676 47 56 55
245957.94342041 3357467.08944702 16.23252106 64 72 74
245959.60101318 3357469.79205322 15.98879051 141 180 187
245958.30218506 3357470.43560791 16.08346558 69 87 91
245959.98919678 3357468.84930420 15.43678474 112 119 127
245958.42974854 3357468.16171265 15.45174313 52 54 51
245956.92120361 3357468.03103638 15.85206127 45 50 53
245958.35791016 3357472.60073853 16.70953751 54 74 99
245956.91595459 3357472.39236450 16.81062698 57 67 77
245956.92736816 3357469.51138306 16.99436188 27 41 50
245956.93084717 3357466.47842407 15.62607956 53 61 64
245958.67828369 3357472.95159912 16.48400497 112 115 124
245956.06335449 3357466.78570557 15.74305725 51 60 59
245957.38830566 3357471.00958252 16.11866379 19 24 28
245958.68701172 3357470.92199707 15.70615959 60 62 59
245958.72009277 3357468.60211182 15.85969543 67 74 80
245958.57873535 3357471.39846802 16.76238060 16 23 33
245957.95202637 3357467.61477661 16.36240196 164 176 188
245957.72692871 3357467.35272217 16.70872688 0 1 2
245955.89611816 3357472.26663208 16.52795982 24 34 36
245957.25439453 3357469.85577393 16.85634232 165 189 213
245960.26617432 3357472.52630615 16.24776268 41 52 72
245960.17944336 3357470.03817749 15.58853626 98 109 115
245958.81164551 3357467.21646118 16.18942451 71 82 76
245958.62237549 3357472.46511841 16.61888313 46 133 178
245959.57653809 3357469.29080200 16.16067696 59 96 104
245959.93151855 3357471.07669067 15.62366295 39 41 40
245958.24804688 3357468.74987793 16.31640244 53 62 61
245959.64324951 3357470.05770874 15.70850277 45 65 74
245959.07995605 3357469.02392578 16.36485481 91 100 109
245956.31030273 3357470.35314941 16.10166740 38 43 46
245959.16271973 3357471.07565308 16.30825043 52 57 60
245958.54956055 3357467.09393311 15.70520687 87 99 99
245956.85119629 3357467.22640991 16.41849518 41 52 48
245957.90533447 3357473.00073242 16.10051537 24 25 27
245957.94104004 3357471.51913452 16.84687614 41 54 73
245958.21051025 3357468.57672119 15.92062664 60 65 68
245956.77526855 3357472.80715942 16.52856827 13 14 18
245959.78509521 3357468.11587524 15.48599052 113 120 130
245958.80456543 3357470.82913208 15.62971687 119 118 98
245957.75524902 3357472.29489136 16.85757446 72 88 104
245958.36437988 3357469.16787720 16.86552429 181 191 203
245958.13214111 3357467.89315796 15.55568027 52 61 68
245956.80737305 3357472.25054932 16.77644730 50 66 81
245957.28002930 3357467.76431274 15.58234310 48 55 63
245960.04595947 3357471.05743408 15.57694721 77 79 74
245959.09106445 3357467.67089844 16.30468369 162 176 179
245958.24169922 3357466.29519653 15.47081757 72 79 85
245957.80609131 3357469.48733521 16.82053375 168 201 220
245955.92242432 3357471.56994629 16.63918495 7 12 16
245958.24725342 3357468.71023560 16.23134995 54 62 64
245959.25897217 3357471.38931274 16.47945976 42 55 72
245960.19921875 3357472.82952881 16.09805107 38 48 57
245957.43676758 3357470.26757813 16.37184715 203 216 225
245957.05126953 3357471.16213989 16.58994865 41 44 49
245959.68737793 3357469.88238525 15.62213802 58 72 81
245957.60302734 3357472.98016357 15.93732452 29 30 34
245957.31231689 3357470.05926514 16.82007408 237 239 251
245956.90893555 3357467.38052368 16.58109283 47 57 59
245959.01477051 3357472.21682739 16.52895737 57 133 182
245957.92999268 3357472.01528931 16.91790390 48 66 86
245957.45867920 3357468.48535156 16.06660271 53 57 58
245956.74792480 3357470.91079712 15.88457012 35 39 42
245957.41217041 3357471.30993652 16.72133064 7 14 22
245957.91784668 3357466.57778931 15.50793934 80 90 92
245958.54748535 3357468.03231812 15.51790905 72 76 85
245958.10302734 3357473.02700806 16.31435394 19 24 27
245959.71002197 3357473.09506226 15.88327122 21 29 32
245957.02593994 3357467.23040771 16.49351311 50 55 58
245959.12042236 3357468.28973389 15.44450474 160 158 137
245958.43035889 3357469.09609985 16.84922600 171 176 180
245960.47662354 3357472.58325195 15.97105598 69 76 82
245959.63421631 3357469.77645874 15.78003502 63 103 113
245960.33734131 3357469.71188354 15.53788090 111 120 127
245957.81152344 3357467.08850098 16.24500084 63 68 71
245959.36798096 3357467.62493896 16.07349586 167 181 194
245959.77911377 3357471.62518311 16.19956207 38 54 77
245955.93945313 3357472.02996826 16.36812019 23 36 45
245958.65264893 3357470.98165894 16.27738762 41 46 50
245958.11950684 3357470.32748413 16.37176514 150 168 182
245956.70959473 3357470.36233521 15.89053440 29 40 42
245957.00341797 3357467.05471802 16.05304146 53 58 61
245957.24896240 3357468.47018433 16.37974930 39 48 47
245956.32531738 3357470.30377197 16.19463348 66 69 74
245957.52972412 3357471.00607300 16.09057426 26 27 32
245957.28674316 3357467.75451660 15.58469963 48 57 64
245957.11785889 3357467.47503662 16.61569214 11 20 25
245956.48797607 3357470.33319092 15.93918800 35 43 45
245958.17749023 3357473.04458618 16.12279129 20 24 27
245958.36511230 3357470.52682495 15.96042633 63 74 78
245958.20477295 3357468.91131592 16.52960777 88 92 95
245959.74591064 3357468.46850586 15.42869091 107 112 105
245960.05603027 3357468.78619385 15.43158436 116 124 127
245955.87817383 3357471.84591675 16.60539246 6 11 14
245957.35687256 3357468.42407227 15.72607231 50 54 55
245958.65057373 3357470.12255859 16.62379456 47 87 122
245957.45941162 3357468.52816772 16.23535347 48 54 54
245960.28149414 3357471.67068481 16.16997147 20 33 49
245957.07238770 3357467.20999146 16.49254417 51 59 62
245960.08673096 3357471.66244507 16.16885948 36 52 68
245958.64599609 3357469.22982788 16.70105171 45 62 78
245956.75280762 3357469.71975708 17.04153442 19 24 27
245960.24609375 3357468.88549805 15.43998337 113 120 128
245957.90771484 3357468.55291748 16.06511879 54 59 62
245958.83068848 3357469.13946533 16.54513168 107 106 112
245958.72198486 3357468.66986084 16.00083160 61 66 70
245958.99926758 3357467.72598267 15.69196510 47 52 56
245956.38598633 3357469.97817993 16.67789459 178 197 212
245958.92193604 3357467.45751953 15.97700310 78 87 86
245958.65313721 3357473.08166504 16.03145409 18 21 28
245955.96765137 3357471.49081421 16.60069084 10 15 18
245957.00109863 3357471.23474121 16.67125893 3 7 10
245958.64794922 3357467.81655884 15.66599178 63 71 74
245956.26391602 3357471.68240356 16.24826050 57 78 99
245958.64172363 3357470.98025513 15.88910484 43 49 47
245959.24914551 3357470.48999023 15.84926510 41 64 72
245959.11151123 3357467.70724487 16.19420242 114 128 139
245959.39990234 3357473.17352295 15.75090981 25 29 30
245959.01837158 3357467.72485352 15.68920994 47 52 56
245960.35723877 3357472.67602539 16.23679924 77 85 96
245956.78057861 3357467.12149048 16.14893341 62 68 66
245957.47961426 3357466.97357178 15.63979149 71 81 83
245956.69274902 3357469.97238159 16.70108223 202 220 234
245957.19915771 3357469.05892944 16.91807747 128 142 155
245959.86914063 3357471.12304688 15.73745632 37 38 42
245956.62072754 3357472.20742798 16.69393730 49 66 82
245958.79534912 3357471.84707642 16.60710144 37 111 156
245957.26574707 3357472.89111328 16.41206741 13 14 16
245959.21972656 3357468.54891968 15.60581112 81 81 89
245957.22058105 3357468.37432861 15.97878456 51 57 57
245959.72863770 3357472.91815186 16.22790146 61 69 82
245960.34942627 3357471.33715820 16.21014595 16 24 27
245959.09606934 3357467.66842651 15.70406914 115 122 130
245960.25915527 3357472.30181885 16.22777367 32 47 68
245957.64227295 3357472.23580933 16.88065338 46 58 72
245959.47760010 3357469.15286255 16.24347878 71 116 121
245958.16412354 3357472.92221069 16.51650620 6 9 14
245958.08679199 3357470.39044189 16.05431557 89 103 114
245958.70727539 3357469.33291626 16.60328674 41 58 78
245956.63708496 3357472.02001953 16.61873245 52 69 89
245957.06915283 3357468.38900757 16.57031059 29 39 40
245960.45770264 3357472.09542847 16.30192375 104 113 130
245958.63653564 3357468.60162354 15.88128567 66 69 78
245956.81756592 3357467.50894165 16.59777832 42 53 55
245957.41900635 3357469.23052979 16.89457893 140 167 197
245959.21832275 3357470.95959473 15.76895046 70 76 76
245959.70910645 3357471.26388550 16.21148682 28 35 45
245955.94671631 3357471.24554443 16.85870171 14 23 22
245958.39434814 3357470.74029541 15.88049126 94 99 95
245958.44653320 3357471.34970093 16.73243141 28 38 40
245958.56762695 3357466.79977417 15.53970623 89 99 101
245956.54602051 3357467.22244263 16.32895470 37 46 43
245958.96636963 3357466.82791138 15.47885609 99 106 114
245958.92236328 3357469.00119019 16.43494606 65 69 78
245957.23822021 3357471.40325928 16.78683281 23 33 42
245959.48071289 3357471.22994995 16.28936195 21 32 38
245957.85266113 3357472.88180542 16.52687454 12 20 23
245956.89044189 3357467.89468384 16.24513054 34 42 45
245959.63061523 3357471.52569580 16.25245667 51 65 91
245958.59783936 3357470.73181152 15.70589542 98 102 85
245957.11791992 3357467.66436768 15.73654270 53 61 63
245958.01007080 3357473.01770020 15.99401093 31 35 36
245958.41723633 3357471.67575073 16.84132385 34 50 66
245959.32159424 3357469.34963989 16.37088966 140 180 188
245959.28674316 3357468.54760742 15.56389713 80 85 89
245958.89892578 3357472.79586792 16.52753067 86 133 163
245958.85491943 3357470.48629761 15.84301186 11 32 37
245957.05499268 3357470.16629028 16.47376251 208 231 245
245959.03186035 3357471.50442505 16.54502678 78 132 168
245957.02667236 3357471.41473389 16.79530907 17 30 36
245955.93872070 3357471.36315918 16.76951599 11 17 17
245958.37213135 3357468.91455078 16.62071609 70 78 80
245959.51544189 3357471.71688843 16.34844780 53 69 94
245958.54797363 3357473.02862549 15.69561958 24 30 30
245957.60150146 3357467.08227539 16.19608307 64 69 72
245957.94348145 3357467.80194092 15.64565659 58 67 72
245957.70831299 3357471.03820801 16.40094376 23 27 26
245957.15020752 3357469.40209961 16.96151543 116 140 164
245957.71044922 3357472.97033691 16.28290367 22 23 27
245958.44445801 3357473.08444214 16.05520058 19 23 26
245958.14001465 3357470.68240356 15.77002239 92 95 88
245958.81469727 3357469.98504639 16.49942398 92 137 166
245956.16235352 3357470.42269897 16.37179947 33 38 41
245959.48815918 3357470.55148315 15.52116203 77 81 90
245957.59033203 3357470.28457642 16.37199211 199 212 221
245958.67224121 3357468.80102539 16.32607841 56 55 61
245956.16784668 3357470.27941895 16.47324944 37 41 44
245957.19934082 3357470.48767090 15.78065777 60 65 69
245958.63342285 3357470.56777954 15.82994652 51 62 66
245958.39056396 3357470.75622559 15.87807560 94 99 95
245958.53277588 3357471.24218750 16.64646339 27 26 31
245958.33386230 3357470.37704468 16.33992195 112 128 141
245958.21752930 3357472.43420410 16.80066681 48 68 92
245958.28564453 3357473.04739380 15.86942863 34 38 39
245957.09802246 3357466.88183594 15.75741959 57 65 68
245957.41235352 3357470.22372437 16.46382332 196 217 234
245960.15991211 3357472.91271973 15.59293842 95 96 100
245958.38812256 3357470.26989746 16.65944672 35 51 66
245958.64886475 3357470.77993774 15.66890907 110 111 97
245957.80047607 3357470.36718750 16.05980873 113 120 130
245957.81335449 3357472.08663940 16.91064453 50 65 84
245958.57336426 3357467.10504150 16.28338242 87 93 89
245959.61920166 3357469.33367920 15.92495346 113 152 157
245956.29223633 3357471.64151001 16.27189827 61 81 105
245960.32849121 3357472.82977295 15.79937077 84 93 92
245959.01336670 3357466.75936890 15.47434711 101 110 119
245958.75170898 3357469.66662598 16.51133347 81 124 156
245956.92871094 3357472.82464600 16.52951813 18 19 21
245958.18188477 3357469.75439453 16.83346939 182 215 230
245956.09631348 3357472.31610107 16.50740242 45 58 66
245960.57818604 3357472.24160767 15.99081135 53 63 72
245958.50238037 3357468.93807983 16.64471245 74 79 82
245959.14300537 3357469.61245728 16.43643761 12 37 44
245959.97808838 3357468.04159546 15.45924282 109 118 125
245956.08190918 3357471.50723267 16.25293350 72 88 101
245959.39727783 3357473.18408203 15.94652843 68 66 67
245959.96624756 3357469.07550049 15.45859146 102 109 117
245957.69696045 3357468.92932129 16.77210236 30 35 38
245959.94653320 3357472.23278809 16.21331215 45 62 82
245956.51123047 3357466.97155762 15.83905315 49 58 57
245958.25866699 3357471.89471436 16.91844368 33 50 70
245957.63049316 3357471.03607178 16.37793541 25 26 30
245957.54327393 3357471.25012207 16.66967392 7 10 19
245956.16961670 3357472.73510742 15.97496223 30 34 37
245956.96710205 3357470.88525391 15.84184074 39 44 47
245956.77093506 3357467.11996460 16.14546967 62 68 66
245956.28454590 3357467.10119629 16.01033974 38 49 43
245957.72222900 3357469.38183594 16.84570313 166 198 221
245959.09130859 3357472.97326660 16.41774559 54 64 73
245958.26763916 3357466.39099121 15.48247623 78 85 91
245959.71789551 3357467.43634033 15.72371387 106 113 121
245959.16094971 3357472.73477173 16.54319572 34 61 91
245958.21575928 3357467.68069458 16.18668556 131 148 164
245959.98223877 3357472.86029053 15.95007706 17 24 32
245956.03375244 3357471.46792603 16.40843391 9 18 23
245958.03143311 3357470.70022583 15.75774002 118 120 109
245957.86999512 3357468.68051147 16.29605293 48 56 58
245957.59301758 3357471.00720215 16.10346031 28 29 34
245957.68817139 3357471.01129150 16.14567375 32 33 35
245959.97473145 3357471.00811768 15.51418495 87 88 83
245958.55590820 3357471.43954468 16.77880478 39 51 73
245957.43542480 3357467.84011841 15.58620739 48 59 63
245957.32781982 3357471.42745972 16.77882767 21 31 40
245956.52856445 3357472.80783081 16.39124680 14 18 19
245956.99377441 3357469.21224976 16.98986435 37 53 66
245960.53204346 3357472.40829468 15.83295822 78 87 94
245956.94134521 3357467.68801880 16.47476959 83 94 98
245956.45880127 3357472.54431152 16.83747673 36 41 44
245958.87060547 3357471.03637695 16.13913727 41 47 47
245956.71514893 3357472.70932007 16.65287590 97 98 102
245957.14776611 3357467.57376099 16.44770050 136 147 153
245956.55108643 3357471.54318237 16.51797867 63 80 96
245957.35180664 3357468.88681030 16.74342346 50 59 58
245960.31103516 3357472.79116821 16.11728859 60 67 75
245956.34973145 3357471.81176758 16.35698318 53 74 93
245956.79766846 3357467.26766968 16.48476982 35 46 42
245958.68872070 3357468.82351685 16.36786079 55 54 60
245957.88830566 3357467.08099365 15.85853481 73 83 84
245957.94470215 3357468.58883667 16.18729210 50 58 60
245959.50732422 3357473.12680054 16.13047791 41 45 56
245957.52246094 3357466.82775879 15.58690262 71 82 84
245955.96984863 3357471.18542480 16.78348351 14 20 20
245958.96990967 3357470.44839478 16.15778542 91 130 137
245957.21655273 3357469.65103149 16.89607239 121 143 166
245960.56884766 3357472.28457642 15.88796520 79 88 97
245957.89819336 3357470.21395874 16.60014915 13 34 51
245957.37756348 3357470.28976440 16.30528069 169 176 184
245957.99053955 3357470.84066772 15.80399227 63 64 59
245956.76873779 3357470.89990234 15.86615658 35 39 42
245957.16510010 3357467.15188599 16.34295464 52 60 62
245955.92730713 3357472.01919556 16.37001419 23 36 45
245958.21405029 3357466.49078369 15.49485111 81 89 92
245957.96282959 3357467.53665161 16.48673630 0 0 5
245958.84356689 3357469.33966064 16.49335098 100 116 132
245959.15930176 3357471.06155396 16.23116493 40 44 47
245956.97271729 3357468.28195190 15.94401836 57 63 61
245958.94647217 3357467.62216187 16.49988365 10 15 18
245956.39697266 3357470.84033203 15.81476402 42 43 45
245957.29559326 3357470.28240967 16.07970047 136 140 151
245958.77947998 3357469.32876587 16.50684738 65 80 99
245957.75659180 3357467.68402100 15.80313110 76 83 89
245956.02764893 3357472.58731079 16.73929405 12 17 20
245959.42523193 3357470.37579346 16.09250641 112 152 162
245957.51086426 3357471.57348633 16.78405190 36 51 70
245958.48016357 3357470.01055908 16.83174133 56 82 107
245956.71380615 3357470.06094360 16.55908012 178 196 216
245958.41162109 3357468.76342773 16.37320900 47 55 57
245959.33691406 3357471.41329956 16.42505074 54 69 88
245959.18670654 3357468.96524048 16.26627350 49 52 57
245959.64807129 3357469.72030640 15.70990086 45 72 83
245958.82556152 3357468.58779907 15.78063774 69 74 77
245959.32397461 3357469.32534790 16.36732674 138 182 191
245958.73571777 3357467.18450928 16.18494225 73 82 79
245958.49169922 3357469.15017700 16.82364273 106 122 137
245959.88757324 3357469.27328491 15.50044250 95 104 111
245960.04296875 3357471.04437256 15.55219173 82 84 79
245957.71051025 3357470.88803101 15.85497093 52 56 59
245959.14154053 3357469.00210571 16.31824493 67 78 84
245957.65740967 3357470.33316040 16.11695671 121 125 136
245958.75317383 3357471.00851440 16.19714355 40 45 48
245957.88494873 3357472.77026367 16.67595863 32 36 45
245956.43041992 3357469.89349365 16.98351097 5 18 26
245958.23083496 3357467.59509277 16.40082169 120 133 141
245958.45556641 3357473.05862427 15.94569588 21 25 28
245958.74444580 3357467.17269897 16.53133011 84 93 100
245956.40521240 3357470.84698486 15.86343861 41 42 44
245958.91809082 3357472.23883057 16.51140213 57 135 181
245957.04620361 3357471.70037842 16.62055016 46 63 81
245959.18072510 3357473.07794189 16.27780914 39 47 50
245958.03082275 3357467.09060669 16.18596077 70 80 81
245956.29516602 3357472.63809204 16.80555916 96 100 103
245959.81066895 3357468.35656738 15.42281818 164 163 145
245958.07171631 3357466.94927979 15.63372040 79 89 91
245957.32476807 3357468.42108154 15.91385746 53 57 58
245956.41644287 3357471.21658325 16.58901024 6 7 9
245959.58416748 3357470.00769043 15.97126102 141 178 184
245960.49499512 3357471.55154419 15.76081848 18 21 26
245957.48870850 3357467.04977417 15.79020119 67 77 78
245958.71514893 3357471.68643188 16.67882347 41 108 160
245957.32855225 3357467.84954834 15.55899715 49 57 60
245957.22692871 3357472.88421631 16.39258957 12 16 17
245958.08184814 3357471.54516602 16.81364059 38 55 71
245957.58154297 3357467.06469727 15.78544617 71 81 82
245959.38177490 3357473.17526245 15.83222294 22 24 23
245956.93048096 3357470.86376953 15.82480621 42 46 49
245959.70892334 3357467.33441162 15.62941647 109 116 124
245957.05236816 3357472.88226318 16.04554939 22 26 29
245956.14294434 3357470.68139648 16.39963722 31 40 39
245957.69610596 3357470.01257324 16.83176804 208 227 241
245959.24920654 3357473.08123779 16.26030731 56 64 67
245957.85870361 3357471.30123901 16.71498108 21 26 32
245956.37493896 3357472.78640747 16.40442657 17 21 22
245957.28576660 3357472.85046387 16.49311638 55 59 62
245957.26513672 3357472.67034912 16.78182602 21 24 29
245959.58245850 3357472.88781738 16.37450981 71 83 97
245957.51483154 3357472.89331055 16.45448112 20 21 25
245958.70397949 3357471.74383545 16.69323730 43 109 159
245956.03283691 3357471.22363281 16.69850731 9 15 13
245960.08953857 3357469.12493896 15.45791340 89 96 104
245959.32043457 3357471.63894653 16.48313713 46 61 82
245956.95147705 3357468.19430542 15.70874786 84 85 79
245957.42480469 3357472.95761108 15.99010277 25 26 28
245957.72790527 3357468.01458740 15.50247097 51 60 65
245958.82061768 3357468.92507935 16.39210320 37 42 48
245957.23779297 3357467.58163452 16.45244026 146 155 164
245959.49011230 3357472.60815430 16.39908791 55 76 97
245956.61041260 3357471.10269165 16.51156235 16 17 21
245958.48071289 3357466.57702637 15.49841404 91 98 104
245959.52368164 3357471.43643188 16.30018425 50 65 88
245956.00585938 3357472.28201294 16.49542999 62 73 79
245959.45361328 3357467.34600830 15.65799618 142 151 160
245958.00970459 3357470.50820923 15.80467987 62 67 70
245957.48358154 3357467.04522705 15.77561283 69 79 80
245957.02886963 3357470.49917603 15.79673576 66 71 75
245957.06298828 3357467.66735840 16.06424904 13 21 24
245959.21411133 3357470.08932495 16.41165543 145 208 213
245957.69403076 3357471.05163574 16.46290398 14 18 19
245957.48468018 3357471.21960449 16.65897560 1 5 14
245960.50250244 3357471.61975098 15.64836216 27 34 40
245956.84954834 3357470.90917969 15.87329769 41 44 49
245960.53881836 3357471.73287964 15.71587849 34 44 53
245958.20458984 3357468.72058105 16.27458000 52 61 60
245958.86444092 3357472.65020752 16.50917435 70 148 186
245959.84088135 3357468.87841797 15.43796825 97 104 112
245957.17651367 3357472.80276489 16.56375313 95 103 105
245957.87457275 3357468.55300903 16.08141518 54 59 62
245958.73822021 3357467.58657837 16.51460266 19 28 27
245959.36987305 3357471.31777954 16.39313507 59 71 83
245959.99645996 3357472.60617065 16.23004723 49 64 83
245958.51684570 3357471.07983398 16.44596100 12 17 21
245960.21008301 3357471.16995239 15.59529400 43 44 46
245958.25811768 3357468.27954102 15.43493176 111 109 94
245959.14532471 3357467.25204468 15.60029030 113 120 130
245957.76251221 3357472.97091675 15.88236046 35 36 40
245957.65661621 3357472.95385742 16.33993912 35 36 40
245958.63439941 3357470.46905518 16.22351837 60 80 87
245958.53155518 3357468.75790405 16.31599236 48 58 60
245958.41766357 3357468.97454834 16.73402786 70 74 75
245958.26837158 3357466.75375366 15.53003693 95 105 107
245959.83941650 3357469.55728149 15.57686615 63 73 82
245956.75109863 3357467.17315674 16.24608612 44 53 52
245958.80181885 3357468.02377319 15.53062344 71 80 85
245959.01196289 3357471.34411621 16.53611374 50 64 73
245956.94207764 3357468.20126343 16.07902908 47 55 57
245957.07159424 3357468.31930542 15.99483109 50 56 56
245959.86541748 3357471.05383301 15.60053444 65 66 70
245956.85784912 3357472.55172729 16.79081345 19 24 28
245956.67858887 3357471.82958984 16.53008270 53 70 90
245957.76049805 3357471.99145508 16.89233589 48 63 86
245959.04711914 3357472.98754883 16.40087891 74 87 95
245957.73858643 3357468.43994141 15.61856937 56 62 62
245959.51593018 3357470.38278198 15.73501873 57 69 81
245957.88208008 3357469.27917480 16.86081696 168 200 223
245956.00158691 3357470.99468994 16.93217087 22 28 28
245957.52716064 3357467.64529419 15.95352745 109 120 126
245958.45678711 3357468.67929077 16.10444450 52 60 63
245960.09411621 3357471.17510986 15.85249615 36 37 41
245957.47717285 3357470.17489624 16.59019852 6 27 44
245957.13281250 3357471.60409546 16.63999557 40 57 75
245960.28509521 3357472.44595337 16.24312782 38 51 70
245959.62219238 3357469.81872559 15.84268188 76 114 123
245958.77496338 3357467.18975830 16.51802826 76 85 90
245959.65081787 3357469.01336670 15.58700466 83 87 96
245958.55670166 3357468.86254883 16.54102898 29 34 38
245959.57934570 3357470.11181641 15.91437435 92 127 133
245956.11883545 3357470.62112427 16.50386047 30 39 38
245956.47631836 3357470.49841309 15.82491112 36 41 44
245956.92730713 3357467.92926025 15.94176579 37 42 45
245960.55584717 3357471.73034668 15.88704681 34 47 55
245958.11218262 3357472.39611816 16.81040955 50 67 85
245956.59533691 3357472.79986572 16.48209381 40 41 45
245958.47833252 3357467.41577148 16.81217575 151 162 168
245956.81713867 3357466.95156860 15.88485336 54 59 62
245957.71453857 3357468.41122437 15.56431961 57 63 59
245956.33489990 3357472.59667969 16.90981293 34 38 41
245956.95404053 3357470.97515869 16.02742195 26 29 34
245956.30883789 3357470.90417480 16.14814377 32 35 40
245957.03240967 3357472.37921143 16.82697487 57 69 81
245958.31579590 3357470.29370117 16.49695206 0 17 29
245958.78607178 3357469.20617676 16.56435966 26 38 54
245957.45092773 3357472.11813354 16.82708931 55 72 88
245957.64404297 3357472.83816528 16.56658936 13 18 21
245957.66992188 3357467.76843262 15.66812515 63 70 76
245956.09710693 3357471.81555176 16.18280983 58 76 96
245959.53118896 3357469.61270142 16.31001854 143 196 204
245959.51104736 3357471.02532959 15.68337917 72 73 75
245960.16369629 3357471.98608398 16.18831825 28 46 68
245957.42779541 3357472.94290161 16.17569351 26 27 29
245956.45642090 3357470.53118896 15.80508995 35 38 43
245959.20916748 3357470.80447388 15.69529343 130 125 103
245956.14239502 3357470.09017944 16.74777222 145 150 156
245958.25067139 3357469.71960449 16.84158897 184 217 234
245956.59802246 3357469.85842896 17.09615898 17 26 31
245959.09216309 3357467.37585449 15.67888737 112 123 129
245956.35278320 3357472.25225830 16.56510544 48 65 83
245958.19952393 3357472.36483765 16.83049774 42 58 81
245956.91973877 3357467.98638916 15.96394825 43 51 53
245958.62915039 3357467.72344971 16.03358078 113 129 144
245960.09381104 3357471.82696533 16.16098976 29 48 65
245958.99920654 3357470.45837402 15.97689056 59 89 99
245958.29858398 3357470.51702881 15.89866734 60 71 77
245956.06195068 3357472.72512817 16.59690475 15 19 20
245960.30047607 3357472.86868286 15.38575268 162 162 138
245960.29913330 3357472.78936768 15.56830883 110 115 108
245958.75305176 3357467.74282837 15.74936295 57 66 73
245958.95281982 3357469.05877686 16.46318245 123 126 133
245957.88940430 3357471.04162598 16.38748741 19 23 26
245958.78540039 3357470.52239990 15.78377151 51 63 63
245959.19549561 3357472.48443604 16.55356216 47 90 124
245957.38476563 3357468.52154541 16.31244469 51 57 57
245959.58874512 3357473.11093140 16.09662819 46 50 61
245957.64160156 3357471.07284546 16.50296593 7 8 10
245958.46496582 3357470.56283569 16.20104980 25 40 47
245959.59027100 3357469.92706299 15.97314072 142 180 183
245956.64422607 3357472.81552124 16.08156395 28 29 31
245959.13964844 3357470.38973999 16.33496857 138 206 209
245956.86309814 3357470.06713867 16.61486244 25 51 68
245958.53869629 3357468.67599487 16.07484055 56 61 65
245958.17834473 3357471.52163696 16.79743576 35 50 69
245959.40441895 3357471.45962524 16.38242340 47 63 86
245959.41131592 3357469.72302246 16.34512901 132 195 210
245959.20404053 3357472.91754150 16.44849968 65 75 87
245958.36383057 3357467.74029541 15.75580788 61 70 75
245957.38391113 3357468.44219971 15.79714584 51 55 56
245958.59252930 3357470.59747314 15.86926079 50 61 63
245957.10241699 3357471.83923340 16.65322685 48 67 84
245956.98474121 3357471.01458740 16.21833801 16 19 26
245959.29382324 3357469.94317627 16.38890648 145 207 218
245957.00170898 3357468.29730225 15.77995491 58 60 59
245957.48883057 3357468.65090942 16.42832375 49 55 55
245958.43115234 3357468.38308716 15.46439171 64 67 60
245959.35736084 3357468.88439941 15.90024185 75 77 76
245960.13378906 3357469.25234985 15.47753143 100 107 115
245955.60498047 3357472.68106079 16.28920364 26 32 30
245960.42706299 3357471.37353516 15.76603889 25 27 26
245958.61236572 3357468.33532715 15.44931030 120 118 103
245959.61254883 3357469.80343628 15.90803051 107 148 154
245957.41510010 3357472.94320679 16.13371658 28 32 31
245956.92474365 3357467.99789429 15.87103462 48 53 56
245960.40405273 3357471.52328491 16.26580048 63 71 82
245960.49285889 3357471.55630493 16.09034348 17 26 33
245956.97503662 3357467.77697754 15.89013195 40 44 47
245957.97906494 3357473.01452637 16.04219246 29 30 32
245958.69958496 3357471.07833862 16.54946327 38 41 48
245958.08703613 3357469.03927612 16.90340614 33 37 46
245958.10870361 3357467.81536865 15.62917423 52 59 65
245956.19091797 3357470.98519897 16.53239822 25 29 28
245957.04821777 3357467.32388306 16.63029480 55 62 68
245958.11706543 3357470.25833130 16.55129623 0 23 45
245958.63708496 3357468.95843506 16.59195518 62 63 68
245959.98223877 3357470.30715942 15.56215477 99 106 114
245958.84863281 3357466.63128662 15.49111366 96 106 108
245957.10449219 3357467.01364136 15.94093800 59 64 67
245959.07000732 3357466.94665527 15.46919060 94 105 111
245960.14752197 3357471.25018311 16.22212029 37 36 41
245956.93859863 3357468.25122070 15.81384945 66 71 67
245957.95532227 3357470.33380127 16.32610893 169 182 199
245958.09014893 3357470.97546387 15.97571850 46 54 56
245957.59454346 3357468.99948120 16.91551590 84 89 95
245959.44378662 3357468.70465088 15.56531429 101 102 107
245956.17907715 3357472.46481323 16.74646950 12 19 27
245960.02502441 3357471.22824097 16.19237900 79 77 82
245959.13159180 3357470.49310303 15.82842541 19 39 48
245959.28717041 3357469.25619507 16.37077141 144 183 188
245958.98724365 3357470.58044434 15.68240356 63 68 74
245956.01196289 3357472.72235107 16.22593307 33 37 40
245960.28283691 3357472.79837036 15.54500008 116 118 107
245957.32000732 3357469.39913940 16.91767693 136 164 186
245958.06396484 3357468.85156250 16.44215393 65 70 73
245958.41845703 3357466.97222900 15.64325428 82 92 94
245959.13513184 3357470.14953613 16.43780327 172 217 222
245957.03222656 3357467.87481689 15.67584801 50 55 58
245958.23333740 3357470.22875977 16.68052292 33 53 64
245959.67926025 3357468.52416992 15.43742085 103 106 111
245956.50067139 3357469.90652466 16.83333015 60 83 99
245958.21026611 3357466.52505493 15.49876785 83 91 94
245956.46673584 3357472.11361694 16.57852173 49 68 83
245958.99682617 3357471.04504395 16.00532532 45 51 51
245958.55346680 3357468.66839600 16.05370903 55 60 64
245956.12408447 3357472.75338745 16.22053528 22 25 30
245958.99780273 3357471.10037231 16.39532089 21 31 33
245957.38934326 3357472.41888428 16.88815498 70 82 96
245959.69464111 3357471.53076172 16.23310089 50 66 91
245959.41638184 3357473.11251831 16.19702148 61 68 76
245958.66851807 3357467.72393799 16.04290390 117 135 149
245956.49847412 3357472.05871582 16.57468605 53 72 89
245958.81915283 3357467.31204224 16.04845810 77 86 83
245959.60736084 3357471.09735107 15.94289303 25 31 31
245956.49230957 3357469.88476563 17.10864830 3 14 20
245959.55303955 3357471.19235229 16.23660851 25 32 42
245959.81475830 3357471.19268799 16.13164520 26 29 34
245958.44903564 3357467.10791016 15.80507469 82 92 94
245956.92016602 3357471.11856079 16.54578590 61 62 66
245956.20227051 3357471.54635620 16.23225021 64 83 100
245955.95989990 3357471.52917480 16.57473183 11 16 20
245956.16900635 3357472.58657837 16.86540413 31 36 39
245956.44573975 3357472.79827881 16.33756065 22 27 30
245959.87005615 3357468.65515137 15.41938496 85 93 96
245956.33990479 3357470.58004761 15.91303635 55 57 56
245958.25445557 3357467.09213257 16.17139053 80 89 88
245959.03491211 3357469.86697388 16.46239090 35 54 68
245957.56207275 3357471.03237915 16.34042549 24 25 30
245956.17541504 3357470.73724365 16.25639725 35 39 42
245958.29364014 3357470.26950073 16.59118652 4 26 40
245957.16381836 3357472.03265381 16.72017860 55 72 90
245957.14093018 3357466.63314819 15.63197994 60 70 72
245957.87304688 3357467.08679199 15.96719933 72 82 83
245959.49908447 3357470.44534302 15.61335468 71 79 90
245956.84411621 3357471.53958130 16.66985893 57 76 91
245959.49182129 3357471.57171631 16.33605003 56 73 93
245958.91174316 3357470.79205322 15.63030624 135 130 108
245958.56768799 3357470.03057861 16.73185158 54 84 118
245957.86907959 3357470.33648682 16.27095032 151 160 175
245956.98291016 3357471.04766846 16.39596939 6 9 14
245958.52172852 3357470.94439697 15.91934013 48 52 55
245958.74890137 3357472.68902588 16.52201843 82 147 187
245957.05157471 3357472.72415161 16.69613266 21 24 29
245960.44287109 3357471.42282104 15.57600117 41 42 36
245957.33709717 3357469.36398315 16.91732025 140 168 192
245959.58630371 3357469.99346924 15.96647930 141 178 184
245959.27716064 3357472.13314819 16.57329750 19 48 82
245957.66137695 3357471.60363770 16.83482742 35 53 73
245955.84387207 3357471.69866943 16.85249329 8 11 16
245957.18286133 3357471.41674805 16.79011345 24 37 45
245956.61047363 3357466.93966675 15.83996964 51 56 59
245959.65673828 3357467.49075317 15.83822918 109 113 122
245956.30523682 3357470.91491699 16.18927193 27 32 35
245959.57189941 3357470.68133545 15.43018246 87 89 86
245956.19952393 3357472.76522827 16.28882980 27 31 34
245958.24664307 3357467.95028687 15.53090858 61 70 77
245958.01513672 3357473.02282715 16.18052101 17 22 25
245956.29132080 3357470.54968262 16.01150131 38 42 41
245957.84539795 3357468.84130859 16.49592209 69 74 77
245959.74389648 3357470.66003418 15.39806747 96 97 99
245960.49511719 3357472.52832031 15.83997822 72 79 85
245959.55828857 3357470.24481201 15.88383102 46 74 85
245958.52130127 3357472.88397217 16.50671387 189 189 197
245957.17535400 3357471.21405029 16.65315247 4 9 15
245959.75543213 3357472.11120605 16.26881599 48 63 86
245959.23114014 3357467.34793091 15.65523338 118 125 135
245957.38061523 3357467.11816406 16.32225037 57 62 65
245959.23114014 3357468.82073975 15.99651909 72 76 77
245957.80633545 3357470.79696655 15.80501270 56 61 57
245959.46752930 3357471.73556519 16.38869286 52 69 95
245960.28692627 3357472.69393921 16.24744415 35 44 59
245958.33489990 3357469.53442383 16.85854149 182 217 237
245957.71118164 3357467.65127563 16.29204941 116 128 140
245959.76409912 3357468.41577148 15.42375374 153 154 140
245956.95599365 3357468.20510864 16.44668388 29 39 40
245958.43914795 3357469.75283813 16.87426567 193 226 231
245958.14007568 3357468.19168091 15.42938328 113 111 99
245956.51660156 3357470.28616333 16.01642799 17 21 24
245958.82019043 3357470.92175293 15.69478798 66 68 65
245960.38824463 3357471.30480957 15.79824352 37 39 38
245956.92321777 3357468.22616577 16.69211960 29 40 36
245959.75207520 3357468.83377075 15.44612122 114 121 127
245958.34918213 3357469.61071777 16.85897064 183 219 235
245958.11450195 3357470.07608032 16.77899742 135 158 174
245959.32806396 3357467.59213257 16.14166069 121 130 137
245957.23748779 3357466.77301025 15.63536930 64 75 77
245958.15795898 3357468.93890381 16.64179039 61 66 69
245959.78424072 3357471.11059570 15.78054905 35 39 42
245959.43280029 3357471.65151978 16.39836311 55 70 93
245957.43017578 3357467.60769653 16.39454651 129 139 149
245957.86962891 3357470.24813843 16.50532341 37 68 89
245957.49182129 3357472.65487671 16.80544281 26 29 36
245958.02911377 3357467.08889771 16.30999374 64 72 75
245957.22308350 3357470.38076782 15.82083416 43 47 48
245959.14416504 3357473.04370117 16.32503510 66 75 80
245957.15673828 3357467.04122925 16.02079010 58 63 66
245957.82775879 3357470.22140503 16.55978966 1 28 47
245959.60052490 3357470.30105591 15.71403122 41 55 64
245956.91674805 3357472.84744263 16.44091606 22 23 27
245960.12829590 3357470.54287720 15.48187160 92 99 105
245958.02783203 3357467.09219360 16.06803131 73 83 84
245957.83972168 3357467.44018555 16.62160683 1 1 0
245958.60705566 3357469.92022705 16.67202187 57 92 130
245957.00518799 3357471.51431274 16.69711685 36 50 63
245957.40063477 3357468.82519531 16.62833786 55 64 63
245958.32788086 3357468.50076294 15.70004654 61 66 70
245958.07623291 3357471.71633911 16.87117386 39 57 79
245959.96215820 3357471.14352417 15.77251911 40 41 45
245958.17663574 3357470.21386719 16.66522598 36 56 67
245960.20477295 3357469.32269287 15.48698425 109 118 123
245959.30999756 3357466.85598755 15.45411491 109 116 122
245957.81579590 3357470.11007690 16.78502655 127 130 137
245957.35772705 3357466.93524170 15.64714909 67 77 79
245958.70892334 3357470.75262451 15.62218571 110 112 98
245957.80847168 3357470.02853394 16.81319809 205 222 238
245957.02734375 3357467.48968506 16.58199883 8 17 24
245960.16662598 3357472.61407471 16.24356842 37 50 69
245959.59533691 3357468.98654175 15.61943913 71 80 87
245956.96264648 3357470.31234741 15.94000244 18 19 23
245956.47436523 3357471.37683105 16.59442711 14 19 22
245959.05786133 3357468.64712524 15.81495476 80 79 85
245958.13818359 3357469.99545288 16.82309532 180 208 220
245959.79382324 3357470.91854858 15.47211742 94 93 73
245960.43579102 3357471.39218140 15.86771011 36 37 39
245958.77874756 3357473.06927490 16.29634476 40 43 50
245957.54315186 3357469.37994385 16.86852074 166 193 220
245960.21661377 3357469.62747192 15.54088116 104 114 123
245956.06103516 3357470.66955566 16.74018860 16 25 24
245957.18341064 3357471.86062622 16.67642784 49 66 84
245956.84613037 3357467.93225098 16.62592316 33 44 40
245960.40594482 3357472.68554688 15.63995075 103 108 112
245956.62304688 3357472.61907959 16.75602722 22 23 25
245959.72698975 3357467.80218506 15.76823997 71 76 80
245956.44177246 3357470.73135376 15.73358822 57 59 58
245958.87829590 3357469.30862427 16.48931503 104 121 139
245958.45361328 3357469.89520264 16.87788010 188 217 225
245958.50299072 3357473.09906006 16.12141037 28 31 36
245957.04980469 3357469.05441284 16.95391846 37 51 60
245958.04376221 3357467.62207031 16.34096527 169 181 195
245958.33203125 3357470.87359619 15.94986343 56 58 57
245958.62609863 3357467.11331177 15.67998791 88 100 100
245957.14550781 3357472.06347656 16.73174286 56 73 91
245957.12750244 3357470.11798096 16.60842514 16 39 55
245957.61871338 3357469.95581055 16.83880234 160 186 203
245956.97174072 3357471.60833740 16.62363625 45 66 83
245957.25585938 3357472.90890503 16.17195320 31 35 36
245960.15264893 3357471.91247559 16.16873741 30 51 72
245957.98828125 3357467.09054565 16.17248344 70 80 81
245959.61535645 3357469.08175659 15.67846680 66 76 85
245957.17242432 3357471.81240845 16.66214561 44 59 78
245957.58172607 3357471.69821167 16.80504417 39 57 79
245957.99603271 3357471.79748535 16.89137268 42 60 80
245959.00659180 3357467.41192627 16.41499710 92 100 103
245958.27740479 3357468.80200195 16.40489197 47 53 53
245959.15423584 3357469.88580322 16.43353653 42 66 70
245960.22747803 3357471.22598267 16.11285973 19 23 24
245956.81072998 3357467.63687134 16.58511353 27 37 38
245958.92907715 3357470.85668945 15.64797497 107 102 83
245958.51361084 3357471.63775635 16.82450104 43 72 102
245955.85156250 3357471.59588623 16.95829964 5 10 13
245956.89068604 3357472.58624268 16.78540230 11 16 20
245956.60870361 3357472.79943848 16.48738480 40 41 45
245956.42437744 3357470.15594482 16.37207603 165 171 183
245956.84826660 3357467.47109985 16.58525848 45 57 57
245957.88903809 3357471.71835327 16.86541176 40 58 78
245958.08508301 3357473.01098633 16.34274101 31 36 39
245957.55706787 3357471.04647827 16.42761421 18 17 25
245958.52984619 3357470.95605469 16.23192406 48 52 55
245959.68957520 3357472.68444824 16.28827667 47 63 86
245957.69635010 3357469.64898682 16.82798767 162 191 209
245956.48913574 3357469.90161133 16.92806625 6 18 30
245957.40722656 3357472.84854126 16.51240730 88 93 97
245956.58343506 3357469.91030884 16.94845963 8 24 37
245958.89282227 3357467.29974365 16.49797821 63 72 77
245959.72375488 3357469.68142700 15.63014889 59 72 80
245957.42004395 3357468.10562134 15.46001720 42 47 41
245960.57708740 3357472.02139282 15.75181293 88 98 100
245958.75970459 3357471.00515747 15.94653893 43 49 49
245957.34802246 3357468.76077271 16.62020683 41 50 49
245958.54309082 3357468.73550415 16.20849037 53 61 64
245957.72845459 3357472.61218262 16.85490036 148 161 178
245958.34625244 3357472.58920288 16.71739006 60 78 102
245957.86102295 3357467.64151001 16.30711937 138 150 164
245957.65277100 3357468.44650269 15.66189098 59 65 65
245959.40393066 3357470.42321777 16.01671028 128 160 171
245956.55468750 3357470.96145630 16.13200378 19 24 27
245959.52117920 3357473.19528198 15.93222618 85 83 88
245958.92425537 3357466.89065552 15.48167515 95 104 109
245959.52850342 3357471.60116577 16.31362724 52 67 90
245956.87347412 3357467.03637695 15.99652863 53 59 59
245957.29077148 3357472.15570068 16.78347015 60 76 91
245957.85687256 3357467.07574463 15.79014778 72 82 83
245958.93603516 3357467.76364136 16.15615273 110 127 137
245957.26715088 3357470.27969360 16.13946915 144 148 159
245959.20062256 3357467.00555420 15.46854019 100 109 116
245959.39477539 3357471.35150146 16.38182259 55 71 87
245956.41528320 3357470.07357788 16.52198982 198 210 224
245959.48388672 3357471.59100342 16.34618378 56 72 95
245960.41094971 3357471.33935547 16.07785988 27 31 34
245955.99188232 3357472.10070801 16.35234261 8 21 30
245959.16461182 3357472.16229248 16.55962944 74 141 186
245960.22009277 3357470.21719360 15.54154873 98 105 113
245958.37670898 3357472.98870850 16.46290779 15 19 22
245958.45745850 3357472.91598511 16.50396729 112 117 121
245960.40100098 3357471.32266235 15.89987659 45 47 46
245956.30664063 3357472.41162109 16.70996857 32 41 48
245955.90234375 3357471.89425659 16.48746300 10 17 23
245958.18957520 3357473.04608154 16.10695267 19 23 26
245958.91949463 3357468.55355835 15.66212273 77 83 83
245957.83441162 3357468.93304443 16.74137306 27 35 38
245959.41967773 3357472.32150269 16.44662476 59 77 99
245957.14013672 3357467.05249023 16.05194092 57 62 65
245959.74267578 3357473.08731079 15.52844048 66 70 69
245956.92352295 3357467.83569336 16.00573349 33 38 41
245959.60131836 3357469.21118164 15.89314270 86 123 131
245959.83856201 3357471.80627441 16.18702888 37 55 77
245958.93273926 3357469.61526489 16.44518089 77 99 120
245957.99365234 3357473.01831055 16.14310074 19 23 26
245958.23504639 3357468.68713379 16.18266678 57 62 65
245956.48516846 3357470.18353271 16.28502274 165 167 180
245957.83996582 3357466.55197144 15.50244141 75 85 87
245957.42248535 3357471.03884888 16.34805107 15 18 23
245957.87255859 3357472.99578857 16.25539589 26 27 31
245958.92187500 3357469.21820068 16.49475670 59 77 89
245960.45520020 3357471.46801758 16.13606453 11 19 22
245959.15551758 3357471.06558228 16.28580475 53 57 60
245957.79492188 3357467.69564819 15.78420639 67 74 80
245957.01458740 3357472.70437622 16.71895027 22 23 28
245956.35522461 3357470.52615356 15.91196060 44 45 47
245958.19537354 3357469.51437378 16.84395599 181 214 231
245957.67437744 3357468.48306274 15.87589455 50 56 56
245958.21276855 3357470.29223633 16.47450829 4 22 42
245959.37432861 3357467.22741699 15.58420372 125 134 143
245958.87445068 3357471.09762573 16.52257538 37 40 45
245957.24633789 3357467.13336182 16.31499100 56 64 66
245959.23455811 3357466.89498901 15.45193005 96 103 109
245958.08197021 3357470.03213501 16.80349541 188 207 222
245956.31573486 3357472.77075195 16.50302124 18 19 21
245958.19055176 3357473.03817749 15.99359226 27 31 32
245960.31671143 3357470.40405273 15.46791458 114 122 124
245955.99707031 3357471.02911377 16.80549622 25 29 30
245959.06201172 3357467.65325928 16.37119865 176 190 190
245957.35833740 3357470.75219727 15.78850269 65 70 64
245958.17626953 3357470.26608276 16.54905510 1 23 44
245959.11834717 3357468.98089600 16.31070900 59 68 73
245955.90344238 3357471.40048218 17.01573944 13 19 19
245956.29278564 3357472.76568604 16.52542877 18 19 21
245956.90747070 3357470.77554321 15.79151440 68 70 67
245958.78857422 3357471.39916992 16.60728645 32 58 73
245959.80627441 3357469.41772461 15.57106495 66 75 82
245956.24060059 3357471.53073120 16.28476524 64 83 98
245959.92883301 3357469.49801636 15.54459095 84 93 100
245960.05944824 3357472.46524048 16.22051811 46 65 82
245956.38323975 3357469.92175293 16.76544571 111 130 145
245960.25646973 3357470.72753906 15.40442371 110 111 106
245959.45239258 3357470.51495361 15.57374477 71 78 88
245960.24627686 3357472.32629395 16.22834969 36 51 70
245957.81701660 3357468.86758423 16.54339981 87 92 96
245958.93682861 3357472.49487305 16.51165199 63 139 175
245960.27667236 3357471.04644775 15.39815903 100 100 102
245956.48925781 3357469.90060425 16.95435524 6 18 30
245955.90039063 3357472.43951416 16.58496475 9 14 17
245958.31909180 3357466.80514526 15.54664230 88 98 100
245957.11480713 3357468.84344482 16.83328056 29 39 40
245956.50830078 3357467.18563843 16.23844337 40 51 47
245959.08508301 3357471.83889771 16.55791092 127 185 225
245959.90972900 3357471.53793335 16.18173218 41 57 82
245959.36627197 3357468.71820068 15.66610146 92 96 99
245958.59106445 3357469.01187134 16.71709251 36 38 35
245957.28656006 3357472.76037598 16.64867973 14 17 22
245958.45971680 3357473.07876587 16.27887917 23 27 30
245959.02838135 3357471.60671997 16.55442429 75 139 185
245959.52648926 3357470.05319214 16.22863770 59 103 116
245958.37225342 3357470.77026367 15.84445286 81 83 80
245960.12030029 3357472.77050781 16.23998833 32 48 64
245957.58325195 3357471.53750610 16.81257248 38 54 70
245959.48181152 3357470.37365723 15.88175106 48 81 88
245959.53912354 3357473.18713379 15.89931965 45 44 49
245956.85937500 3357470.10614014 16.53499222 149 180 201
245956.84143066 3357472.47399902 16.80838585 44 47 54
245959.09771729 3357471.70962524 16.55070686 47 115 162
245958.20922852 3357470.19836426 16.72401619 54 70 85
245956.40509033 3357467.11062622 16.02408409 41 50 47
245958.16577148 3357467.09201050 16.14234734 76 85 84
245956.92510986 3357469.78326416 16.92633820 58 76 88
245958.69134521 3357470.45861816 16.20985031 55 82 91
245958.54840088 3357472.65414429 16.64110374 89 159 185
245960.32720947 3357472.81472778 15.95256138 77 82 88
245958.42034912 3357466.74691772 15.53135967 92 102 104
245957.19982910 3357470.43551636 15.79818726 53 58 61
245959.55981445 3357469.21234131 16.13658714 89 123 132
245957.01153564 3357471.65026855 16.61568832 47 65 85
245956.17364502 3357470.81231689 16.31213760 35 39 42
245955.97698975 3357471.35916138 16.70622253 12 16 19
245957.15612793 3357472.16162109 16.77424431 58 73 92
245958.37158203 3357471.08804321 16.41666794 10 14 17
245958.84185791 3357472.94064331 16.49509430 254 255 255
245957.27777100 3357472.51174927 16.87552643 68 75 85
245959.49035645 3357471.27984619 16.29724693 34 46 58
245956.56463623 3357472.54046631 16.81425667 39 47 50
245959.23754883 3357468.38601685 15.49883747 140 137 120
245958.49462891 3357467.53414917 16.59370995 17 27 28
245957.54516602 3357472.91979980 16.41674232 20 21 23
245959.71887207 3357472.58584595 16.27762222 43 60 80
245959.70440674 3357468.09176636 15.51178360 108 115 125
245960.45922852 3357471.48577881 16.14483833 20 29 34
245957.70037842 3357471.00909424 16.12536812 31 32 34
245959.51086426 3357470.09033203 16.24835014 82 126 139
245958.36462402 3357467.09085083 16.31321716 86 92 88
245956.39483643 3357470.86569214 15.92550755 39 43 44
245959.18218994 3357470.72955322 15.70516872 97 94 85
245957.09625244 3357469.32305908 16.97785187 106 132 155
245959.59106445 3357468.77883911 15.51541042 107 112 118
245958.25854492 3357472.36581421 16.83417320 40 58 80
245956.91577148 3357467.95697021 16.00126457 33 41 43
245958.10229492 3357471.96838379 16.93551826 46 62 85
245956.35736084 3357472.55514526 16.89829826 10 14 17
245959.41821289 3357472.88626099 16.43941116 93 106 123
245956.18273926 3357470.51232910 16.26761818 32 37 40
245958.45928955 3357466.77944946 15.54201889 91 101 103
245958.20172119 3357468.00900269 15.50290298 60 67 75
245957.97985840 3357468.14379883 15.44041824 69 70 62
245957.64068604 3357468.13568115 15.44652557 48 51 44
245956.87457275 3357469.68957520 16.98447037 15 24 33
245958.91137695 3357467.27175903 16.31170464 65 75 76
245958.23657227 3357473.05044556 16.02478027 28 32 33
245957.10211182 3357468.51754761 16.66572380 26 36 37
245958.80993652 3357467.23159790 16.16232109 71 82 76
245959.66369629 3357472.03900146 16.29204369 45 61 86
245955.83868408 3357471.65252686 16.93046570 11 14 19
245958.65124512 3357466.58895874 15.49586010 96 101 105
245956.28021240 3357472.25231934 16.51760674 49 65 80
245959.13177490 3357471.98471069 16.56054688 73 135 172
245956.24353027 3357467.05221558 15.93442726 37 46 41
245957.33380127 3357471.63351440 16.71471214 38 57 74
245956.55480957 3357472.26766968 16.69595337 47 64 80
245959.29199219 3357468.06066895 15.54705429 107 112 118
245957.10632324 3357470.05972290 16.80985260 194 201 211
245956.04168701 3357471.00796509 16.73479080 24 29 32
245957.70678711 3357470.15216064 16.68748093 19 29 31
245958.18371582 3357466.24978638 15.46269703 78 83 87
245957.50939941 3357472.83251953 16.55227661 14 15 19
245956.28479004 3357471.23541260 16.58898163 10 14 17
245958.21295166 3357470.71676636 15.76870346 90 91 86
245958.52423096 3357469.76473999 16.82581711 63 84 105
245958.57238770 3357468.23458862 15.43353653 127 127 115
245957.45739746 3357468.44723511 15.71516991 50 56 56
245958.29443359 3357467.98541260 15.51383495 55 62 72
245958.88867188 3357473.09265137 15.84807110 33 37 40
245957.23596191 3357470.29953003 15.94062424 121 124 133
245957.85247803 3357470.85110474 15.82835388 56 60 59
245958.55023193 3357467.14105225 16.13796425 86 92 88
245959.33422852 3357473.11074829 16.22074318 58 65 71
245957.71240234 3357469.55630493 16.82721138 167 195 217
245955.76806641 3357472.00335693 16.96056366 8 12 15
245958.82067871 3357467.69793701 16.26276398 152 162 171
245957.01049805 3357472.69348145 16.72522926 26 29 34
245959.75061035 3357469.13604736 15.52161503 76 85 92
245959.55462646 3357467.26007080 15.60273743 152 159 167
245956.98614502 3357472.01272583 16.69528389 52 69 87
245956.57568359 3357470.19409180 16.23125458 176 178 190
245957.16723633 3357471.51077271 16.72096252 34 50 65
245959.35504150 3357468.09271240 15.53159523 106 109 114
245959.86224365 3357468.04348755 15.47675705 108 115 125
245958.30151367 3357468.01733398 15.50218487 61 65 74
245957.06079102 3357472.88385010 16.04567909 22 26 29
245959.61779785 3357467.49099731 15.83755779 108 112 121
245955.73986816 3357472.25051880 16.81376266 12 17 20
245957.80718994 3357472.98025513 15.95378399 38 39 41
245956.49090576 3357470.78808594 15.79167843 45 47 46
245960.24456787 3357471.54739380 16.19963264 29 42 58
245958.46429443 3357470.85720825 15.89052105 70 73 66
245959.66589355 3357471.75228882 16.25125313 50 66 89
245956.46112061 3357471.20999146 16.58248711 21 25 26
245959.42913818 3357470.37820435 16.06391525 112 152 162
245957.37402344 3357470.19720459 16.50972748 106 135 153
245956.84143066 3357467.93658447 16.64990425 31 43 39
245956.78546143 3357472.63513184 16.74576378 15 19 22
245957.01940918 3357472.18319702 16.77136993 54 71 89
245957.25482178 3357467.63769531 16.22247696 126 146 147
245958.82360840 3357472.90457153 16.52550316 227 231 240
245958.26019287 3357466.86642456 15.58389473 85 95 97
245960.49420166 3357472.53524780 15.67569160 79 86 94
245959.05578613 3357468.22644043 15.43313503 91 92 84
245959.35461426 3357468.81790161 15.79425526 94 98 101
245958.66210938 3357470.97079468 15.81285286 53 58 61
245957.31591797 3357470.28445435 15.94136524 121 125 136
245960.18231201 3357471.88229370 16.17422104 25 43 63
245957.45501709 3357470.61578369 15.75048351 88 93 87
245957.24896240 3357468.67858887 16.65360260 37 45 47
245959.29821777 3357472.10876465 16.56268311 15 36 65
245956.83563232 3357471.05798340 16.47203064 11 12 16
245958.83386230 3357470.95501709 15.74285030 64 68 69
245957.74273682 3357468.52777100 16.04549408 52 58 58
245958.32928467 3357470.30368042 16.48464203 13 31 41
245959.13269043 3357470.35128784 16.37819862 147 212 218
245957.24169922 3357471.65820313 16.67871857 35 52 72
245958.13330078 3357466.57824707 15.50646496 84 93 98
245956.50109863 3357470.74588013 15.77042961 51 51 51
245959.71539307 3357467.58255005 15.93690395 121 128 136
245958.92358398 3357472.35830688 16.50930977 54 131 175
245959.83666992 3357467.33883667 15.60871124 105 113 116
245958.67315674 3357469.43945313 16.63438034 23 39 55
245956.90570068 3357467.82958984 16.37134743 51 61 63
245958.73663330 3357471.33248901 16.63964272 16 25 30
245958.12786865 3357467.07815552 15.82353973 74 84 86
245958.84075928 3357468.84774780 16.27037430 47 52 56
245958.61358643 3357470.21688843 16.63963890 52 76 102
245958.41113281 3357470.48416138 16.20120621 59 77 81
245957.63323975 3357469.19711304 16.89836693 161 183 206
245957.18304443 3357467.43157959 16.67983246 58 69 73
245957.99768066 3357466.57864380 15.50960064 85 94 99
245958.89916992 3357467.27398682 15.67131138 100 111 115
245958.32312012 3357470.95999146 16.11273956 50 53 58
245956.54577637 3357472.75091553 16.58550262 16 16 18
245959.11663818 3357472.16589355 16.55035782 64 138 187
245958.04064941 3357467.09255981 16.01114845 74 84 85
245958.26605225 3357473.04046631 15.83623409 35 39 40
245957.98901367 3357472.93670654 16.46640778 67 78 80
245959.61437988 3357467.79437256 15.74793530 90 97 103
245956.29724121 3357470.16467285 16.43364334 124 129 135
245957.95776367 3357471.37551880 16.78239250 37 45 56
245956.23144531 3357472.39706421 16.64921761 26 35 44
245958.39965820 3357468.64862061 16.05105591 52 60 63
245958.88336182 3357467.94149780 15.58434391 80 91 97
245959.08636475 3357470.60678101 15.72638798 67 70 75
245958.74890137 3357470.36584473 16.47550011 168 197 213
245959.76348877 3357470.48745728 15.49410820 101 106 112
245956.59161377 3357471.63146973 16.50511742 56 74 96
245957.85894775 3357469.65310669 16.81308174 171 202 222
245955.95574951 3357471.26678467 16.77692032 15 23 25
245960.14843750 3357470.99014282 15.41886234 107 104 95
245959.47119141 3357467.11706543 15.52694511 121 128 136
245959.27752686 3357471.37823486 16.46291733 50 62 78
245958.90661621 3357469.00424194 16.44852448 65 69 78
245957.33782959 3357468.15802002 15.46192360 74 77 66
245959.17504883 3357470.26016235 16.39690590 149 212 219
245957.07995605 3357468.32214355 16.22679710 46 55 54
245956.92437744 3357468.14865112 16.47741890 31 41 40
245958.20983887 3357470.89459229 15.88937187 52 55 62
245957.88220215 3357466.42462158 15.48368359 72 81 86
245958.96258545 3357468.94186401 16.32491684 36 44 47
245958.29492188 3357467.09274292 16.14493370 83 92 91
245956.40252686 3357472.69042969 16.65917206 72 72 74
245958.60614014 3357470.68591309 15.72252560 84 88 74
245957.02923584 3357466.52975464 15.62999916 57 65 68
245959.14678955 3357469.66973877 16.43419456 7 27 34
245960.17675781 3357472.54519653 16.23887825 36 49 68
245956.66094971 3357470.15780640 16.30772400 182 190 201
245958.39721680 3357469.35354614 16.85439491 185 216 236
245960.51605225 3357472.28463745 16.25301170 52 64 78
245956.96319580 3357467.73092651 16.23836136 65 76 80
245958.81134033 3357470.84130859 15.63361454 100 98 83
245957.23803711 3357469.09545898 16.91325188 132 148 163
245958.12481689 3357468.82739258 16.40332794 51 60 59
245959.90399170 3357472.04501343 16.20116806 39 55 80
245956.95941162 3357472.63333130 16.76192474 21 26 30
245960.02648926 3357472.82418823 16.09583855 39 49 61
245958.62823486 3357470.95462036 15.78124809 57 61 62
245959.60534668 3357467.39352417 15.71407509 106 113 123
245956.63555908 3357470.25015259 16.06089020 46 49 56
245957.64086914 3357467.54113770 16.47273827 44 51 59
245958.16540527 3357468.50427246 15.69986343 59 68 67
245956.89440918 3357467.93823242 16.46379662 38 46 48
245956.65521240 3357470.04391479 16.56719017 179 194 213
245959.05493164 3357472.67709351 16.52811813 89 143 179
245958.83520508 3357473.09368896 15.97738361 26 29 34
245958.12023926 3357467.78491211 15.66102600 53 60 66
245957.30041504 3357472.37045288 16.87230301 78 91 107
245959.50250244 3357467.74066162 15.83515739 8 13 16
245960.33148193 3357472.05322266 16.26850128 0 14 34
245959.00225830 3357470.61517334 15.67396545 69 73 76
245960.10595703 3357468.58218384 15.41305256 98 107 112
245957.99188232 3357472.64852905 16.70131111 56 70 83
245956.81109619 3357467.41979980 16.56706047 40 52 50
245959.22918701 3357467.88458252 15.64300728 77 80 85
245958.32751465 3357467.65954590 16.25259590 156 174 186
245958.19189453 3357473.05505371 16.22534752 16 20 23
245958.44982910 3357470.61666870 16.09329414 54 64 66
245957.30224609 3357471.19558716 16.63981628 3 6 11
245957.76794434 3357471.04226685 16.42589951 16 20 23
245956.31451416 3357471.06121826 16.50872421 8 9 11
245957.81842041 3357472.98291016 16.00144577 36 37 39
245956.40246582 3357472.02609253 16.49620056 55 72 92
245958.38330078 3357469.96539307 16.85868835 193 229 243
245956.99731445 3357469.30380249 16.99144173 89 107 121
245958.15850830 3357472.80316162 16.58868599 32 42 51
245959.46411133 3357468.66268921 15.53132629 96 99 104
245959.00286865 3357466.48944092 15.48095512 96 103 111
245957.27044678 3357469.53369141 16.91358757 128 153 175
245957.43090820 3357471.90441895 16.78079987 50 67 85
245957.07336426 3357469.00485229 16.93255806 28 41 47
245957.86035156 3357472.98983765 15.87343025 30 31 33
245956.86584473 3357471.65359497 16.60657501 45 68 86
245957.12603760 3357467.66369629 15.71457767 50 58 60
245959.54870605 3357467.56121826 15.98840809 129 138 147
245959.29821777 3357470.19262695 16.35732651 139 201 214
245957.41436768 3357469.55978394 16.86766243 151 177 200
245956.57586670 3357470.03866577 16.55369759 181 199 213
245959.69818115 3357470.79513550 15.42256737 146 142 115
245959.35668945 3357466.97195435 15.47561646 109 116 124
245956.72485352 3357470.31115723 15.92899990 21 31 33
245957.76879883 3357468.45938110 15.71015453 58 64 64
245959.51275635 3357469.85974121 16.28317070 144 200 213
245959.05523682 3357466.47329712 15.47896481 94 101 109
245956.78082275 3357470.97302246 16.14286232 18 23 27
245959.03112793 3357468.96142578 16.32270050 46 54 57
245957.00280762 3357470.54367065 15.78019619 62 68 68
245958.25988770 3357470.48999023 15.88939762 60 71 77
245958.24792480 3357468.40567017 15.50245667 74 76 73
245959.40991211 3357468.98129272 16.11316299 60 61 63
245957.38177490 3357472.31582642 16.86258125 71 87 103
245959.51745605 3357468.95532227 15.67612362 67 76 81
245958.22406006 3357470.37756348 16.28951454 125 141 156
245957.07104492 3357466.51510620 15.62476826 62 70 73
245959.65222168 3357467.59713745 15.98280811 132 139 149
245957.88293457 3357468.49209595 15.83728504 56 61 64
245957.82415771 3357469.13476563 16.90118980 175 192 212
245958.03723145 3357472.45654297 16.77640915 57 74 94
245959.38397217 3357467.81262207 15.69186401 12 20 23
245958.14038086 3357472.37759399 16.82066917 49 66 86
245957.57324219 3357471.73565674 16.80442047 39 55 78
245959.67687988 3357473.11300659 15.88617516 22 30 33
245957.38555908 3357468.44146729 15.77465057 51 55 56
245960.56292725 3357472.30340576 15.81531334 72 81 90
245959.09942627 3357470.38214111 16.35305023 139 202 207
245958.26647949 3357471.02578735 16.23748207 34 35 39
245958.35968018 3357467.62759399 16.33635139 184 198 209
245958.75268555 3357473.08850098 16.13084221 9 17 20
245959.37329102 3357471.01370239 15.80167389 62 68 66
245957.66107178 3357470.04882813 16.82665443 233 241 252
245959.30578613 3357468.89199829 16.07867050 69 69 69
245958.87200928 3357470.46646118 15.89353180 15 43 46
245957.07128906 3357466.95718384 15.86767387 57 62 65
245957.07226563 3357466.53643799 15.62872887 60 68 71
245957.57543945 3357468.93432617 16.79189682 23 28 31
245958.00250244 3357470.67312622 15.74585629 100 103 94
245959.54199219 3357472.01351929 16.35930061 52 68 93
245957.28625488 3357468.39160156 15.75847912 50 54 55
245956.89697266 3357470.34738159 15.89954948 21 29 32
245959.28204346 3357472.65225220 16.52813148 70 86 102
245958.45520020 3357467.78176880 15.72888088 32 41 46
245959.98931885 3357472.85552979 15.80506325 44 49 53
245960.02221680 3357471.17956543 16.05260658 24 25 27
245958.01794434 3357470.29858398 16.41732025 145 176 194
245959.33526611 3357472.21319580 16.54671669 35 53 75
245956.61334229 3357466.67465210 15.69369507 48 56 59
245959.62988281 3357467.54693604 15.97865200 123 130 140
245958.93670654 3357473.07095337 16.24901390 43 51 54
245956.73809814 3357467.18566895 16.26924515 41 50 49
245959.11218262 3357470.19714355 16.43576431 159 200 206
245956.63684082 3357469.99871826 16.62447739 160 173 189
245959.11608887 3357467.58233643 16.06890106 101 118 125
245960.36743164 3357472.91250610 15.32974625 135 136 122
245957.20202637 3357470.75155640 15.80526733 53 56 49
245957.28942871 3357470.75796509 15.79399109 40 45 39
245957.68920898 3357467.08416748 16.14533997 65 69 72
245959.19610596 3357469.95541382 16.42119217 176 213 219
245958.95764160 3357471.08016968 16.41184235 15 23 26
245956.67718506 3357471.28573608 16.64625168 9 12 17
245957.41210938 3357467.61071777 16.36983871 120 133 142
245956.67492676 3357472.76431274 16.57633591 22 21 26
245956.46368408 3357467.10986328 16.03991890 44 53 52
245958.03247070 3357468.85003662 16.44771385 63 71 73
245956.90960693 3357470.06762695 16.66623497 36 53 69
245958.86096191 3357469.78082275 16.48560905 106 142 174
245958.64843750 3357470.98406982 16.03897095 41 47 47
245959.60351563 3357467.91726685 15.59130859 112 119 127
245958.48632813 3357470.74414063 15.81581593 117 119 105
245958.66766357 3357471.53231812 16.71500397 56 106 143
245958.86016846 3357471.23193359 16.54998589 91 94 99
245958.83856201 3357471.01754761 15.90938759 45 50 53
245958.47613525 3357468.73275757 16.21953011 53 61 64
245958.44152832 3357473.08096313 16.03969765 19 23 26
245957.15246582 3357466.96499634 15.86107254 56 64 66
245959.35668945 3357471.75186157 16.47819901 56 67 87
245958.19714355 3357470.99853516 16.02503395 47 48 53
245960.16467285 3357472.89672852 15.70856571 84 88 91
245957.51422119 3357468.87585449 16.65894508 69 77 79
245956.69934082 3357467.18920898 16.27390671 41 51 50
245956.34124756 3357472.70303345 16.64741898 17 17 19
245960.21972656 3357468.50445557 15.41485786 98 102 103
245957.99578857 3357467.08752441 16.39886665 67 75 78
245958.74536133 3357466.79034424 15.50656796 94 104 106
245958.38275146 3357467.08612061 16.40430260 91 100 95
245959.32592773 3357467.12286377 15.52443695 116 125 134
245956.79760742 3357467.12255859 16.15500069 63 69 67
245959.71112061 3357473.09191895 15.93896008 49 56 62
245957.39001465 3357467.70529175 15.61565685 48 58 60
245960.46380615 3357471.56655884 16.23173332 55 67 79
245959.24145508 3357470.47192383 15.88007832 57 84 95
245958.43377686 3357467.48623657 16.73831749 11 16 19
245959.25695801 3357472.98104858 16.37560844 58 71 79
245956.47583008 3357471.47586060 16.52645493 48 61 69
245960.22180176 3357471.20458984 15.91597080 30 34 37
245957.80322266 3357472.98141479 16.15811539 22 26 27
245957.71722412 3357467.08468628 16.12453079 64 69 72
245957.77551270 3357469.53005981 16.82162857 169 200 220
245960.20672607 3357470.87829590 15.38210964 176 169 140
245958.17144775 3357470.77517700 15.77878666 73 74 68
245958.06201172 3357469.14746094 16.89127541 179 195 211
245955.65203857 3357472.68472290 16.04868126 45 49 48
245959.29986572 3357470.17416382 16.35950661 140 202 215
245958.44793701 3357467.00991821 15.64929390 84 94 96
245957.73358154 3357470.49960327 15.79691696 81 86 89
245959.13641357 3357468.56021118 15.66433907 76 79 84
245957.31976318 3357466.96380615 15.70194530 65 76 78
245959.66149902 3357471.19271851 16.18374062 20 25 31
245957.47271729 3357469.13235474 16.90009689 146 168 192
245956.76171875 3357471.88906860 16.59910011 52 69 89
245957.64392090 3357469.96148682 16.83594894 179 200 217
245956.19732666 3357470.34152222 16.33301544 29 34 37
245956.64147949 3357466.72784424 15.71502590 48 56 59
245956.69763184 3357472.83175659 16.14366150 34 35 37
245959.50653076 3357467.67303467 16.01426697 165 173 184
245957.49755859 3357472.97009277 16.00605965 25 26 30
245960.16723633 3357471.20721436 16.04520226 24 25 29
245959.77734375 3357471.94113159 16.23255539 44 62 84
245956.14733887 3357470.39022827 16.43041992 28 36 38
245959.35192871 3357470.48220825 15.82457161 67 87 98
245958.60003662 3357470.98269653 16.31579590 48 51 56
245957.55633545 3357471.12704468 16.58845711 80 80 88
245956.45977783 3357471.87048340 16.46098137 53 71 91
245959.98461914 3357471.58541870 16.17308807 41 58 78
245958.45996094 3357472.06854248 16.89700890 22 41 56
245959.75573730 3357471.94616699 16.24163246 46 62 85
245959.33593750 3357469.60107422 16.36352730 135 202 211
245956.79040527 3357472.42602539 16.79556274 54 63 70
245958.46356201 3357467.09909058 16.28045654 90 96 92
245959.17504883 3357467.51779175 16.27116776 92 102 104
245959.01647949 3357467.11636353 15.53699398 107 114 120
245958.42504883 3357470.50009155 16.16133690 35 46 52
245957.80126953 3357468.71231079 16.35282898 51 59 61
245958.92022705 3357467.27636719 16.38401222 73 83 85
245957.96899414 3357471.93984985 16.91425323 46 64 84
245957.44555664 3357472.54217529 16.88483047 108 117 132
245958.90197754 3357468.99603271 16.44232941 65 69 78
245956.71319580 3357471.94442749 16.60872650 52 68 91
245960.54217529 3357471.83215332 16.13455200 50 63 79
245960.12823486 3357472.44387817 16.22452927 38 55 73
245957.43420410 3357472.52502441 16.88506126 151 163 179
245959.41705322 3357473.18237305 15.99425316 126 122 123
245960.19464111 3357471.27670288 16.26688576 85 84 89
245957.21228027 3357470.26055908 16.26880646 172 177 183
245958.81341553 3357469.93719482 16.49749565 77 118 148
245955.69958496 3357472.66705322 16.21647644 28 32 31
245959.56384277 3357468.94842529 15.61893177 76 83 89
245958.28540039 3357469.05780029 16.89058876 60 63 70
245956.90777588 3357467.93545532 16.05957031 29 37 39
245956.42041016 3357471.41793823 16.54183960 11 20 27
245958.45593262 3357470.61013794 16.16280556 36 49 55
245957.11181641 3357468.33224487 16.03248024 48 54 54
245957.87567139 3357470.39810181 15.98526287 111 124 133
245960.36267090 3357471.28082275 15.48435974 48 50 45
245958.49188232 3357469.00381470 16.75493813 37 37 37
245959.91192627 3357470.08346558 15.59475517 87 96 103
245957.92663574 3357470.37234497 16.10194588 98 111 120
245958.67901611 3357471.96899414 16.70799446 54 109 148
245957.24835205 3357472.90686035 16.17890167 31 35 36
245957.08575439 3357467.04013062 16.01505661 57 62 65
245958.57824707 3357470.48489380 16.20461845 53 70 77
245957.11914063 3357468.94299316 16.88656044 35 46 50
245958.52416992 3357470.45635986 16.27309036 32 45 51
245959.33361816 3357470.59487915 15.66141701 69 78 85
245958.33380127 3357471.95593262 16.94680405 30 48 68
245957.79425049 3357468.55676270 16.12181282 51 56 59
245960.50665283 3357472.07476807 16.30551720 42 52 64
245957.39544678 3357467.64663696 16.18037033 112 129 136
245959.02844238 3357473.09362793 16.21839523 46 56 58
245958.97619629 3357469.29565430 16.47372818 89 108 125
245956.11700439 3357472.51470947 16.75562286 10 18 21
245956.21948242 3357470.28445435 16.35755539 77 81 84
245958.35955811 3357470.96954346 16.21378326 49 50 54
245958.47839355 3357469.46490479 16.85334206 205 233 245
245958.17163086 3357466.72698975 15.52221680 81 90 95
245960.49249268 3357471.99829102 16.27598763 58 70 92
245956.86877441 3357467.23300171 16.44251251 41 50 49
245959.17181396 3357471.05612183 15.96973324 49 53 56
245957.44366455 3357467.94439697 15.52661133 50 60 62
245956.99188232 3357468.25515747 16.23081970 47 56 55
245957.61425781 3357467.65350342 15.87099552 85 94 99
245959.15313721 3357471.71163940 16.54053116 54 121 166
245957.27563477 3357468.40475464 16.02872849 52 58 58
245957.05407715 3357471.04467773 16.32502365 5 8 15
245956.70526123 3357471.02832031 16.41419601 12 13 15
245958.41687012 3357473.09851074 16.14840698 23 27 30
245957.91522217 3357469.26806641 16.86137772 169 201 224
245960.57385254 3357471.97698975 15.80623913 88 98 100
245956.86157227 3357470.72012329 15.76021767 90 91 86
245957.59082031 3357467.07196045 15.90289497 65 75 76
245957.61145020 3357467.65631104 15.93458843 97 108 114
245959.93548584 3357472.87161255 16.10114670 58 66 77
245959.56121826 3357469.08831787 15.87477016 83 106 114
245958.40850830 3357473.02395630 15.78852463 36 42 42
245959.48101807 3357469.66110229 16.32475471 135 189 201
245959.32635498 3357472.39001465 16.52522278 40 56 81
245958.74530029 3357468.92385864 16.44822121 35 34 40
245958.32409668 3357469.52041626 16.85706902 182 217 237
245959.39581299 3357469.18423462 16.31892586 131 181 188
245956.74993896 3357472.31604004 16.77366447 47 60 76
245958.39874268 3357469.61868286 16.86715126 184 221 237
245957.99261475 3357467.82272339 15.62239361 61 68 74
245956.25238037 3357472.36508179 16.60075378 36 46 55
245957.08135986 3357470.16729736 16.48013306 205 228 242
245957.26068115 3357468.30480957 15.51522255 63 66 57
245958.38055420 3357468.49594116 15.68502903 67 68 73
245956.71850586 3357472.20782471 16.72799683 50 68 82
245957.96588135 3357467.68844604 15.88614464 124 134 144
245959.60919189 3357472.67321777 16.33082771 50 68 90
245958.81140137 3357467.16217041 16.29551697 72 84 82
245957.86474609 3357467.08334351 15.91400433 73 83 84
245959.54058838 3357471.10714722 16.01652908 21 26 30
245958.47515869 3357470.60440063 16.09862137 37 48 50
245956.60479736 3357466.91168213 15.81954956 48 57 56
245958.01007080 3357466.33837891 15.47292328 73 80 86
245957.79876709 3357471.31796265 16.75684357 25 32 40
245960.17407227 3357467.89770508 15.47469997 117 124 130
245959.96954346 3357470.76559448 15.38751793 114 112 97
245957.46673584 3357472.02505493 16.81658554 45 62 80
245958.49011230 3357467.55245972 16.54686546 27 36 35
245958.26232910 3357471.96270752 16.94485855 44 60 83
245956.56811523 3357470.74139404 15.79568100 59 59 57
245957.48919678 3357471.75915527 16.77523041 41 58 78
245957.26940918 3357471.58547974 16.69455528 40 57 75
245956.64672852 3357471.68841553 16.52544785 59 75 98
245958.36328125 3357470.14999390 16.81037521 165 181 196
245956.12225342 3357471.46517944 16.34970093 75 88 96
245956.93933105 3357467.10458374 16.18702507 56 62 62
245956.40118408 3357470.84436035 15.84502029 42 43 45
245959.52868652 3357468.17410278 15.49585915 112 118 116
245956.27722168 3357472.07885742 16.43667030 46 67 88
245959.54553223 3357468.97482300 15.65878105 71 80 85
245956.80200195 3357472.84277344 15.98311520 43 42 47
245958.22772217 3357472.41915894 16.80812263 46 67 88
245956.47656250 3357470.74288940 15.75515175 56 58 57
245957.45013428 3357471.88970947 16.78562355 49 66 84
245957.86535645 3357472.07003784 16.91567802 52 67 90
245959.61059570 3357469.12234497 15.71901894 52 72 81
245957.97412109 3357471.43444824 16.81869698 31 43 57
245958.38323975 3357470.46298218 16.17359734 59 77 81
245957.28729248 3357471.06344604 16.43422318 7 11 14
245960.26153564 3357471.59338379 16.18836212 26 39 56
245957.47015381 3357471.82598877 16.78092575 42 59 77
245957.79321289 3357468.50897217 15.94710732 52 58 58
245958.46063232 3357469.43927002 16.85333252 199 228 242
245957.75598145 3357467.07815552 15.89843559 72 82 83
245956.82489014 3357467.09677124 16.11046410 57 66 65
245958.52801514 3357470.35083008 16.49326706 9 25 40
245957.06481934 3357467.48049927 16.59907913 10 19 26
245959.13977051 3357471.83743286 16.54728889 132 191 231
245957.84460449 3357467.08901978 16.17350197 64 69 72
245959.45208740 3357470.57879639 15.54943562 77 81 90
245956.30761719 3357466.89486694 15.73771286 45 54 53
245959.59252930 3357469.46459961 16.15231895 52 95 104
245958.30383301 3357467.70748901 15.95975685 123 140 150
245957.18676758 3357472.83731079 16.50158501 33 37 38
245956.28912354 3357472.64959717 16.77050781 104 108 111
245959.95141602 3357470.98605347 15.48863316 87 87 79
245957.71759033 3357468.93319702 16.79036522 25 30 33
245959.13586426 3357467.67044067 15.71203136 112 119 127
245958.20050049 3357471.34609985 16.70701790 28 37 44
245959.50164795 3357468.38906860 15.45977688 164 163 142
245956.86322021 3357471.48025513 16.71389771 25 38 47
245956.70294189 3357470.29238892 15.94327927 22 30 32
245955.72058105 3357472.33868408 16.73939514 7 12 15
245959.01885986 3357467.41622925 16.22866631 79 88 87
245957.22760010 3357468.97973633 16.88088226 118 128 137
245958.45513916 3357470.92382813 16.22241974 51 55 58
245958.43292236 3357468.44476318 15.53615379 73 78 74
245956.08129883 3357470.49972534 16.66215706 24 35 31
245959.11572266 3357469.89904785 16.44643021 14 33 39
245957.88659668 3357469.59683228 16.81271744 172 200 221
245956.92584229 3357467.80209351 16.00897408 32 38 38
245957.82073975 3357466.35565186 15.47186852 71 78 84
245958.15991211 3357469.32019043 16.85982323 183 211 232
245956.62353516 3357472.48828125 16.80484581 11 18 24
245958.49597168 3357470.10116577 16.78670311 51 78 108
245959.47509766 3357469.27593994 16.30689240 131 186 191
245957.01690674 3357467.03112793 15.98703384 55 60 63
245957.56884766 3357472.96298218 16.22176170 22 23 25
245957.92437744 3357470.43405151 15.86245918 41 49 52
245958.03302002 3357468.86062622 16.45857811 60 69 68
245959.35394287 3357467.60226440 16.11005402 126 136 145
245956.17138672 3357471.47064209 16.33240891 76 90 101
245957.16735840 3357471.03326416 16.25048065 12 15 22
245960.31011963 3357472.03869629 16.25708008 4 21 41
245960.47430420 3357472.40533447 16.23530579 69 77 90
245957.96209717 3357469.59133911 16.81796646 176 207 227
245958.65771484 3357466.73260498 15.52444744 87 95 98
245958.49432373 3357470.80892944 15.79450321 100 104 90
245959.18920898 3357471.66494751 16.52873421 16 70 114
245960.28424072 3357472.19586182 16.24783516 26 41 64
245956.97808838 3357469.87478638 16.87433052 57 82 102
245955.82769775 3357472.33871460 16.55969810 22 28 28
245959.31994629 3357472.50439453 16.51959038 57 72 95
245956.80902100 3357467.22988892 16.40474319 40 51 47
245959.48944092 3357467.29284668 15.62214661 139 146 156
245959.69982910 3357469.85351563 15.62579250 58 72 81
245960.29528809 3357471.17126465 15.48081398 69 73 74
245958.68878174 3357467.57916260 16.51247215 24 34 35
245957.61883545 3357470.33529663 16.01075172 120 127 135
245956.47692871 3357472.70477295 16.63619423 62 63 67
245957.43865967 3357471.01095581 16.13346291 20 25 29
245958.82098389 3357471.37243652 16.58384514 35 51 64
245957.84368896 3357468.50842285 15.92057419 52 57 60
245959.44683838 3357467.68121338 15.90030861 110 120 129
245957.14111328 3357468.69894409 16.77618599 33 45 41
245956.13922119 3357471.68579102 16.14097404 61 83 106
245957.39227295 3357467.54837036 16.49065971 107 114 122
245956.43463135 3357469.92166138 16.74928474 177 199 213
245957.28594971 3357466.84744263 15.64221382 63 75 75
245958.08782959 3357470.77804565 15.78399181 103 105 94
245959.73822021 3357472.34295654 16.27857590 49 67 87
245957.67633057 3357467.48141479 16.56354904 0 0 2
245958.55920410 3357467.72494507 15.94323921 115 131 144
245957.60638428 3357468.38677979 15.51412106 54 59 55
245958.21960449 3357469.98278809 16.82849503 182 216 226
245956.81738281 3357470.66284180 15.76876163 93 94 88
245959.89782715 3357468.10745239 15.45717907 87 94 104
245960.09344482 3357471.52832031 16.17768860 36 49 65
245957.78967285 3357467.66400146 16.22187233 113 127 140
245957.04357910 3357467.67486572 16.07674408 13 21 24
245957.32891846 3357470.91555786 15.93320656 36 46 48
245958.03979492 3357470.74606323 15.76584053 107 107 97
245960.44384766 3357472.67739868 15.71695328 95 103 106
245959.88464355 3357469.53231812 15.55512142 82 91 98
245958.49975586 3357470.57257080 16.12202454 29 44 47
245958.66223145 3357472.83792114 16.50918388 74 88 99
245957.05139160 3357468.33987427 16.39842415 37 47 48
245958.26098633 3357471.14324951 16.52131462 71 70 75
245958.60107422 3357470.97335815 15.94354916 46 52 52
245956.53851318 3357466.64428711 15.67212200 44 52 54
245958.17095947 3357468.95608521 16.72769737 32 40 42
245957.99194336 3357469.63696289 16.81917953 178 209 229
245958.56683350 3357470.95779419 16.14682388 47 50 55
245957.69531250 3357472.94842529 16.35725975 28 29 33
245959.92968750 3357472.72552490 16.24967003 52 67 86
245959.13336182 3357468.37939453 15.47613335 111 109 96
245959.60974121 3357470.01657104 15.83327198 69 103 112
245956.56701660 3357472.79501343 16.18149185 24 25 27
245958.89788818 3357467.87887573 15.62542152 74 81 87
245959.46044922 3357472.90194702 16.42193604 86 99 115
245958.86724854 3357471.79376221 16.58536339 46 124 170
245958.86230469 3357468.77871704 16.12748909 63 71 74
245957.40075684 3357468.39620972 15.51993084 55 58 63
245958.96673584 3357468.01150513 15.54084110 97 104 112
245959.93090820 3357471.88473511 16.17220879 32 50 72
245957.89312744 3357470.53848267 15.76265049 78 82 83
245959.20434570 3357471.06375122 16.16398621 48 52 55
245957.39770508 3357472.27676392 16.85622787 69 85 101
245956.71166992 3357471.87875366 16.57219505 54 71 91
245959.55657959 3357468.26080322 15.46665096 108 109 95
245957.79180908 3357468.50308228 15.92453766 51 57 57
245959.42755127 3357472.75048828 16.45819664 67 83 108
245958.64495850 3357470.35125732 16.47594643 53 72 87
245958.20471191 3357467.04324341 15.71168709 77 88 90
245957.19891357 3357468.60632324 16.63344955 32 42 41
245957.15435791 3357468.34689331 15.83066273 49 53 54
245960.16186523 3357471.32632446 16.25361824 58 58 66
245957.93646240 3357467.08135986 15.83260155 72 82 83
245959.90789795 3357472.87557983 16.15011787 88 98 108
245957.12005615 3357470.22476196 16.32526970 190 198 209
245956.30828857 3357472.02398682 16.43243217 51 72 91
245959.09936523 3357473.13708496 16.07338715 23 26 33
245957.61505127 3357468.58291626 16.25973511 46 51 54
245960.10021973 3357471.65530396 16.16943550 36 49 68
245955.83721924 3357471.86032104 16.73833084 7 12 16
245959.09747314 3357471.05078125 16.01167679 45 51 51
245956.97796631 3357468.41430664 16.74011421 26 38 34
245956.21264648 3357471.74310303 16.21798325 58 77 94
245958.84332275 3357467.21182251 16.25001907 68 80 76
245957.85772705 3357472.80035400 16.63592529 14 19 25
245958.53417969 3357467.13745117 16.13902283 86 92 88
245955.98541260 3357472.49853516 16.66932106 11 19 22
245960.24633789 3357472.84786987 15.91192436 76 81 85
245960.46136475 3357471.49258423 15.56904984 32 34 33
245959.96337891 3357467.62100220 15.73810196 94 101 109
245957.26818848 3357471.84475708 16.70319939 46 61 80
245957.01751709 3357467.41625977 16.61855507 47 56 63
245960.33099365 3357470.38562012 15.46378422 114 122 124
245957.22857666 3357468.37173462 15.65398884 52 56 55
245957.48046875 3357470.46939087 15.77839184 68 74 74
245958.56030273 3357468.97848511 16.67945671 66 70 71
245956.32629395 3357472.61935425 16.87101364 23 27 30
245957.77697754 3357470.33633423 16.21873093 138 144 158
245958.60601807 3357470.97430420 15.96533966 45 49 52
245957.46179199 3357467.07794189 16.17163086 65 71 71
245957.60424805 3357472.01397705 16.86760902 54 71 89
245960.57446289 3357472.02972412 15.96873856 40 51 55
245957.20062256 3357467.64193726 15.64117813 52 57 61
245957.44085693 3357468.54104614 16.29111671 48 54 54
245957.65710449 3357470.22961426 16.51207161 107 135 156
245960.43591309 3357472.32720947 16.25960159 37 48 66
245957.87170410 3357468.13848877 15.43930054 49 51 46
245958.32464600 3357467.52575684 16.59868622 16 21 27
245960.57080078 3357471.83328247 15.80384159 28 38 47
245957.12701416 3357470.36779785 15.85506916 18 23 26
245960.57220459 3357471.90032959 15.81060410 67 77 79
245959.96221924 3357471.11035156 15.68053627 43 42 47
245957.55584717 3357469.22824097 16.89573479 152 178 205
245958.88256836 3357467.63058472 16.46893692 10 18 21
245958.76348877 3357470.42160034 16.30383110 95 131 143
245956.96368408 3357472.41619873 16.82033730 58 67 76
245959.55993652 3357472.26794434 16.34692001 58 73 96
245958.29797363 3357466.76492310 15.53406239 95 105 107
245958.09655762 3357466.66729736 15.51725674 76 85 90
245957.47528076 3357472.84017944 16.53504944 63 66 71
245958.39825439 3357471.22473145 16.62382698 38 39 44
245956.82086182 3357472.06503296 16.69747162 52 69 85
245959.71343994 3357470.72103882 15.39364052 93 91 79
245959.86987305 3357472.12548828 16.22740364 41 57 80
245959.63696289 3357473.13134766 15.60531521 79 83 84
245956.58306885 3357470.93658447 15.95156193 31 32 36
245958.90802002 3357467.55642700 16.58019447 80 86 82
245956.94030762 3357468.18762207 16.14520454 45 53 55
245958.52197266 3357470.21298218 16.71647835 63 79 105
245958.12158203 3357470.15521240 16.74263382 153 166 182
245960.23004150 3357471.27932739 16.25065041 46 47 51
245957.98480225 3357467.99682617 15.49905491 51 59 62
245958.97198486 3357466.76184082 15.47882462 101 108 116
245958.38293457 3357471.32589722 16.70681000 24 33 40
245957.02111816 3357471.08157349 16.48475838 7 8 12
245959.55041504 3357471.05172729 15.69441032 38 42 45
245959.55230713 3357470.79614258 15.46792793 148 142 120
245957.09722900 3357467.67224121 16.22434616 109 124 127
245959.88043213 3357467.79220581 15.72458076 143 147 156
245957.78710938 3357470.27917480 16.42939377 186 212 229
245959.48156738 3357468.93447876 15.71405792 69 76 82
245958.40960693 3357469.64071655 16.86842346 184 222 235
245957.94183350 3357470.78695679 15.77359581 71 73 62
245956.98651123 3357468.03036499 15.69462681 53 57 60
245957.88165283 3357470.24160767 16.52362823 8 36 58
245958.39404297 3357468.13385010 15.46121311 46 50 51
245960.07690430 3357472.60769653 16.23248672 45 60 79
245955.86755371 3357471.57641602 16.85084724 9 14 18
245958.28497314 3357466.53192139 15.49783134 78 87 94
245957.46514893 3357468.45486450 15.76822090 50 56 56
245957.98852539 3357468.48403931 15.75455379 56 61 64
245957.85693359 3357467.08789063 16.31005478 63 68 71
245956.90704346 3357467.82742310 16.11499405 28 33 36
245959.56231689 3357470.04019165 16.06223106 135 168 177
245957.35797119 3357468.44915771 16.08738518 51 57 57
245958.92840576 3357469.93081665 16.48106575 142 172 198
245958.38958740 3357470.51702881 16.02130127 40 55 62
245957.24627686 3357470.27780151 16.11343575 145 152 162
245957.06097412 3357470.94677734 15.99241352 33 38 42
245959.00659180 3357467.43572998 16.49062347 100 107 113
245956.22613525 3357470.72479248 16.05995178 44 48 49
245956.90655518 3357467.19308472 16.37124443 41 50 49
245956.69256592 3357472.73611450 16.61974716 78 77 82
245958.12115479 3357466.39944458 15.48448944 83 91 94
245958.92376709 3357470.09075928 16.48369598 94 120 145
245960.48333740 3357472.22415161 16.30248070 44 53 68
