246099.45397949 3357607.24822998 14.22525406 197 197 197
246098.53039551 3357609.59423828 14.43191528 73 86 94
246098.30737305 3357611.70989990 13.52343369 164 155 156
246098.25476074 3357610.14886475 14.22972107 145 155 164
246101.32348633 3357607.24127197 13.23088169 187 183 172
246101.38940430 3357607.25390625 13.22791862 186 183 168
246101.93945313 3357609.70892334 13.71461391 72 70 71
246100.03515625 3357612.36041260 14.46371269 88 103 110
246102.66113281 3357608.78137207 13.10430145 131 129 117
246100.41235352 3357612.54321289 14.42124557 228 232 231
246098.99353027 3357608.77722168 14.38606453 115 123 125
246097.95556641 3357610.28851318 13.94046783 139 138 143
246101.48364258 3357607.88043213 13.39417267 185 177 158
246102.30029297 3357612.91571045 13.55244923 56 60 59
246100.48986816 3357612.41961670 14.40252399 50 56 56
246099.49743652 3357607.61694336 13.52699852 251 251 251
246099.76208496 3357612.95794678 13.99038410 42 52 54
246099.86059570 3357607.61059570 13.84681034 191 186 183
246098.43322754 3357612.34313965 13.72514057 156 155 153
246098.74194336 3357612.49121094 13.41275883 196 209 217
246099.12597656 3357612.51019287 13.41664410 174 187 193
246101.43237305 3357607.76269531 13.33574390 193 184 167
246099.05993652 3357612.58111572 13.44561672 169 184 191
246098.91906738 3357609.72241211 14.36370564 169 168 173
246099.34191895 3357611.85528564 14.33285332 157 155 156
246099.93713379 3357610.10742188 13.88198280 145 144 140
246101.85266113 3357608.54406738 13.81376362 227 231 234
246099.73596191 3357607.49493408 13.44431400 243 245 244
246102.09313965 3357611.91027832 13.78584099 175 173 176
246098.89697266 3357611.91943359 14.42389107 128 133 136
246099.83459473 3357607.81469727 13.50385952 244 248 247
246101.89855957 3357607.53094482 13.32181835 163 155 136
246098.28491211 3357608.75585938 14.25556850 253 255 254
246098.82153320 3357612.38330078 13.39623451 183 200 208
246100.30883789 3357608.00274658 13.98965454 172 164 153
246100.55969238 3357612.61083984 14.35006714 26 37 33
246100.00830078 3357610.08447266 13.51570225 127 128 122
246098.27600098 3357612.11566162 14.00911331 250 250 252
246100.79223633 3357608.41735840 14.15939903 236 237 239
246098.29064941 3357607.77337646 13.98119640 218 214 211
246099.77795410 3357609.65728760 14.16251945 189 199 201
246101.82006836 3357609.06066895 13.87123489 237 240 245
246100.28698730 3357613.32568359 13.12093163 125 122 107
246101.70788574 3357613.19805908 13.92895508 221 222 216
246099.44702148 3357612.75286865 14.21144199 212 210 211
246100.43457031 3357608.27984619 14.15437317 214 214 216
246101.55639648 3357612.58801270 13.96561146 249 248 254
246102.02270508 3357608.94042969 13.81911755 138 125 119
246100.12792969 3357613.02697754 14.05157661 77 82 78
246100.92639160 3357608.27593994 14.05142593 239 240 242
246099.09338379 3357612.48150635 13.56923389 162 177 182
246099.51635742 3357612.67443848 13.36336231 145 155 157
246100.30468750 3357609.90722656 14.18468094 27 28 32
246097.99426270 3357609.65460205 14.27719116 68 81 90
246101.75659180 3357608.69396973 13.91075325 240 243 248
246099.47253418 3357608.66931152 14.45700836 71 77 77
246101.93994141 3357609.01300049 13.85783672 219 211 209
246100.04284668 3357609.80261230 14.37611771 105 123 125
246099.37988281 3357609.60833740 14.16704464 149 153 156
246100.90478516 3357612.10791016 14.20274067 19 37 41
246100.30651855 3357613.05145264 13.65851307 120 126 122
246100.79467773 3357607.12835693 14.02489090 82 82 82
246098.08093262 3357611.85211182 13.48139381 241 244 249
246101.01708984 3357611.59112549 13.48790073 248 244 245
246100.95520020 3357613.35229492 13.93711567 151 145 129
246101.14367676 3357607.54437256 13.36147022 251 251 251
246097.81921387 3357610.05529785 14.07360554 244 246 243
246100.71398926 3357607.29443359 13.77773380 248 248 248
246098.97729492 3357610.15667725 14.16108513 157 164 174
246099.63977051 3357611.78924561 13.54718018 250 250 250
246101.51208496 3357611.63159180 13.67471981 123 122 127
246099.34521484 3357613.05151367 13.31527424 126 131 134
246099.95263672 3357612.53491211 13.25930023 206 211 215
246102.15783691 3357611.85382080 13.67011261 182 180 183
246097.57812500 3357609.71386719 13.79098415 252 252 252
246101.15661621 3357609.04974365 14.04388046 254 255 255
246101.30627441 3357609.48004150 14.02433205 234 235 239
246099.94689941 3357608.24157715 13.92103386 160 161 156
246100.32824707 3357608.35510254 14.17692757 219 220 224
246100.24304199 3357611.65637207 13.29442596 250 248 251
246100.91052246 3357613.37701416 13.67117500 151 144 125
246101.98876953 3357609.11572266 13.84346771 168 159 154
246099.60986328 3357613.25524902 13.16540909 39 40 42
246097.76135254 3357608.65557861 13.54503536 124 123 118
246099.19909668 3357612.36389160 13.37085056 165 179 180
246099.26708984 3357607.80743408 14.30123138 196 196 196
246097.74316406 3357608.74255371 13.85253716 251 250 248
246102.09313965 3357609.47656250 13.68554211 83 73 72
246101.82446289 3357611.64630127 13.38388443 200 195 191
246098.60656738 3357609.55126953 14.44453335 73 78 84
246101.97705078 3357612.30816650 13.85887051 242 243 248
246097.58056641 3357609.70104980 13.79957104 252 252 252
246099.29577637 3357609.87738037 14.38143349 104 115 117
246099.57775879 3357607.52111816 13.71088696 247 249 244
246098.23693848 3357609.02008057 14.29225063 145 155 154
246099.10314941 3357612.15795898 13.36829472 186 200 201
246101.55480957 3357608.76898193 13.95664883 244 245 250
246100.12731934 3357612.63348389 13.44966030 132 142 143
246098.66589355 3357612.27801514 13.40155506 143 148 152
246100.70605469 3357611.56036377 13.40854073 242 238 237
246098.78381348 3357611.44140625 13.52323532 185 183 186
246099.54382324 3357607.46362305 13.51647186 233 233 235
246099.44934082 3357612.44665527 14.22768021 224 226 225
246102.19519043 3357611.72900391 13.22008991 127 120 110
246100.02880859 3357610.08007813 14.05311871 175 176 178
246100.53906250 3357609.31829834 14.19414139 83 87 86
246100.08996582 3357607.71557617 13.58896065 248 250 247
246099.95019531 3357612.51885986 14.41311073 36 45 52
246100.08691406 3357608.13964844 13.90286541 159 155 146
246097.94177246 3357608.23315430 13.60477638 163 160 155
246099.63098145 3357612.83850098 14.15419292 39 47 49
246098.51318359 3357612.75469971 13.74479485 189 207 217
246101.07312012 3357607.10131836 13.26188564 177 170 160
246099.05712891 3357607.99890137 14.30751801 94 101 107
246102.03002930 3357608.43127441 13.54368305 68 70 67
246098.20202637 3357612.00750732 13.51334953 226 230 233
246099.73645020 3357610.12969971 13.92093563 163 165 162
246099.54785156 3357612.55389404 14.23520279 227 225 226
246099.21972656 3357607.72839355 14.32290268 176 179 186
246100.04577637 3357607.65740967 13.62515259 243 248 244
246099.11499023 3357609.03216553 14.31412506 117 123 123
246099.49169922 3357607.41021729 13.53113365 233 231 234
246102.26757813 3357613.08660889 13.63348103 87 89 86
246101.57043457 3357607.38836670 13.25426865 174 167 149
246099.67041016 3357608.48254395 14.24031925 224 225 227
246101.13671875 3357609.96966553 13.89480400 131 141 143
246098.49731445 3357613.15216064 13.38938332 46 50 53
246101.59521484 3357612.96936035 13.94891071 249 253 255
246098.82629395 3357608.14575195 14.28185844 227 234 240
246101.72595215 3357609.14654541 13.89132500 239 242 249
246099.93774414 3357607.33203125 13.29600430 244 246 243
246099.87243652 3357612.72448730 13.24076939 138 146 149
246098.64184570 3357611.60980225 14.14520741 250 244 248
246100.99633789 3357610.07244873 13.81203747 38 44 42
246098.62255859 3357612.90484619 14.23284912 196 202 202
246098.39807129 3357612.46691895 13.44452190 196 196 196
246102.15100098 3357609.35095215 13.67714500 57 52 49
246098.05456543 3357610.15332031 14.16477299 204 214 223
246099.53674316 3357607.47833252 13.51849461 234 232 235
246102.00854492 3357613.50329590 13.64867210 143 135 112
246098.67883301 3357613.15625000 13.40812969 79 80 84
246102.89367676 3357612.21429443 13.16822624 119 115 106
246099.33129883 3357612.11676025 14.29202652 185 184 182
246101.76867676 3357611.64239502 13.51952934 142 138 139
246100.68786621 3357613.29870605 13.82732201 135 133 121
246098.95568848 3357609.64569092 14.32303333 157 155 160
246099.87756348 3357607.34820557 13.32098198 230 234 233
246101.64086914 3357607.74456787 13.27766800 183 174 157
246100.46179199 3357609.66766357 14.29470921 76 80 81
246100.87194824 3357613.35607910 13.66784382 143 138 119
246100.58386230 3357609.02862549 14.20493984 75 81 79
246101.80895996 3357609.30072021 13.88337231 238 241 248
246101.42114258 3357608.83673096 13.95840168 244 245 249
246099.07263184 3357612.64825439 13.70880795 157 170 176
246101.82800293 3357607.89746094 13.36526775 177 169 148
246100.73095703 3357607.38909912 13.68186569 253 255 254
246099.36755371 3357607.33026123 14.28287697 194 195 197
246101.22167969 3357609.57727051 14.03899097 230 234 237
246099.00341797 3357613.02880859 14.01389790 210 214 215
246100.53002930 3357612.80023193 13.38879776 125 129 128
246100.27014160 3357613.11682129 13.77845764 167 168 170
246100.42138672 3357607.99871826 14.05234432 166 159 151
246098.58007813 3357613.05328369 13.52677155 156 169 175
246100.54858398 3357612.72534180 13.31937981 107 111 114
246099.39733887 3357609.79815674 14.25264549 142 150 153
246100.04821777 3357612.91839600 13.18269920 165 168 161
246102.01281738 3357611.66918945 13.32663727 88 81 73
246101.09106445 3357612.73486328 14.05115795 55 63 65
246100.35412598 3357611.56756592 13.24356747 117 113 104
246100.04675293 3357612.96356201 13.70668125 137 148 144
246100.23291016 3357607.29327393 13.86113167 240 240 238
246099.03601074 3357611.85784912 14.42485428 212 208 209
246099.31262207 3357612.84356689 14.21238613 67 71 70
246099.07983398 3357608.27838135 14.26495457 190 195 199
246098.03967285 3357608.79711914 14.18924522 254 254 254
246100.69104004 3357608.65252686 14.21637344 40 44 43
246098.68054199 3357609.62615967 14.45946598 108 109 114
246098.07824707 3357609.87170410 14.29174900 84 102 116
246102.06542969 3357609.10565186 13.77876663 97 84 78
246100.94775391 3357609.80883789 14.09282780 157 161 164
246100.82214355 3357612.57183838 14.20276070 24 34 33
246098.84765625 3357613.01550293 14.19181347 10 14 15
246098.98632813 3357612.96820068 13.54159832 117 126 131
246098.73730469 3357607.78759766 14.32896042 101 108 116
246100.36010742 3357608.64538574 14.39778614 96 100 101
246099.79248047 3357607.62615967 13.50968266 252 253 255
246101.68811035 3357610.12506104 13.56179810 45 49 50
246098.49169922 3357608.78417969 14.34541035 235 235 235
246098.68969727 3357612.60723877 13.75873184 172 186 189
246099.91027832 3357609.88861084 14.42311954 30 40 42
246102.97229004 3357612.99414063 13.13622570 66 61 55
246099.22033691 3357612.88964844 14.21869850 60 69 66
246101.28332520 3357607.93731689 13.62965393 232 223 214
246099.09326172 3357613.01208496 14.11278915 12 20 22
246100.84912109 3357612.42626953 14.19848824 32 43 39
246098.29528809 3357611.73852539 13.49203491 227 216 222
246101.05126953 3357609.52972412 14.06545734 111 115 116
246098.34790039 3357611.17614746 13.27914715 130 129 127
246100.10339355 3357609.96466064 14.21516228 26 30 31
246102.82885742 3357612.21905518 13.17326260 117 113 104
246099.02307129 3357611.34655762 13.20832062 124 121 116
246098.10571289 3357609.77807617 14.31716919 107 119 131
246101.77062988 3357611.81243896 13.85336590 253 248 254
246099.78808594 3357613.03259277 13.20207310 108 112 113
246098.11071777 3357612.79901123 14.01064587 176 170 170
246099.13928223 3357609.13201904 14.28264427 78 84 84
246100.52160645 3357612.31225586 14.39179707 25 34 33
246099.56921387 3357610.14410400 14.06599617 161 166 170
246098.95080566 3357612.23596191 13.36603260 189 200 206
246100.25720215 3357612.96972656 14.33164692 197 196 191
246100.28857422 3357608.71887207 14.41418266 78 80 79
246101.63769531 3357611.64654541 13.55535984 75 75 77
246098.36901855 3357608.27502441 14.03537083 136 138 137
246099.03112793 3357613.03027344 14.08418846 109 113 114
246098.96899414 3357612.24493408 13.45086861 174 189 194
246098.59497070 3357607.83142090 14.28305149 108 112 121
246099.34204102 3357612.99829102 13.33860588 130 135 138
246099.10998535 3357612.46124268 13.54920959 162 177 180
246099.40905762 3357607.48272705 14.26644230 178 176 177
246098.91015625 3357609.96801758 14.45371532 171 180 185
246103.07226563 3357613.07885742 13.11853218 97 93 82
246099.82556152 3357612.44091797 13.37753201 137 144 150
246100.63916016 3357613.17761230 13.57048607 130 126 117
246102.63488770 3357612.81451416 13.29199219 44 45 40
246099.28613281 3357609.27197266 14.21969986 102 106 107
246101.08520508 3357607.52166748 13.79551315 237 232 228
246099.50903320 3357610.28509521 13.68989372 45 50 53
246100.28112793 3357608.85791016 14.41671371 65 65 65
246100.29663086 3357612.98651123 13.18389225 132 132 124
246099.44238281 3357613.12786865 13.25583363 75 79 80
246101.20495605 3357609.43237305 14.04579067 233 234 238
246100.05932617 3357607.24572754 13.25540924 209 209 201
246100.50488281 3357609.60375977 14.24338627 87 88 92
246100.88317871 3357607.34655762 13.38738441 201 200 196
246098.08996582 3357609.21380615 14.27863598 123 134 136
246099.07666016 3357612.67309570 13.72803879 157 168 174
246100.77307129 3357613.31268311 13.21495342 150 142 121
246098.81787109 3357612.50018311 13.64411736 160 178 180
246099.85681152 3357612.57116699 13.47628784 139 150 154
246098.59167480 3357612.16369629 14.25544453 184 210 209
246100.38574219 3357611.58203125 13.28091812 150 147 140
246100.23229980 3357610.18725586 13.73611832 81 82 74
246098.69274902 3357613.14556885 13.44031048 65 66 71
246102.38305664 3357613.07568359 13.44301987 44 49 43
246101.46435547 3357612.97436523 13.96441936 255 255 255
246100.22460938 3357612.63549805 13.28131866 157 165 168
246102.94909668 3357612.08514404 13.17376137 131 127 115
246099.16259766 3357610.08544922 14.24806404 29 34 38
246100.07995605 3357609.95220947 14.26202011 36 40 43
246099.60949707 3357611.43780518 13.19462776 121 117 114
246100.93798828 3357613.21270752 14.07915497 138 134 125
246099.66394043 3357608.49627686 14.27259922 161 165 166
246098.85546875 3357611.71820068 14.40701199 242 236 240
246099.99182129 3357607.57366943 13.44583416 245 247 246
246098.95507813 3357611.85168457 14.44019699 215 210 214
246100.53344727 3357608.32128906 14.15212917 234 235 237
246100.68151855 3357613.06225586 14.24385643 88 88 86
246099.02062988 3357613.00604248 14.17771721 8 17 16
246099.32934570 3357609.94635010 14.41414261 27 41 41
246098.58764648 3357611.70684814 14.28052902 250 244 248
246100.95922852 3357608.03912354 13.87969303 120 121 115
246098.41796875 3357610.29840088 13.75763512 120 133 142
246101.06115723 3357611.59423828 13.28999710 130 123 117
246099.89904785 3357607.29284668 13.28259659 222 226 225
246103.15405273 3357612.45526123 13.13837624 123 119 108
246100.10168457 3357612.70513916 13.25348759 150 156 156
246101.39147949 3357612.03601074 14.02139568 248 249 254
246099.27746582 3357612.54870605 13.40852165 168 177 182
246100.21459961 3357609.71429443 14.40050507 222 227 231
246101.50549316 3357608.31433105 13.94096947 254 255 255
246099.34973145 3357612.87335205 14.17444134 63 69 67
246100.83898926 3357607.61090088 14.05448914 127 128 123
246101.59692383 3357609.72216797 13.92590618 212 215 222
246099.83569336 3357610.06085205 13.57421970 144 148 147
246098.36279297 3357611.34118652 13.31205082 130 128 129
246098.58203125 3357613.08636475 13.51373482 126 135 140
246101.21813965 3357609.06030273 14.02293205 249 250 252
246099.11743164 3357612.82714844 13.84750175 162 170 173
246101.65722656 3357611.65454102 13.59209442 83 83 85
246102.20739746 3357611.83001709 13.30385208 67 64 59
246099.64953613 3357610.09191895 14.13886261 140 144 147
246098.48510742 3357612.22167969 14.19379139 176 205 203
246099.37377930 3357608.52587891 14.27676678 160 166 166
246102.17443848 3357612.15802002 13.78984165 237 232 239
246100.39807129 3357611.71124268 13.54451752 250 249 254
246102.09265137 3357609.01898193 13.74455261 78 67 61
246101.04406738 3357612.23382568 14.12540340 84 99 102
246098.25122070 3357608.64538574 14.17855167 254 255 255
246099.81604004 3357607.82397461 13.92788792 220 219 217
246099.46081543 3357611.52288818 13.30128193 105 105 103
246099.53491211 3357612.60168457 13.36184692 156 166 168
246101.57104492 3357607.20690918 13.28221226 175 170 151
246098.50537109 3357612.94506836 14.15148067 178 185 191
246100.67053223 3357607.47009277 13.52372265 244 245 247
246100.05676270 3357611.85070801 13.61730576 250 255 255
246100.55493164 3357613.19195557 14.09375381 102 100 88
246100.49243164 3357607.47076416 13.46304989 241 245 244
246098.21093750 3357612.91857910 13.66344166 167 178 182
246099.41711426 3357612.97796631 13.98198223 155 160 163
246101.82421875 3357608.12652588 13.48162174 174 165 148
246098.43737793 3357611.84045410 14.26379967 190 195 198
246102.85876465 3357612.51635742 13.17310047 92 89 80
246100.72180176 3357607.76440430 14.08271027 158 153 147
246098.17822266 3357611.74615479 13.87450123 105 101 100
246098.32580566 3357613.01324463 13.47229958 170 183 189
246099.47937012 3357607.66870117 13.60433960 243 245 240
246098.71276855 3357611.67187500 14.31194305 234 228 232
246100.36315918 3357610.27960205 13.67797661 47 46 42
246099.20764160 3357607.73010254 14.32535267 176 179 186
246101.40234375 3357607.47717285 13.23722935 185 179 163
246100.91943359 3357607.69177246 13.94261932 126 131 127
246100.07873535 3357608.41284180 14.13660812 243 244 248
246101.75378418 3357612.41497803 13.92502880 249 248 254
246101.71166992 3357608.92968750 13.89137554 240 243 252
246100.50000000 3357611.62066650 13.38065624 252 251 249
246101.91186523 3357611.77624512 13.80054283 229 224 230
246102.38452148 3357612.68389893 13.49648476 74 75 77
246100.78283691 3357608.29913330 14.08042049 240 241 243
246101.84533691 3357608.42968750 13.72597408 182 185 194
246098.02246094 3357608.72625732 14.14565659 255 253 254
246101.51440430 3357613.25933838 13.98343277 171 176 179
246099.84545898 3357607.72656250 13.53025913 246 251 247
246098.81030273 3357612.89440918 13.54792309 104 118 129
246100.28857422 3357610.24047852 13.66657543 48 49 43
246098.41882324 3357612.64312744 14.18823051 168 186 186
246100.48010254 3357610.19091797 13.82377243 83 84 79
246099.11694336 3357612.44299316 13.40001011 172 185 191
246099.85974121 3357608.66241455 14.44600105 194 198 199
246101.84521484 3357609.65991211 13.81652260 172 168 169
246098.39233398 3357608.26110840 14.06299400 98 100 97
246098.42431641 3357611.55029297 13.72694397 245 241 242
246100.35388184 3357611.66131592 13.36549664 253 251 252
246101.22790527 3357610.24822998 13.44078064 38 39 41
246100.92529297 3357612.87866211 14.09250164 29 38 35
246101.39990234 3357609.09881592 13.96196079 243 248 252
246098.79687500 3357612.71667480 13.49254227 149 165 178
246098.18762207 3357612.59826660 13.99946308 210 204 204
246099.86718750 3357608.70977783 14.40481949 224 228 229
246101.02148438 3357611.58959961 13.35859299 229 221 219
246100.06750488 3357607.86151123 13.85587597 162 163 157
246101.44201660 3357607.81329346 13.36898136 191 182 165
246100.01416016 3357611.74096680 13.84643936 254 255 255
246100.62292480 3357607.12506104 13.96233749 224 226 223
246099.98413086 3357607.10589600 14.11167145 144 146 141
246098.80139160 3357612.40393066 14.32229519 172 191 197
246099.88732910 3357608.83343506 14.31179237 211 219 222
246101.19226074 3357608.97906494 14.02315044 251 255 254
246099.13818359 3357609.90472412 14.40604687 123 137 138
246098.28417969 3357608.73883057 14.24480915 253 255 254
246099.79492188 3357612.22583008 14.38272381 250 248 249
246098.16406250 3357607.92413330 13.78409576 208 207 205
246100.80590820 3357612.13098145 14.26284885 21 35 38
246100.02075195 3357609.40228271 14.19695568 202 206 209
246100.09118652 3357607.28540039 13.91589355 206 197 190
246100.73071289 3357611.74432373 14.25588512 145 155 156
246098.17419434 3357608.42297363 13.85857773 202 204 203
246099.79382324 3357607.39953613 13.89292336 195 191 188
246100.40722656 3357611.47155762 13.15519047 152 144 131
246099.51391602 3357607.80993652 13.50660229 249 251 246
246099.28063965 3357611.61944580 13.72749519 255 249 253
246101.80529785 3357608.26782227 13.58969212 172 175 180
246099.81713867 3357612.23120117 14.39609146 250 248 249
246099.21569824 3357607.68750000 14.32811069 159 163 172
246100.29711914 3357612.86462402 13.22347641 142 143 137
246101.35180664 3357608.93725586 13.95874119 246 251 254
246103.04785156 3357612.47247314 13.14750004 111 109 97
246100.97448730 3357609.71569824 14.05557442 76 77 79
246102.52050781 3357612.63189697 13.39476871 35 35 33
246100.45898438 3357613.14904785 13.68898106 139 140 134
246100.18725586 3357607.40960693 13.37290764 232 234 231
246101.51403809 3357613.45697021 13.91636276 129 128 108
246098.51574707 3357610.28466797 13.89850330 145 159 170
246098.30175781 3357609.81317139 14.38085747 140 154 167
246097.75024414 3357608.90802002 14.10998154 248 247 245
246101.75939941 3357609.52252197 13.89380646 225 224 230
246100.48107910 3357612.72674561 13.40242290 107 113 111
246098.93347168 3357612.77966309 14.35089684 205 206 208
246102.99389648 3357612.71142578 13.12489796 87 80 72
246098.46875000 3357611.50970459 13.65313053 248 244 245
246100.62207031 3357611.63970947 13.68624115 250 249 254
246101.72241211 3357609.10986328 13.89028454 240 243 250
246100.20629883 3357611.98370361 14.47953224 234 232 233
246099.06787109 3357609.27673340 14.25666523 112 113 117
246100.34472656 3357611.61370850 13.29904747 236 235 233
246099.27148438 3357609.59429932 14.20859051 142 143 145
246098.68530273 3357612.65258789 13.46144676 192 207 214
246098.98645020 3357609.50744629 14.26288700 137 137 139
246097.95495605 3357608.19879150 13.61606121 165 160 157
246100.63244629 3357608.75311279 14.21765137 36 42 42
246100.60583496 3357611.64746094 13.81465912 250 250 252
246101.43518066 3357611.61608887 13.31299019 140 138 139
246100.35668945 3357610.22607422 13.75776005 45 44 40
246100.64770508 3357607.06201172 13.35968113 196 192 180
246098.46533203 3357609.70843506 14.41149807 52 69 76
246101.32434082 3357610.27178955 13.41051865 39 43 44
246101.78015137 3357611.64953613 13.57913494 215 213 214
246099.97045898 3357612.88323975 13.68971348 143 153 154
246099.04016113 3357611.50445557 13.60958481 85 85 87
246098.48999023 3357612.80139160 13.79607964 185 207 218
246099.35046387 3357611.59692383 13.50086403 250 248 253
246100.80017090 3357613.27325439 13.28794098 125 119 103
246098.75927734 3357608.44403076 14.23152542 241 245 248
246099.54907227 3357611.73406982 13.82089043 251 251 253
246102.23425293 3357611.95007324 13.64649296 180 180 180
246103.00708008 3357612.47900391 13.15105152 106 104 92
246098.04333496 3357609.59179688 14.30154324 76 89 97
246098.25256348 3357610.55035400 13.20247936 138 134 131
246100.39550781 3357608.55065918 14.36290836 125 126 130
246101.79296875 3357608.20892334 13.53470325 132 128 125
246099.10693359 3357607.23748779 14.27471447 165 164 162
246100.55151367 3357607.52581787 13.48879719 244 246 245
246100.94958496 3357611.65148926 14.02443504 196 197 201
246100.47180176 3357607.98468018 14.06397629 161 154 146
246100.79089355 3357609.91540527 14.09869862 118 119 121
246102.01855469 3357613.41448975 13.74661541 140 134 112
246099.32434082 3357607.20135498 14.23676014 148 149 151
246101.63378906 3357613.31121826 13.93851376 111 111 109
246102.04199219 3357609.04400635 13.80355740 126 113 107
246101.90209961 3357608.40618896 13.64639950 192 196 205
246101.21923828 3357609.47686768 14.04186916 232 233 237
246099.53295898 3357611.31024170 13.16726017 122 119 114
246101.99731445 3357609.65112305 13.69484520 71 67 64
246099.69226074 3357611.66888428 14.07619190 138 146 149
246098.49523926 3357610.25244141 14.00470448 140 154 165
246102.29663086 3357612.03479004 13.49212933 132 131 129
246097.64709473 3357609.77990723 13.89680386 237 237 239
246099.95483398 3357612.94598389 13.19133377 157 159 156
246099.79577637 3357607.53216553 13.90133858 198 197 195
246099.48840332 3357608.78839111 14.39909744 222 228 228
246097.66455078 3357609.80590820 13.92951965 249 249 249
246101.85107422 3357609.67675781 13.80343628 150 146 147
246101.83789063 3357609.67852783 13.81344032 150 146 147
246100.13989258 3357611.71282959 13.30491352 252 252 254
246097.90954590 3357609.06335449 14.18590546 254 254 254
246098.25939941 3357608.39819336 13.93890858 194 195 197
246100.06640625 3357607.20227051 14.02357674 211 206 203
246099.46813965 3357612.46472168 14.22886086 230 232 231
246102.02770996 3357612.21997070 13.85706902 242 241 247
246098.99682617 3357613.03125000 14.03082275 208 209 211
246101.66113281 3357612.24523926 13.94646072 253 248 254
246098.17346191 3357611.88983154 13.93192577 245 250 246
246102.03918457 3357609.73193359 13.62138557 49 51 48
246098.41516113 3357612.12805176 14.18383408 177 198 199
246101.56237793 3357609.78802490 13.92171764 204 209 215
246102.35839844 3357609.25561523 13.51877594 47 53 53
246098.92663574 3357611.44982910 13.32890415 209 205 206
246098.32360840 3357612.50793457 13.82713413 176 172 171
246099.04150391 3357607.45092773 13.59024525 245 249 250
246100.28295898 3357609.76947021 14.41433907 178 186 189
246099.21850586 3357612.62994385 13.43960094 161 170 177
246098.82458496 3357613.14550781 13.43798542 101 102 106
246101.32238770 3357607.39764404 13.23832989 188 184 172
246102.38317871 3357609.11090088 13.48178577 52 56 57
246097.96679688 3357608.60083008 13.95500946 255 255 253
246099.82824707 3357610.27667236 13.24960709 46 47 51
246102.81396484 3357613.05670166 13.18926525 54 53 51
246098.66198730 3357610.28228760 13.89657307 103 113 122
246098.61083984 3357610.34039307 13.66648579 61 66 72
246100.01208496 3357609.21228027 14.25733852 143 147 150
246098.65710449 3357612.75494385 13.49493217 169 184 191
246102.28271484 3357612.87231445 13.57553768 56 62 62
246098.37915039 3357612.65362549 13.71696949 180 185 191
246099.41040039 3357612.04315186 14.32323265 233 233 235
246100.49316406 3357612.58892822 13.30883694 114 119 123
246100.83044434 3357612.12023926 14.24866009 20 35 38
246101.39172363 3357611.61315918 13.35225677 195 191 192
246098.76989746 3357612.91253662 13.90008831 202 214 226
246099.93420410 3357607.79608154 13.83654499 180 177 172
246098.89990234 3357611.52923584 13.93357563 252 245 252
246101.09448242 3357607.48858643 13.74253941 249 244 240
246098.10949707 3357609.46154785 14.33760071 58 67 72
246100.63012695 3357613.26489258 13.75162792 129 127 115
246099.43579102 3357612.99975586 13.31057358 127 132 135
246098.32971191 3357612.30090332 14.10622120 185 194 193
246101.48022461 3357609.75488281 13.96674156 205 213 216
246101.73559570 3357612.63372803 13.91870213 248 249 254
246100.54138184 3357611.66644287 13.85625553 251 251 251
246101.46630859 3357608.20086670 13.81031036 255 255 255
246101.74572754 3357609.24072266 13.89206886 238 241 250
246101.82238770 3357607.93914795 13.39268398 181 173 154
246100.21386719 3357611.69342041 14.02917290 150 167 174
246099.14294434 3357612.40423584 13.38738537 167 181 184
246100.14978027 3357608.70196533 14.45848656 128 129 131
246099.02807617 3357607.73809814 14.34765911 110 119 128
246100.14282227 3357608.66314697 14.46864986 125 126 128
246102.05493164 3357608.90759277 13.78388309 97 84 76
246099.74694824 3357612.74169922 14.25459003 255 255 255
246100.28076172 3357613.00817871 13.64218235 116 125 120
246101.06713867 3357612.10375977 14.11584854 177 192 195
246099.44873047 3357607.52166748 13.67568588 235 240 236
246098.51208496 3357610.13354492 14.28072453 131 148 156
246100.23156738 3357613.11676025 13.79422760 168 172 173
246098.07336426 3357612.86260986 13.99591637 170 161 162
246102.25878906 3357610.22656250 13.24109364 60 65 68
246099.75854492 3357607.55920410 13.94694996 209 207 208
246099.36511230 3357607.49444580 14.29828167 170 168 169
246097.76074219 3357610.20721436 13.91181850 226 226 228
246099.94592285 3357607.25726318 13.88405132 242 242 242
246100.76904297 3357609.79840088 14.12917137 150 154 153
246098.85961914 3357611.45520020 13.43612003 183 181 184
246099.77661133 3357607.87384033 13.95645714 235 235 235
246099.72363281 3357612.51434326 13.45910645 139 146 152
246098.45947266 3357612.98571777 14.01112938 191 205 214
246100.97131348 3357607.19036865 14.00849724 255 255 250
246099.46704102 3357607.80194092 13.52883434 247 248 243
246101.33142090 3357608.29388428 13.93837547 250 254 253
246097.68994141 3357609.94989014 13.94959068 249 250 252
246100.53649902 3357611.66992188 14.06406689 192 200 203
246100.71325684 3357612.14514160 14.31472015 21 35 38
246101.13024902 3357607.33465576 13.29112244 185 185 175
246099.84313965 3357612.30181885 14.40107441 229 229 229
246099.18908691 3357608.69830322 14.36194324 33 42 41
246100.46459961 3357612.67138672 13.37682247 111 117 115
246098.41210938 3357609.20037842 14.37095451 91 101 103
246099.48095703 3357609.31463623 14.17104053 126 127 131
246100.19030762 3357611.30609131 13.13121414 157 145 133
246099.97888184 3357611.75396729 14.28346157 48 59 61
246101.36315918 3357608.12457275 13.68892479 187 186 184
246100.26049805 3357610.17596436 13.78107262 143 144 138
246100.48071289 3357612.73895264 13.32341194 117 121 124
246100.60607910 3357609.34777832 14.13922310 62 66 67
246102.30371094 3357613.15502930 13.57026768 74 73 68
246099.94531250 3357608.65655518 14.47118855 221 225 226
246100.13854980 3357611.32452393 13.12520313 194 184 174
246101.77185059 3357612.72052002 13.89690781 243 246 251
246103.15637207 3357612.08905029 13.15174770 140 134 122
246100.37634277 3357607.39477539 13.41703796 233 238 234
246100.17053223 3357607.21740723 14.00430775 195 191 182
246100.02124023 3357611.71453857 13.28352642 251 249 252
246098.17309570 3357611.39105225 13.35376072 177 177 177
246100.76000977 3357610.26501465 13.64325523 39 37 38
246098.53198242 3357610.20819092 14.10809898 154 170 183
246100.21313477 3357611.57427979 13.17121696 123 120 111
246100.41784668 3357613.07104492 13.60609627 146 147 142
246100.98144531 3357607.26416016 13.83753967 248 248 248
246101.51123047 3357611.63745117 13.73239231 223 218 222
246099.06945801 3357612.56945801 13.44102669 169 184 191
246098.69519043 3357612.40972900 14.28434277 176 195 201
246098.43041992 3357612.81335449 14.19782352 202 206 207
246100.61657715 3357608.96557617 14.18463516 52 58 58
246102.59570313 3357613.35583496 13.25155449 51 54 47
246099.58850098 3357610.18518066 13.69550133 130 134 137
246100.28869629 3357607.42053223 13.78112507 243 243 241
246099.26574707 3357608.74560547 14.36821270 180 188 190
246099.22277832 3357609.86199951 14.38775444 146 157 159
246100.95812988 3357607.28405762 13.34533882 204 201 196
246101.99768066 3357609.33087158 13.81991386 163 152 150
246098.05175781 3357612.98199463 13.88820457 175 170 174
246097.98510742 3357608.56427002 13.84585094 243 243 241
246098.28247070 3357612.48693848 13.87062931 181 175 175
246100.04028320 3357612.99249268 14.03817368 64 70 70
246102.19885254 3357612.03106689 13.75303173 195 193 196
246100.02587891 3357611.85040283 13.63243198 251 255 255
246102.61340332 3357612.55804443 13.31668091 51 52 47
246101.50366211 3357611.98175049 13.96883774 251 249 254
246102.43847656 3357609.00592041 13.40714550 57 61 60
246099.08801270 3357610.00134277 14.40598392 55 69 72
246098.35717773 3357612.17645264 13.79243946 239 240 242
246102.01708984 3357611.68255615 13.36149025 116 109 103
246098.92333984 3357609.22875977 14.29325104 156 157 161
246102.73608398 3357612.19982910 13.18566895 110 106 97
246102.64160156 3357611.91259766 13.18217659 122 118 107
246098.96679688 3357612.53649902 14.32864189 189 193 194
246100.00756836 3357612.16766357 14.48345661 113 126 134
246101.87353516 3357609.22619629 13.86820698 238 237 242
246101.31164551 3357608.60766602 14.08660603 243 245 244
246097.90332031 3357609.56268311 14.21495724 190 197 203
246099.68200684 3357608.48107910 14.23773766 211 212 214
246098.24194336 3357612.55792236 13.82357979 182 176 176
246099.03625488 3357613.20635986 13.29286480 26 27 29
246099.73742676 3357608.27050781 13.94309139 217 219 218
246100.41113281 3357612.93804932 14.35669708 199 199 197
246102.04162598 3357608.37341309 13.47560310 67 66 61
246099.81127930 3357607.28497314 13.30453777 217 219 218
246098.33374023 3357610.96643066 13.26824856 129 125 122
246101.24902344 3357613.32604980 14.05035686 117 121 98
246100.37280273 3357608.05908203 14.04567337 161 154 146
246099.02270508 3357611.79858398 14.42751789 239 230 235
246102.41796875 3357612.18609619 13.29862213 53 54 48
246100.25927734 3357612.86724854 13.20948887 151 152 146
246099.67956543 3357607.77612305 14.03934288 235 237 236
246099.81823730 3357610.07855225 13.86731815 147 146 144
246098.21630859 3357611.88720703 14.02931976 250 252 251
246102.68920898 3357608.90411377 13.11922455 78 80 79
246102.36230469 3357613.38317871 13.37241840 77 79 66
246097.65734863 3357610.19982910 13.69771385 184 180 177
246100.37622070 3357608.85992432 14.37092876 82 84 83
246098.65991211 3357607.39276123 14.26459980 160 178 182
246099.15625000 3357608.65051270 14.34852982 22 30 32
246099.02758789 3357607.42150879 14.36529350 121 127 127
246099.98168945 3357612.95031738 13.18704605 157 159 156
246098.84509277 3357608.92694092 14.40867233 217 219 218
246100.60729980 3357611.80316162 14.33986950 248 247 252
246099.18847656 3357611.57525635 13.69413280 253 247 251
246102.23486328 3357613.12072754 13.69357204 88 88 86
246100.01403809 3357611.82214355 13.69683075 251 255 255
246098.94641113 3357608.77667236 14.40142059 98 106 108
246100.92016602 3357609.87579346 14.07181644 163 167 170
246100.86364746 3357607.39990234 14.11401844 142 145 138
246099.42700195 3357608.71954346 14.44584084 151 157 157
246098.93188477 3357612.48559570 13.60756207 161 179 181
246099.02978516 3357612.06445313 14.37174988 199 197 198
246102.66943359 3357609.13433838 13.21806145 54 64 65
246100.48693848 3357611.99310303 14.46005440 19 29 30
246102.77416992 3357611.80468750 13.20248890 133 127 115
246100.73181152 3357612.32922363 14.27148056 18 30 28
246099.96093750 3357611.59710693 13.20253754 141 140 136
246100.10900879 3357612.20397949 14.48784733 102 115 124
246102.69384766 3357613.14196777 13.24944496 47 49 44
246098.36755371 3357611.53210449 13.40675545 233 233 233
246102.76367188 3357613.47888184 13.19172764 61 61 53
246098.57470703 3357612.24871826 13.61436749 181 185 188
246102.56250000 3357611.75000000 13.17791367 132 126 114
246100.02148438 3357607.18420410 14.08614826 198 194 185
246097.70056152 3357608.71667480 13.60212517 152 153 148
246098.68737793 3357613.03112793 13.56361294 135 150 157
246100.34045410 3357607.62908936 13.51427078 239 243 242
246102.96667480 3357613.26818848 13.14139938 64 60 51
246099.84985352 3357612.67364502 14.31650352 253 251 252
246098.67687988 3357609.43945313 14.45124626 147 146 151
246099.93615723 3357612.91284180 14.11583710 69 75 75
246100.72790527 3357609.92486572 14.12631130 109 111 110
246100.89147949 3357611.58569336 13.46252441 252 250 251
246098.61535645 3357612.08752441 13.48370266 193 197 200
246098.27722168 3357608.81860352 14.29281044 252 252 252
246099.98864746 3357611.75372314 13.32276440 248 247 252
246099.31652832 3357612.53100586 13.39947987 167 176 181
246102.36022949 3357608.93371582 13.48761559 55 59 60
246099.81445313 3357609.83789063 14.35153294 30 44 45
246100.51855469 3357613.22528076 13.96516609 132 134 121
246100.52917480 3357610.15270996 13.89324760 122 123 118
246102.26501465 3357612.00177002 13.58888626 168 170 169
246099.39306641 3357608.35198975 14.07740116 179 181 180
246098.72949219 3357612.15618896 13.42778015 179 187 190
246100.44348145 3357607.44610596 13.44586182 239 241 238
246100.31018066 3357613.09802246 14.12186909 119 121 110
246098.37072754 3357612.80871582 14.16711903 182 184 183
246099.05468750 3357607.40032959 14.36526585 112 120 122
246098.28454590 3357611.20953369 13.29115963 136 136 136
246099.97180176 3357608.50854492 14.37720490 37 43 39
246099.70886230 3357607.77685547 13.56785202 246 251 247
246098.38171387 3357610.30938721 13.69402027 73 82 89
246098.95080566 3357612.91802979 14.34412479 172 178 178
246099.50073242 3357609.68194580 14.16373062 168 178 180
246099.50830078 3357609.32580566 14.16293335 155 156 160
246099.95458984 3357608.55944824 14.44892979 34 38 37
246101.48132324 3357607.20117188 13.25459003 182 176 160
246098.79772949 3357611.44427490 13.33801746 176 174 175
246100.16809082 3357609.20648193 14.35803890 195 200 204
246098.17602539 3357611.53149414 13.39455986 220 220 222
246101.08642578 3357607.06701660 13.25037670 141 134 124
246101.56384277 3357608.04772949 13.47149277 195 190 170
246100.78271484 3357612.21234131 14.25983715 27 39 39
246102.19897461 3357608.26904297 13.38549137 167 156 138
246100.59313965 3357610.16088867 13.81748486 65 64 59
246101.10437012 3357607.69787598 13.76089668 206 199 193
246099.49145508 3357612.97540283 13.99622250 124 132 134
246098.24072266 3357610.23291016 14.10470963 154 166 178
246098.92773438 3357610.15905762 14.17253113 149 155 169
246098.97534180 3357609.38555908 14.26746559 130 130 132
246098.61242676 3357607.65502930 14.27949238 87 105 117
246099.20996094 3357610.09564209 14.23997021 45 48 53
246098.32324219 3357612.49139404 14.11972237 155 156 158
246100.20556641 3357611.75177002 14.24024105 55 74 78
246098.00146484 3357612.89361572 13.90228176 119 107 107
246098.87915039 3357611.89263916 14.43401623 136 141 144
246099.91784668 3357612.44299316 13.35829067 138 147 152
246098.61669922 3357610.07092285 14.37538433 155 168 177
246098.23339844 3357608.55084229 14.11780167 250 250 250
246100.10961914 3357611.76965332 13.35869312 249 250 254
246100.04003906 3357607.24438477 13.25079823 218 219 213
246099.85754395 3357609.96032715 14.30005360 37 41 42
246102.57592773 3357613.51129150 13.26530933 95 96 80
246100.61364746 3357613.02789307 14.29133224 80 84 83
246098.21691895 3357612.01965332 13.51056385 226 230 233
246100.36889648 3357611.73645020 14.19645023 64 87 93
246099.86584473 3357610.03698730 14.18339062 46 46 48
246098.63317871 3357608.59539795 14.23284340 245 249 250
246100.63891602 3357607.92614746 14.07952404 143 136 128
246100.74206543 3357610.20288086 13.71073627 32 32 30
246100.41613770 3357609.28332520 14.32635689 75 77 74
246098.20068359 3357611.86267090 13.77115917 215 217 216
246098.84350586 3357611.62408447 14.24673080 112 116 119
246099.33105469 3357612.14318848 14.28272247 191 190 188
246100.27050781 3357607.96740723 13.95421696 182 174 163
246102.28149414 3357612.03887939 13.57569885 140 140 140
246098.22070313 3357608.34765625 13.83984566 217 216 214
246101.67138672 3357612.29431152 13.94518948 251 249 254
246101.07336426 3357610.16448975 13.62407017 26 27 29
246099.42736816 3357612.74975586 13.38278103 155 165 167
246097.84326172 3357611.95916748 13.51593590 232 233 238
246101.95935059 3357612.28961182 13.86347675 245 244 250
246100.22448730 3357611.78961182 13.66061687 251 252 254
246102.92126465 3357613.41668701 13.15503883 95 93 81
246099.16748047 3357611.51867676 13.52333450 181 181 183
246100.19714355 3357610.26818848 13.30642796 41 41 39
246099.77673340 3357607.16613770 14.01260471 227 223 220
246098.32800293 3357612.73999023 13.50323486 159 154 160
246100.97631836 3357608.65606689 14.15065861 233 233 233
246100.14428711 3357612.12725830 14.49081230 111 122 128
246101.83044434 3357608.77117920 13.88885880 237 240 245
246100.71337891 3357607.43072510 13.57476997 247 248 250
246100.91235352 3357608.14630127 13.97190475 123 124 119
246099.54943848 3357612.96228027 13.29788017 142 150 153
246099.21057129 3357612.89227295 13.88148117 157 162 165
246101.72534180 3357613.35174561 13.90054417 108 104 93
246099.93725586 3357611.78698730 13.76767159 252 253 255
246100.63317871 3357612.29492188 14.32972050 87 98 100
246098.54895020 3357610.32373047 13.69887352 64 71 77
246099.08496094 3357608.41479492 14.25304794 207 211 212
246102.72851563 3357613.25048828 13.21442795 49 51 46
246101.32800293 3357608.07385254 13.67575169 200 196 193
246099.46691895 3357610.10357666 14.16183090 143 148 152
246098.35888672 3357608.05139160 14.05202770 158 157 155
246099.36987305 3357612.52136230 14.23361683 187 186 184
246101.24768066 3357612.61444092 14.03295517 47 55 57
246098.05041504 3357612.47503662 13.48705769 254 254 255
246102.21936035 3357609.90307617 13.45550346 60 62 61
246098.34863281 3357611.59002686 13.70047092 238 236 237
246098.32312012 3357611.69183350 13.58018589 182 178 177
246100.26110840 3357612.00048828 14.47869682 239 237 240
246098.17993164 3357612.10040283 13.48747063 227 230 235
246102.37695313 3357610.13452148 13.28325844 62 67 70
246098.85522461 3357608.66729736 14.32627487 66 70 69
246099.56921387 3357607.34991455 14.15687180 201 197 194
246099.75512695 3357607.72357178 13.96564770 230 228 229
246097.87939453 3357609.23065186 14.18713665 253 254 255
246099.80224609 3357612.96234131 13.83218384 102 107 110
246102.23571777 3357612.42083740 13.75357437 210 211 216
246099.63879395 3357612.37091064 13.31003284 93 103 105
246099.81140137 3357607.66906738 13.89552879 213 212 210
246099.57312012 3357607.22662354 14.15923214 198 197 195
246101.21252441 3357613.34478760 14.05690956 110 111 95
246099.26599121 3357612.89141846 14.18266392 63 72 69
246099.98034668 3357610.07861328 13.52013493 136 137 131
246101.03759766 3357608.41156006 14.14156055 243 244 248
246100.43237305 3357610.16601563 13.90628910 126 128 125
246098.21008301 3357611.52502441 13.39532089 219 219 221
246101.17016602 3357611.60650635 13.41313934 81 75 75
246099.83898926 3357610.10961914 14.07689762 159 163 162
246100.18261719 3357613.11157227 13.93128300 199 200 195
246100.28369141 3357611.25927734 13.14109325 151 137 124
246101.59448242 3357613.33953857 13.94725037 111 108 101
246102.99609375 3357613.43988037 13.14728451 132 126 114
246100.96472168 3357613.38256836 13.88285446 158 151 132
246102.28308105 3357613.28155518 13.50348759 87 87 77
246099.37524414 3357608.60931396 14.38210106 51 60 59
246100.08288574 3357609.92077637 14.33080864 37 42 45
246100.93615723 3357610.06903076 13.84667015 97 101 100
246099.86743164 3357611.69958496 14.18749619 40 59 65
246100.13586426 3357607.75054932 13.55610466 249 251 248
246101.53271484 3357609.34112549 13.94526386 239 242 249
246099.86010742 3357612.75793457 13.62558746 137 147 149
246099.53674316 3357612.93090820 13.31149960 145 153 156
246100.40051270 3357609.11560059 14.36617851 68 70 69
246101.76501465 3357608.44006348 13.81604385 213 218 224
246101.11669922 3357607.57977295 13.67344952 252 243 236
246099.22326660 3357611.58026123 13.65330124 250 250 252
246099.55175781 3357611.47894287 13.25352097 105 106 101
246099.79492188 3357609.89495850 14.44755363 21 35 36
246100.46240234 3357612.92657471 13.28026009 134 135 127
246100.68896484 3357609.85186768 14.17027664 85 87 84
246099.14990234 3357613.00317383 13.43100739 104 109 112
246102.20825195 3357609.10089111 13.61584759 51 51 49
246101.11694336 3357613.02539063 14.00477600 27 31 30
246100.18115234 3357611.66723633 13.27170753 249 248 246
246099.55554199 3357609.97338867 14.33827019 31 36 40
246097.69079590 3357609.46685791 14.03057671 254 254 255
246099.58703613 3357612.32788086 13.33746433 144 157 163
246100.09887695 3357607.69836426 13.50789738 232 236 235
246101.39306641 3357613.20922852 14.01177406 227 228 230
246100.14282227 3357611.79589844 13.41112709 250 251 255
246101.46838379 3357607.32623291 13.23080254 184 179 160
246099.73669434 3357610.06701660 13.66203117 143 147 148
246100.87475586 3357607.47888184 14.07246876 133 138 132
246100.35009766 3357607.20092773 13.35041428 213 210 203
246098.77758789 3357612.53515625 14.31832600 157 178 181
246099.85925293 3357607.30401611 13.92153645 162 155 149
246100.49951172 3357607.55017090 13.53000450 246 248 247
246099.90319824 3357608.48144531 14.28228378 54 58 57
246101.31970215 3357608.38641357 14.02625465 247 248 252
246100.34802246 3357607.17041016 13.34783554 208 205 196
246099.18347168 3357610.16833496 14.14640427 159 164 168
246099.04589844 3357609.47174072 14.24545479 136 136 138
246098.31164551 3357608.29016113 13.96350479 226 226 226
246100.67053223 3357611.63708496 13.78053761 249 251 250
246100.92517090 3357607.17718506 13.95033836 243 242 240
246101.11145020 3357607.47033691 13.32940769 186 181 175
246098.33227539 3357609.29437256 14.36672211 167 172 175
246101.96911621 3357609.02062988 13.85387135 180 169 165
246100.01989746 3357610.08746338 13.66187000 119 120 114
246101.14965820 3357607.21832275 13.25837898 197 194 185
246098.16589355 3357610.29602051 13.76708126 139 146 154
246098.96240234 3357607.94024658 14.32669258 98 102 111
246102.88977051 3357613.04705811 13.15912342 61 57 54
246100.53662109 3357609.56774902 14.20790482 78 79 81
246097.64367676 3357609.71917725 13.90464115 231 231 231
246100.01684570 3357612.70635986 13.53949642 137 148 150
246098.66235352 3357609.84442139 14.45860767 93 97 100
246098.41699219 3357609.41235352 14.40566635 48 61 67
246100.08276367 3357609.58300781 14.23934937 236 240 241
246100.41259766 3357611.61584473 13.34100437 254 253 251
246100.76770020 3357612.58764648 14.23370838 26 36 35
246099.85949707 3357610.09973145 13.43743420 109 115 113
246100.90368652 3357608.35375977 14.11198330 242 243 245
246099.33337402 3357612.96313477 13.91348934 147 152 155
246098.29821777 3357611.35748291 13.33434200 146 146 146
246101.74877930 3357608.80261230 13.90148544 241 246 252
246102.09558105 3357608.91754150 13.73758984 78 67 61
246101.65429688 3357607.67950439 13.25669575 182 173 156
246102.28540039 3357611.92456055 13.31105137 63 60 55
246101.13537598 3357610.17816162 13.56875706 30 30 30
246101.46691895 3357611.61724854 13.31196404 137 136 134
246099.10485840 3357612.76196289 14.30754375 213 211 212
246098.17993164 3357608.48114014 14.01547337 182 184 183
246100.52111816 3357613.30841064 13.15474987 150 142 123
246098.23730469 3357608.75897217 14.24592781 255 255 255
246099.54150391 3357611.54602051 13.31863976 120 120 118
246100.04052734 3357607.75457764 13.50025368 232 238 236
246098.17004395 3357612.90057373 14.04874229 195 193 194
246101.05517578 3357613.39721680 13.95066929 162 154 135
246098.70031738 3357612.53833008 14.29315853 175 196 199
246100.35925293 3357607.31695557 13.39011765 226 227 222
246099.02124023 3357611.56640625 13.97997761 252 246 250
246102.58520508 3357611.95861816 13.17990971 115 111 100
246100.07958984 3357608.13360596 13.89618111 162 158 149
246102.08044434 3357609.96038818 13.47928619 56 60 61
246100.93566895 3357608.88525391 14.11382961 44 43 41
246099.17639160 3357608.57659912 14.29669380 112 117 120
246101.41638184 3357609.73144531 13.99114227 205 210 214
246100.14233398 3357607.48712158 13.73568535 245 246 241
246099.62536621 3357610.14923096 13.73160744 124 132 134
246099.78356934 3357612.56005859 13.48313236 141 148 154
246099.86706543 3357612.03393555 14.45633507 208 208 210
246099.44079590 3357611.67425537 13.91587925 252 250 253
246098.30004883 3357611.72717285 13.66891289 221 221 219
246098.71545410 3357611.59234619 14.13876057 253 246 253
246101.27673340 3357608.97631836 13.99070358 247 253 253
246101.67529297 3357612.99780273 13.92441273 251 252 254
246098.71032715 3357607.49468994 14.30563641 167 192 197
246099.15051270 3357610.24291992 14.04425812 113 124 128
246099.09533691 3357612.97625732 13.48586082 104 112 115
246100.12158203 3357613.08709717 13.81649971 186 187 191
246099.29296875 3357611.81243896 14.33190632 144 142 145
246102.44396973 3357610.24255371 13.20812321 69 73 74
246100.11682129 3357613.05004883 13.75570869 154 159 162
246102.09863281 3357610.21118164 13.28972530 54 58 61
246099.55700684 3357612.67999268 13.62943840 142 147 153
246097.76379395 3357610.26861572 13.76295757 143 145 142
246103.13940430 3357611.84973145 13.16192150 150 144 132
246101.15478516 3357612.24462891 14.09367657 194 208 209
246098.91113281 3357609.28863525 14.29691410 221 222 226
246099.74365234 3357612.74322510 13.64017391 137 146 151
246098.53894043 3357612.18713379 14.22615623 183 209 208
246099.13183594 3357607.51031494 13.57574749 247 251 252
246098.49841309 3357608.14062500 14.18278980 123 123 121
246099.12207031 3357609.20758057 14.26546574 90 94 95
246098.73962402 3357607.89428711 14.31186676 110 113 118
246099.50915527 3357607.53063965 13.68719292 243 245 240
246099.46313477 3357609.25842285 14.18874168 97 98 103
246099.37231445 3357611.65118408 13.99720001 250 248 253
246099.97827148 3357607.23529053 13.90529919 237 237 237
246102.26672363 3357609.01885986 13.55971336 57 59 56
246099.10437012 3357612.57958984 13.64632702 158 173 178
246098.26403809 3357612.57769775 13.47804356 197 191 191
246100.55700684 3357611.76440430 14.32515240 155 156 160
246100.39123535 3357613.12420654 14.15604591 109 109 99
246098.43005371 3357611.32415771 13.30527020 120 119 115
246098.81701660 3357611.49383545 13.86098480 251 244 251
246099.32482910 3357609.24523926 14.21882153 89 95 95
246098.15356445 3357609.87500000 14.31913853 101 119 131
246099.38281250 3357611.73260498 14.20194721 73 92 96
246098.89318848 3357611.38671875 13.23964500 103 102 98
246098.73974609 3357607.49493408 13.55749321 237 241 242
246097.45422363 3357609.24194336 13.66369629 250 249 247
246100.41589355 3357611.94085693 14.45325947 211 211 213
246100.79956055 3357611.58605957 13.44696236 253 251 252
246100.30261230 3357608.22772217 14.05779076 165 164 160
246098.41711426 3357612.38513184 14.15390015 163 183 182
246101.19824219 3357608.54595947 14.11953545 240 244 245
246100.80859375 3357609.35101318 14.07155704 45 54 53
246100.27514648 3357611.77246094 13.53341007 251 250 255
246098.23034668 3357612.70690918 13.50919914 221 215 217
246101.02380371 3357611.59002686 13.36537457 229 221 219
246099.71606445 3357609.91564941 14.43061829 20 30 32
246101.43737793 3357608.50933838 14.04203415 245 247 246
246100.41076660 3357609.94879150 14.16897678 30 31 33
246100.70788574 3357608.37707520 14.14145184 235 236 238
246101.01306152 3357607.47515869 13.49069214 250 254 253
246100.55224609 3357607.25793457 14.13737583 138 138 128
246100.11547852 3357608.09503174 13.90423489 162 155 149
246100.29626465 3357607.27221680 14.02550411 184 178 166
246100.37976074 3357613.17456055 13.99914646 134 134 124
246100.32128906 3357611.84008789 14.40313053 244 239 243
246100.08459473 3357608.17962646 13.92682838 151 148 141
246097.64355469 3357609.53387451 13.96107674 255 255 255
246101.36145020 3357608.64434814 14.06843281 244 245 247
246100.26892090 3357611.34460449 13.13879585 155 143 129
246100.62463379 3357607.39880371 14.13862801 145 146 132
246098.21704102 3357612.83538818 14.08755302 187 187 187
246101.60876465 3357611.92596436 13.91802311 254 249 255
246099.13061523 3357612.54425049 13.61198807 158 173 178
246101.51916504 3357611.75604248 13.86642361 255 251 252
246101.96862793 3357612.92169189 13.80834770 233 236 241
246099.82910156 3357610.07366943 14.13298893 146 147 149
246100.60180664 3357607.87786865 14.06952667 150 143 135
246101.07043457 3357609.36462402 14.07114410 101 107 107
246101.51477051 3357610.18218994 13.53244972 41 45 44
246097.92590332 3357608.88421631 14.16289806 254 254 254
246100.05334473 3357609.52148438 14.21661854 239 243 244
246099.42883301 3357611.42956543 13.23379993 115 114 110
246098.39660645 3357612.95306396 14.08728218 193 202 209
246101.51843262 3357612.98559570 13.95771694 251 252 254
246099.22058105 3357610.14086914 14.17543697 150 153 160
246099.93774414 3357611.51892090 13.15423489 169 168 164
246102.78454590 3357613.11560059 13.20036030 51 51 49
246098.25219727 3357608.03503418 13.92222118 200 201 196
246099.69287109 3357609.88006592 14.37762356 16 32 32
246099.14721680 3357612.16394043 13.35868740 192 206 207
246101.68054199 3357607.10412598 13.34863663 161 154 136
246099.90258789 3357607.53295898 13.70158386 245 247 246
246098.16992188 3357608.19396973 13.80043507 192 191 187
246100.48400879 3357610.23284912 13.77446556 32 31 27
246100.28125000 3357610.21124268 13.70675945 62 63 57
246101.62145996 3357609.30664063 13.91883850 238 241 248
246098.32360840 3357611.96740723 13.68629169 228 233 236
246100.82287598 3357607.44683838 13.47132492 220 223 228
246101.41406250 3357610.18414307 13.52864265 40 44 43
246098.63842773 3357609.95935059 14.43337727 123 128 134
246099.73962402 3357612.51751709 13.45823860 140 147 153
246099.42541504 3357611.84674072 14.31465721 118 119 121
246099.77990723 3357612.40118408 13.35521889 134 141 147
246099.28393555 3357607.75030518 14.30129528 188 186 187
246098.32617188 3357612.49877930 13.46253490 175 171 170
246099.90356445 3357608.51074219 14.36497879 46 53 46
246098.77648926 3357612.20880127 13.50970173 178 189 195
246098.07958984 3357609.79626465 14.30416393 87 103 116
246099.26635742 3357609.06469727 14.28935814 216 220 223
246100.91235352 3357613.37548828 13.74457359 152 145 126
246099.56286621 3357612.51043701 13.34231186 157 167 169
246098.60864258 3357607.38934326 14.23830700 132 146 149
246101.06018066 3357607.51678467 13.47547054 252 253 248
246100.79724121 3357608.30633545 14.08339405 240 241 243
246101.15661621 3357608.36657715 14.06171608 245 246 250
246101.77673340 3357613.31463623 13.89413929 113 111 99
246100.46545410 3357612.91082764 13.28515911 132 133 127
246098.35400391 3357610.34692383 13.56797695 16 19 24
246101.05969238 3357611.60870361 13.70955563 252 252 254
246100.60498047 3357607.28863525 13.79810619 243 245 244
246101.74548340 3357613.06250000 13.90663910 249 251 248
246101.37084961 3357611.59307861 13.24328613 182 181 179
246100.03833008 3357607.72644043 13.83116627 199 192 184
246099.05554199 3357607.57543945 13.53825092 220 225 221
246099.27270508 3357612.49584961 13.39565086 167 178 182
246098.30847168 3357612.32275391 14.08648205 196 200 201
246099.45385742 3357608.86157227 14.33658600 214 219 222
246097.94287109 3357610.17327881 14.10928059 231 236 240
246100.53503418 3357612.73278809 14.35417271 19 28 27
246103.09387207 3357612.23950195 13.15120316 130 123 115
246099.59973145 3357608.43786621 14.13184452 254 254 254
246098.22448730 3357608.40899658 13.90373802 182 183 185
246098.84399414 3357612.73315430 13.50082779 135 149 160
246101.28417969 3357611.49273682 13.16078186 153 143 134
246099.36791992 3357613.18646240 13.24308968 27 28 30
246099.02478027 3357608.82434082 14.38331699 220 225 228
246101.05712891 3357611.59710693 13.49580288 252 248 249
246100.52563477 3357608.17126465 14.09245110 147 146 142
246099.70861816 3357607.80834961 13.55037117 246 251 247
246098.02685547 3357612.02130127 13.51280499 244 247 252
246100.98291016 3357611.68145752 14.05643559 132 131 136
246098.66967773 3357610.23229980 14.02023220 141 154 170
246100.53344727 3357609.32128906 14.19908619 83 87 86
246101.77807617 3357609.96325684 13.66060638 45 47 46
246099.85827637 3357612.64654541 13.53697491 135 146 148
246100.72595215 3357613.31750488 13.85956955 128 124 113
246101.44445801 3357612.36193848 14.01386261 250 248 253
246099.00451660 3357607.70367432 14.35514736 102 109 117
246100.86560059 3357607.15771484 13.91957569 164 164 164
246101.89575195 3357612.91143799 13.83364964 235 238 245
246101.87573242 3357608.75256348 13.86871910 228 226 231
246098.09838867 3357612.62243652 13.68433285 196 195 193
246099.29016113 3357610.31195068 13.91445446 110 120 122
246098.29455566 3357610.27709961 13.95011806 130 142 154
246098.46704102 3357612.95111084 13.53576088 169 184 187
246101.09655762 3357613.10229492 14.02075386 35 36 31
246099.51293945 3357608.43389893 14.12564659 255 255 255
246098.10839844 3357611.95074463 13.51187229 233 238 241
246098.81579590 3357610.33477783 13.83256721 10 17 23
246098.99328613 3357612.13299561 13.39072418 181 196 201
246100.91442871 3357611.60620117 13.76988888 247 251 254
246101.45593262 3357612.37774658 14.01110077 252 250 255
246099.84619141 3357608.76873779 14.35405636 219 224 227
246101.35888672 3357608.62255859 14.07327843 244 245 247
246101.67871094 3357611.61230469 13.28547573 82 72 70
246100.51782227 3357611.63128662 13.42199612 251 251 251
246101.65722656 3357609.61340332 13.90889740 218 221 228
246098.08154297 3357610.30065918 13.68291378 111 112 117
246099.89306641 3357610.06451416 13.64965916 140 141 136
246099.91052246 3357607.73040771 13.83801937 181 176 173
246098.86877441 3357612.95806885 13.54273415 119 132 140
246098.19555664 3357612.65148926 14.04047680 210 204 204
246098.68408203 3357612.93688965 14.23678875 93 99 99
246099.31066895 3357612.64654541 13.65577984 149 156 164
246100.41345215 3357607.33465576 14.03056049 168 164 152
246102.16467285 3357612.98638916 13.73136997 134 136 135
246098.14709473 3357609.56292725 14.34579659 92 105 111
246100.67272949 3357613.14434814 13.36698723 132 129 120
246100.64672852 3357609.82153320 14.19467354 138 140 139
246099.20336914 3357612.90924072 13.44884968 102 107 110
246099.71276855 3357612.27288818 14.32515812 239 234 231
246102.08044434 3357612.67767334 13.77681828 213 218 224
246100.37573242 3357609.68316650 14.35955143 84 85 87
246100.61584473 3357609.43823242 14.12324333 61 63 62
246099.56665039 3357610.01782227 14.26067543 25 29 30
246100.33752441 3357610.16918945 13.83430862 147 148 142
246100.75012207 3357612.31304932 14.26225471 23 35 33
246098.56347656 3357611.47973633 13.74696827 250 244 248
246101.43676758 3357609.97607422 13.81040573 70 77 83
246100.36633301 3357612.82458496 13.26418781 134 136 131
246101.27807617 3357607.77648926 13.50879860 222 213 198
246101.01867676 3357612.97058105 14.04074383 30 36 34
246098.06933594 3357609.53192139 14.31631470 68 79 85
246098.09094238 3357612.99023438 13.94117260 139 130 133
246099.62145996 3357609.18286133 14.18459797 101 105 106
246099.78894043 3357608.51080322 14.33388901 37 43 39
246102.32080078 3357613.10168457 13.54876614 40 42 37
246101.34375000 3357613.45568848 14.01727772 140 141 109
246100.66992188 3357613.22125244 14.10277843 112 108 99
246099.79516602 3357610.13500977 13.97659874 121 123 120
246099.15234375 3357608.19262695 14.25300694 187 192 196
246097.58483887 3357609.86907959 13.74989510 249 249 249
246098.88537598 3357607.63800049 14.35544395 250 249 244
246100.06579590 3357608.32940674 14.04323292 199 197 198
246099.43847656 3357612.26654053 14.24774742 222 223 225
246100.85168457 3357608.20153809 14.03641033 204 208 207
246100.68591309 3357612.63824463 14.27671337 23 35 33
246101.46838379 3357607.21923828 13.24756145 182 179 162
246102.08569336 3357608.42614746 13.48549080 72 71 66
246100.12829590 3357610.16082764 13.47786617 53 54 48
246098.97656250 3357612.43646240 14.31961155 206 210 211
246101.25109863 3357607.22778320 13.23953152 189 185 174
246101.49597168 3357607.66687012 13.24424076 198 189 172
246098.07714844 3357609.50042725 14.32172012 61 72 78
246102.09936523 3357608.91400146 13.73319244 78 67 61
246100.14062500 3357607.44226074 13.76427937 244 245 240
246098.83593750 3357612.88562012 13.54566193 104 118 129
246100.50244141 3357607.50915527 14.06830120 163 156 140
246098.47143555 3357611.97973633 14.24361134 184 205 206
246101.55004883 3357609.65545654 13.96521854 213 216 221
246098.53149414 3357612.24444580 13.63389111 175 179 180
246101.27697754 3357608.31793213 13.97694492 248 249 253
246098.29150391 3357611.81878662 13.62445831 226 230 229
246098.71411133 3357609.29083252 14.44115925 190 192 191
246101.15551758 3357612.26989746 14.09435558 160 174 175
246100.45727539 3357609.86737061 14.29685497 79 83 84
246099.97753906 3357612.79730225 13.21750164 156 162 162
246100.52612305 3357609.32092285 14.20645332 83 87 86
246097.92687988 3357610.17901611 14.09829903 232 236 239
246098.00903320 3357608.24768066 13.65147114 170 166 163
246099.86987305 3357608.48785400 14.29122925 40 44 43
246098.57446289 3357612.94952393 13.55794716 147 164 171
246100.07568359 3357612.90942383 13.66424656 136 146 145
246101.23266602 3357611.60754395 13.34542465 139 130 131
246099.09484863 3357609.84185791 14.38230324 170 178 181
246100.34472656 3357613.11529541 13.74502468 158 160 159
246099.36511230 3357612.67785645 13.66932583 146 153 159
246102.35229492 3357612.83758545 13.48116684 40 46 46
246099.92333984 3357609.54302979 14.15110970 222 226 227
246099.43151855 3357608.60821533 14.40043926 50 59 56
246101.74658203 3357613.26800537 13.92197323 122 122 114
246098.45886230 3357609.04498291 14.38620853 116 122 122
246099.86474609 3357610.11108398 14.01330090 139 143 142
246098.74438477 3357608.80120850 14.42821312 193 197 198
246099.17175293 3357612.83618164 14.27766132 94 98 97
246099.79553223 3357607.22235107 13.94295979 232 231 229
246100.86987305 3357611.60528564 13.75084591 246 250 253
246099.89074707 3357607.60925293 13.65269661 244 248 247
246101.04272461 3357608.61853027 14.14349365 241 243 240
246098.59680176 3357607.51892090 14.25299358 91 104 113
246099.24865723 3357609.72320557 14.26809025 160 161 165
246102.65490723 3357613.30444336 13.24403286 48 53 47
246098.10217285 3357612.24652100 13.47706127 254 255 255
246100.38012695 3357607.50891113 13.66971970 244 249 245
246099.20056152 3357609.94421387 14.41747093 40 54 54
246101.80444336 3357609.06896973 13.87349987 238 243 249
246100.16259766 3357607.37689209 13.88724327 200 193 187
246101.62597656 3357608.23858643 13.70005322 250 255 255
246098.58825684 3357611.42333984 13.30405998 95 94 92
246100.04504395 3357611.86743164 14.43127060 217 213 214
246099.45605469 3357610.21832275 13.91995907 114 121 127
246097.61010742 3357609.81878662 13.80907726 249 251 250
246101.77587891 3357611.64898682 13.57243347 215 213 214
246101.24780273 3357608.95587158 13.99854565 250 254 255
246100.91418457 3357609.33642578 14.06217861 55 61 61
246100.61816406 3357607.49133301 13.47603703 246 246 244
246100.10900879 3357607.28784180 13.86209106 242 242 240
246102.26062012 3357608.94836426 13.57465744 55 59 58
246101.06420898 3357609.95263672 13.93770885 154 161 167
246098.31726074 3357608.37677002 14.01665878 195 196 198
246099.74230957 3357607.57678223 13.49141788 252 253 255
246099.42333984 3357607.32238770 14.26185226 192 192 194
246098.78515625 3357608.61828613 14.26202679 157 159 158
246099.52856445 3357608.71209717 14.45481014 159 165 165
246100.46520996 3357607.69940186 14.03613377 163 156 146
246102.22229004 3357609.34002686 13.62529469 47 49 48
246100.04992676 3357612.46655273 14.45090199 83 94 100
246100.27819824 3357607.28863525 13.99673843 188 181 171
246102.09350586 3357612.13232422 13.84071922 239 236 243
246100.02038574 3357611.62786865 13.21595192 185 184 182
246099.12573242 3357610.32470703 13.92826176 109 117 120
246100.79858398 3357608.13281250 14.03461075 126 125 120
246102.28674316 3357611.92944336 13.32222462 62 61 57
246098.19921875 3357609.16693115 14.29842377 205 221 220
246100.35717773 3357612.53051758 14.43589783 245 246 248
246099.70178223 3357607.68090820 14.01694202 230 230 228
246099.90783691 3357612.93963623 14.04330635 62 70 72
246099.30761719 3357608.26379395 14.13012218 167 167 167
246100.54760742 3357608.20928955 14.09680557 186 186 186
246102.73205566 3357608.93945313 13.10875988 82 87 83
246099.00073242 3357612.75103760 14.33312893 213 213 215
246097.57531738 3357608.81121826 13.65051270 227 228 223
246098.83178711 3357610.10607910 14.30194283 31 39 50
246100.33996582 3357613.31787109 13.12778950 130 124 108
246099.26574707 3357610.30859375 13.91951084 112 122 124
246099.71777344 3357611.84332275 13.60780811 252 254 253
246100.15710449 3357610.30328369 13.23069954 52 54 53
246100.11804199 3357610.03283691 14.09616375 171 172 176
246100.12463379 3357608.44787598 14.24762535 50 50 48
246101.25427246 3357611.62115479 13.74311638 254 249 255
246101.24316406 3357611.96258545 14.06383514 32 61 79
246100.84509277 3357607.77337646 13.97941685 145 144 140
246100.05712891 3357611.87133789 14.43411255 251 245 245
246099.91748047 3357611.79901123 13.36591053 249 250 254
246099.38342285 3357608.33160400 14.07478237 173 173 173
246098.69055176 3357613.00708008 14.02795124 206 215 224
246101.38537598 3357612.11199951 14.02878380 248 249 254
246099.54028320 3357607.83239746 14.12338161 241 241 241
246102.30969238 3357612.34320068 13.70595932 34 38 39
246102.28466797 3357612.68029785 13.63697433 75 76 80
246099.81604004 3357612.49682617 13.42490005 138 145 151
246097.67309570 3357609.04571533 14.05930138 253 253 253
246100.61242676 3357609.30255127 14.14185238 61 65 64
246100.24902344 3357611.78741455 13.64334393 251 252 254
246100.19323730 3357612.46875000 14.47138882 142 146 147
246100.18896484 3357612.99060059 13.66740799 123 134 130
246101.04919434 3357608.68731689 14.12849236 244 244 242
246100.82373047 3357610.04864502 13.95344543 101 103 100
246098.63073730 3357612.64392090 13.79964924 177 191 194
246099.29504395 3357612.29400635 13.38214588 166 180 180
246099.21838379 3357611.43817139 13.26657963 109 105 102
246098.49853516 3357608.34082031 14.15336990 137 137 135
246097.85534668 3357610.04364014 14.10756302 245 247 244
246100.52441406 3357613.29852295 13.15877151 147 140 122
246097.97216797 3357610.29498291 13.64669228 99 99 101
246098.55529785 3357611.91320801 14.30382824 185 203 207
246098.86584473 3357609.75817871 14.39555645 175 174 179
246097.96093750 3357608.45715332 13.64355278 139 138 134
246099.57434082 3357613.24035645 13.17631912 23 24 26
246098.10925293 3357609.69305420 14.32207584 93 106 115
246101.94531250 3357613.17248535 13.84330368 180 176 167
246098.86425781 3357612.36773682 13.54316521 171 185 188
246099.29870605 3357611.39855957 13.24274349 114 113 109
246101.05053711 3357607.81903076 13.80986691 98 97 92
246101.19238281 3357611.81762695 14.03880501 226 235 240
246098.06225586 3357611.62652588 13.41389942 233 234 236
246101.15673828 3357607.90832520 13.72466469 251 244 236
246098.45886230 3357612.94940186 13.53482819 169 184 187
246099.90014648 3357612.77911377 13.63095665 137 148 150
246101.69958496 3357609.72790527 13.87903023 205 208 213
246099.43505859 3357611.65100098 13.52402210 249 249 251
246099.41235352 3357607.75201416 13.51551628 247 248 243
246099.10498047 3357609.54669189 14.24056816 142 142 144
246100.03430176 3357610.09606934 13.65112972 119 120 112
246097.89355469 3357609.60015869 14.20015621 247 252 255
246099.50634766 3357609.22723389 14.18832016 132 131 137
246101.47167969 3357607.53900146 13.23780441 190 183 164
246101.76367188 3357607.89770508 13.36076641 186 178 159
246097.93786621 3357612.76739502 13.73985004 164 160 157
246101.70104980 3357611.56134033 13.16521072 135 125 116
246100.51806641 3357607.12847900 13.97198677 229 231 228
246101.46105957 3357609.83038330 13.95086956 199 206 212
246097.61547852 3357609.79431152 13.82647133 247 249 248
246101.78662109 3357610.12786865 13.51625252 48 52 53
246100.74475098 3357613.30529785 13.91690350 128 124 113
246100.00695801 3357608.23449707 13.93519688 157 154 149
246098.96459961 3357607.49847412 13.55780506 241 245 246
246099.80505371 3357609.13134766 14.20461369 71 75 76
246100.34130859 3357608.06542969 14.03252697 161 154 146
246100.61230469 3357611.63110352 13.58798695 250 248 253
246097.63940430 3357608.81353760 13.93325138 223 217 217
246099.98999023 3357609.88458252 14.40641975 31 40 45
246099.48791504 3357607.34393311 14.21540833 195 195 195
246100.70532227 3357610.10278320 13.91166592 107 106 101
246101.34143066 3357610.05175781 13.71938801 51 56 59
246101.27917480 3357608.05035400 13.71067333 225 222 217
246102.12963867 3357609.30090332 13.70207596 67 58 53
246100.81823730 3357611.60369873 13.60170078 247 247 249
246098.90637207 3357611.55187988 14.01021957 252 247 253
246099.26354980 3357612.97442627 13.39041805 128 133 136
246099.32275391 3357607.29925537 13.80990219 228 232 231
246100.26074219 3357611.77111816 13.48652363 250 251 255
246101.94433594 3357607.51513672 13.33866310 165 157 138
246100.63366699 3357609.94848633 14.18261051 77 77 75
246101.07165527 3357611.98608398 14.14097691 12 30 32
246101.99304199 3357612.92108154 13.79936028 232 235 240
246101.80822754 3357607.54608154 13.29251766 173 165 144
246098.55725098 3357611.56958008 13.97686672 254 247 254
246100.75830078 3357610.09094238 13.90204334 101 102 97
246102.61730957 3357613.47052002 13.24423218 72 72 62
246102.17761230 3357611.69940186 13.19634056 126 119 109
246098.88012695 3357608.82055664 14.41520214 131 135 138
246101.32214355 3357607.87805176 13.54458332 222 216 204
246098.56018066 3357611.46539307 13.70455170 241 232 237
246098.70288086 3357610.22503662 14.03162289 146 158 172
246100.12121582 3357611.68908691 14.05375099 123 142 146
246099.47717285 3357607.36968994 13.53802204 226 226 226
246101.84924316 3357611.88671875 13.87977505 249 246 253
246101.01513672 3357612.09747314 14.13242054 73 88 91
246098.81457520 3357612.66351318 14.33564472 170 188 190
246099.47851563 3357607.23748779 13.95404720 221 225 226
246102.34753418 3357613.43554688 13.37299252 90 92 78
246098.14794922 3357611.74700928 13.90867805 136 130 132
246102.18688965 3357609.65917969 13.55651188 53 57 60
246101.53466797 3357607.61383057 13.23979664 191 183 164
246100.65954590 3357612.45233154 14.30413914 29 39 41
246100.57934570 3357611.45703125 13.17949677 141 133 120
246097.65625000 3357609.99816895 13.85593700 250 252 251
246098.59289551 3357612.14752197 13.45051479 168 171 176
246100.14294434 3357612.68426514 13.48562050 131 143 143
246101.73535156 3357608.00061035 13.43659878 191 180 158
246098.70520020 3357612.36798096 13.38127422 199 212 218
246100.24658203 3357607.40734863 13.39512634 233 235 232
246099.11889648 3357611.51208496 13.54479694 154 154 156
246098.92321777 3357611.46899414 13.53030109 226 224 227
246100.79980469 3357608.17279053 14.04492664 152 153 148
246099.99633789 3357612.48474121 14.43195152 81 92 98
246099.06982422 3357611.48437500 13.38613605 113 111 112
246099.89611816 3357609.95635986 14.30134010 35 39 40
246100.23913574 3357608.58825684 14.44381523 143 144 146
246102.81030273 3357612.08947754 13.19166088 119 115 104
246098.89135742 3357608.30346680 14.26463318 223 231 234
246098.45617676 3357611.95507813 14.24245262 184 204 205
246099.09619141 3357611.69323730 14.28751278 56 66 68
246100.91320801 3357613.01904297 14.08848286 28 33 27
246100.31518555 3357613.30596924 13.12625790 122 116 100
246099.08068848 3357609.35461426 14.24617290 121 122 124
246099.57141113 3357612.87115479 14.10931301 32 42 41
246101.19421387 3357613.22131348 14.03854752 253 248 252
246098.44702148 3357611.61596680 14.00249863 252 246 250
246100.12133789 3357610.14910889 13.55458736 100 101 95
246100.22729492 3357607.74224854 13.90315723 195 188 178
246098.94665527 3357611.73864746 14.42475605 247 238 243
246100.48522949 3357609.14318848 14.28039169 90 92 91
246100.48571777 3357607.52178955 14.05634022 163 156 140
246102.53063965 3357611.91772461 13.17692280 120 118 106
246098.43298340 3357608.04321289 14.14024830 142 140 141
246099.11303711 3357613.01623535 14.08073425 33 38 41
246099.82141113 3357612.06542969 14.43790245 233 231 234
246098.03173828 3357610.16876221 14.14160347 199 209 218
246101.89465332 3357613.04919434 13.85063839 243 243 243
246100.91235352 3357607.33343506 14.08888054 150 152 147
246099.68322754 3357612.59436035 13.29654598 155 165 166
246097.92712402 3357611.92663574 13.50200558 244 247 252
246100.36157227 3357612.05712891 14.48093128 253 248 252
246102.45788574 3357612.61871338 13.46542358 47 47 49
246098.09521484 3357610.62042236 13.26879120 135 132 125
246101.68896484 3357611.64099121 13.46244621 116 112 113
246100.28295898 3357608.32513428 14.12737370 210 211 213
246100.90466309 3357612.58758545 14.14297199 19 29 28
246102.06811523 3357612.94458008 13.77185154 218 222 225
246099.50512695 3357612.80273438 13.74016571 140 143 150
246100.12670898 3357608.25872803 13.99890709 151 150 148
246098.43249512 3357612.25970459 13.72116661 176 175 173
246101.83618164 3357612.27282715 13.89456749 249 248 254
246099.79846191 3357610.05981445 13.59258175 143 147 146
246100.18676758 3357607.35693359 13.81961727 244 244 242
246098.89709473 3357608.64813232 14.31655121 57 61 62
246103.10363770 3357612.98370361 13.10455894 115 111 100
246098.47961426 3357611.51129150 13.69483757 249 244 248
246099.90722656 3357612.80944824 13.21791077 158 164 164
246099.56030273 3357613.01202393 13.27920341 134 139 142
246100.47595215 3357613.14959717 13.67330837 139 139 131
246098.46875000 3357609.16430664 14.38980675 87 97 99
246101.92346191 3357612.58081055 13.85275745 239 239 247
246101.65869141 3357610.08129883 13.61264038 43 47 48
246099.11437988 3357609.26226807 14.25261021 103 104 106
246100.25170898 3357610.07940674 14.02835369 166 167 171
246098.26159668 3357610.06237793 14.30961514 143 150 160
246098.55444336 3357612.54394531 14.23355007 167 196 194
246101.50805664 3357611.61492920 13.52170086 171 169 174
246101.71008301 3357610.01342773 13.64745808 44 46 45
246100.10510254 3357608.49798584 14.38345146 42 43 45
246098.16149902 3357612.56512451 13.48683071 227 226 224
246100.05895996 3357607.20819092 14.01142788 216 208 206
246097.50134277 3357609.84362793 13.61573505 211 203 200
246098.86840820 3357607.87030029 14.32950401 103 107 116
246098.62402344 3357611.44134521 13.40403748 189 185 186
246099.32678223 3357608.35827637 14.14265156 171 173 172
246099.03991699 3357612.27038574 14.32735157 214 210 211
246098.98693848 3357613.01098633 14.18487740 7 13 13
246102.90466309 3357613.46063232 13.16154957 111 107 96
246100.93103027 3357613.38452148 13.77710247 158 151 132
246101.18811035 3357612.00915527 14.09697628 33 60 69
246098.46606445 3357611.80871582 14.28874302 200 199 205
246101.51086426 3357608.85522461 13.93074322 241 244 249
246102.10449219 3357610.05938721 13.39869404 57 61 64
246099.73840332 3357609.97326660 14.29504967 30 31 33
246102.07812500 3357612.70703125 13.77220917 213 218 224
246099.17871094 3357611.51239014 13.43976212 188 186 187
246099.64916992 3357612.69592285 14.23806190 244 244 244
246100.56689453 3357610.01336670 14.18518162 133 133 131
246099.70983887 3357611.37316895 13.16158295 125 121 118
246099.97399902 3357612.68347168 14.37625217 236 240 241
246097.57910156 3357609.32287598 13.85807610 254 254 252
246099.55273438 3357610.05548096 14.20876408 42 47 51
246100.16479492 3357611.71484375 13.32208729 252 250 255
246098.39880371 3357612.78118896 13.76916313 186 200 213
246100.76440430 3357611.36816406 13.14653111 151 143 130
246099.90356445 3357611.79620361 14.36034775 67 68 70
246102.06079102 3357609.18884277 13.77499199 88 77 71
246100.62268066 3357613.12377930 13.46191597 132 130 118
246100.94018555 3357613.31860352 13.99242687 141 135 121
246098.63232422 3357612.75482178 13.78324890 186 205 212
246099.49780273 3357607.46044922 14.20025444 212 212 212
246101.62890625 3357613.10827637 13.94237614 255 255 255
246100.30261230 3357607.38214111 13.80587864 242 242 242
246099.41223145 3357609.12664795 14.23344994 91 92 97
246101.15356445 3357611.96728516 14.11047935 19 46 55
246099.83044434 3357607.37957764 13.87502956 162 159 154
246098.74670410 3357608.54266357 14.24219036 246 250 253
246101.63342285 3357608.09320068 13.48722076 200 197 180
246100.58666992 3357608.98358154 14.21074486 66 72 70
246098.47241211 3357612.51922607 14.19567585 164 190 189
246100.29345703 3357609.84265137 14.39509296 104 112 114
246097.55493164 3357609.00799561 13.84682083 253 255 254
246102.78784180 3357613.09936523 13.20072365 51 51 49
246101.53942871 3357607.14233398 13.28151512 172 166 150
246101.35961914 3357610.15484619 13.56703281 38 40 39
246098.51525879 3357612.12939453 13.59825325 217 221 222
246099.49511719 3357609.29309082 14.17375565 126 127 131
246101.25537109 3357613.15783691 14.01724052 255 253 254
246100.05786133 3357611.57269287 13.16798973 170 170 162
246098.08312988 3357610.30108643 13.75784111 145 146 151
246101.77172852 3357613.28479004 13.90849972 132 130 118
246098.45825195 3357610.29699707 13.77512360 70 83 89
246101.48132324 3357613.26281738 13.99729443 166 172 172
246099.03637695 3357609.84509277 14.38951397 179 184 187
246100.71850586 3357609.44464111 14.07790470 44 50 50
246099.46166992 3357608.65185547 14.44340897 36 45 42
246101.68493652 3357612.90228271 13.92454910 249 250 254
246100.91601563 3357607.04919434 13.31370735 191 184 174
246100.01611328 3357607.29681396 13.88918400 192 183 176
246099.81518555 3357611.66925049 14.08240604 107 124 131
246100.08227539 3357607.15179443 13.98881340 236 238 237
246098.03686523 3357610.07360840 14.20757008 234 241 247
246101.54028320 3357611.61749268 13.38458157 202 196 198
246098.05541992 3357609.16333008 14.25464344 110 122 122
246098.31250000 3357611.73217773 13.56577969 185 176 177
246099.32006836 3357611.65173340 14.10421944 154 163 172
246100.39562988 3357607.91821289 14.01234150 181 173 162
246097.96142578 3357608.27233887 13.61076832 161 158 153
246102.77160645 3357612.36999512 13.17439842 90 87 80
246100.48876953 3357608.79327393 14.29959202 70 74 73
246100.77014160 3357607.12597656 14.01914024 106 106 106
246101.25305176 3357607.78240967 13.55198193 231 223 210
246098.40966797 3357609.73486328 14.40234375 54 71 81
246102.48400879 3357613.45104980 13.29390812 68 69 55
246099.72497559 3357607.51715088 13.98202610 215 213 214
246102.23828125 3357609.76629639 13.49705410 54 58 59
246100.45739746 3357607.51275635 14.04009151 164 156 143
246098.50134277 3357611.45977783 13.45072269 108 99 100
246098.26342773 3357612.03131104 13.82967472 244 245 247
246098.07165527 3357608.98126221 14.24005222 92 101 100
246100.87976074 3357613.34484863 13.28665161 120 115 95
246102.40393066 3357609.13775635 13.47046375 50 55 58
246100.33581543 3357609.25952148 14.39314079 75 75 75
246101.08386230 3357607.45861816 13.60713768 251 247 244
246099.62304688 3357612.37017822 13.36402512 136 147 153
246098.71740723 3357610.19512939 14.10353279 156 168 182
246097.82263184 3357608.90026855 14.12470245 247 247 245
246099.83605957 3357610.29034424 13.23508263 46 50 53
246101.72900391 3357607.54840088 13.27154255 175 167 148
246101.60986328 3357607.10943604 13.31358147 165 158 140
246099.30114746 3357612.27441406 14.25639820 186 185 183
246098.97802734 3357612.96063232 13.93996143 215 220 224
246102.20825195 3357611.89739990 13.58820057 190 188 191
246101.30541992 3357607.80694580 13.50368595 216 206 194
246100.00817871 3357607.71624756 13.82473850 191 186 180
246098.64184570 3357609.64520264 14.45003128 107 110 115
246097.59130859 3357609.23730469 13.89221382 254 254 254
246100.02075195 3357610.02545166 14.14357662 108 107 112
246098.06054688 3357608.52569580 13.99262428 214 214 214
246101.85900879 3357613.03283691 13.86164856 245 245 245
246101.90698242 3357608.41076660 13.64609528 192 196 205
246099.79992676 3357612.41339111 13.29052544 95 105 107
246098.83227539 3357609.62219238 14.37483120 182 181 186
246099.71716309 3357611.58374023 13.26290131 89 88 86
246099.58898926 3357609.96142578 14.36710262 29 34 38
246100.55053711 3357611.57586670 13.32452583 157 152 148
246102.59057617 3357612.14337158 13.20331573 87 84 75
246100.21325684 3357611.71533203 13.93526840 231 236 242
246099.11535645 3357608.84704590 14.36825180 221 225 228
246100.04907227 3357607.37335205 13.83798790 201 194 188
246100.11767578 3357607.78387451 13.85268497 191 187 178
246099.66259766 3357610.11828613 13.83836651 148 154 150
246099.36315918 3357612.73571777 13.41219139 171 181 183
246101.49218750 3357612.58251953 13.98125648 246 250 253
246101.70849609 3357609.38977051 13.90643406 238 241 250
246101.24560547 3357607.67633057 13.44732761 219 211 198
246099.04418945 3357608.74224854 14.37055874 65 70 73
246098.71203613 3357610.13458252 14.25610352 140 152 168
246099.06872559 3357608.05871582 14.29769611 156 165 172
246101.84582520 3357612.95806885 13.85745907 242 243 248
246101.29040527 3357610.17529297 13.53887939 39 39 39
246100.63598633 3357608.26214600 14.09999847 236 236 238
246099.71948242 3357608.71594238 14.39651585 205 211 211
246099.84741211 3357612.79785156 13.66099644 136 146 148
246102.77087402 3357611.80725098 13.20216274 133 127 115
246101.56872559 3357608.24542236 13.80296326 185 191 191
246100.15393066 3357612.60601807 13.42016029 132 140 142
246102.36608887 3357613.01489258 13.46505356 35 40 34
246101.21215820 3357609.46423340 14.04359818 232 233 237
246097.70239258 3357610.33666992 13.56220531 137 130 124
246098.79370117 3357612.36987305 13.39306068 183 200 208
246098.82836914 3357612.01782227 14.38568497 179 194 197
246102.25732422 3357613.42681885 13.46684551 105 105 97
246098.31518555 3357612.38903809 13.45086861 113 111 112
246100.14221191 3357610.15942383 13.61316395 92 93 85
246099.58642578 3357611.86993408 14.36468410 168 166 169
246101.14416504 3357607.88995361 13.72227001 250 243 235
246100.27954102 3357612.92608643 13.19746494 151 148 141
246100.51452637 3357611.43902588 13.15223980 154 142 130
246097.63952637 3357609.17974854 13.94291306 252 252 252
246102.99035645 3357613.32586670 13.13690758 108 104 93
246098.86535645 3357611.52331543 13.93798637 253 246 253
246099.17199707 3357612.81439209 13.82425404 160 165 171
246099.30871582 3357608.35314941 14.15773487 171 173 172
246099.75915527 3357607.90136719 13.49533939 246 251 245
246099.99743652 3357612.95227051 13.71919727 140 151 147
246098.61560059 3357609.22607422 14.45571232 105 106 108
246100.02343750 3357607.91516113 13.85142994 169 164 160
246102.16503906 3357609.11444092 13.66500187 60 53 47
246099.69384766 3357607.84649658 14.02088737 240 241 243
246098.72619629 3357609.06298828 14.43949795 212 212 212
246099.35070801 3357611.90014648 14.35151291 215 213 214
246098.19323730 3357608.03039551 13.83840179 192 192 190
246101.51989746 3357613.19189453 13.98322868 237 241 244
246100.22412109 3357612.85302734 14.38832569 251 255 254
246099.32226563 3357612.01275635 14.33934975 196 195 193
246098.54467773 3357611.84350586 14.31966686 189 196 202
246101.43798828 3357610.20495605 13.50112343 40 45 41
246100.82897949 3357609.59600830 14.04966831 42 48 48
246098.79162598 3357609.17663574 14.39288139 216 216 218
246101.02502441 3357612.16857910 14.12860394 118 133 138
246098.49133301 3357612.52191162 14.20402145 164 190 189
246098.91174316 3357608.00421143 14.31110859 91 96 102
246100.03491211 3357608.50457764 14.38333321 40 45 41
246102.54809570 3357608.76245117 13.21189213 75 76 70
246097.90417480 3357608.43603516 13.57328892 149 148 144
246100.03955078 3357612.94995117 13.70158386 135 146 142
246099.76159668 3357610.03369141 14.20111370 24 25 27
246100.51000977 3357611.66815186 14.02223778 236 241 244
246100.42077637 3357609.38745117 14.31078339 82 86 85
246100.53857422 3357611.66979980 13.79147148 251 251 251
246100.48059082 3357611.72949219 14.22907543 72 83 87
246100.12243652 3357612.54016113 14.46064758 69 78 83
246102.08276367 3357609.14813232 13.76045799 92 81 75
246101.38354492 3357608.85485840 13.95851135 244 248 251
246098.64807129 3357612.64245605 13.79804707 177 191 194
246101.97143555 3357609.55535889 13.76288986 135 126 127
246101.14331055 3357609.83496094 14.03470039 187 192 198
246099.98474121 3357612.33209229 14.45451927 87 100 106
246098.70422363 3357612.96807861 14.22294044 19 24 27
246098.31237793 3357611.25872803 13.29933071 135 133 134
246099.94189453 3357613.08770752 13.15867043 60 65 61
246099.67907715 3357609.20648193 14.17647839 134 138 139
246098.14099121 3357610.68298340 13.27042770 134 131 126
246100.23168945 3357612.53186035 14.45905781 231 232 234
246099.93359375 3357607.10974121 14.12840462 125 126 121
246098.53906250 3357612.30853271 14.20834446 169 199 197
246100.88867188 3357610.28247070 13.53985596 41 43 42
246098.19006348 3357608.79431152 14.24849319 255 255 255
246098.65258789 3357609.56579590 14.45070267 116 117 121
246100.53247070 3357611.82482910 14.38313675 218 217 223
246102.31628418 3357613.24682617 13.46449184 64 65 57
246099.35815430 3357607.50006104 13.57902050 253 253 253
246100.96740723 3357609.50750732 14.06078148 40 41 43
246101.54418945 3357612.29901123 13.98581791 249 248 254
246101.83520508 3357607.31274414 13.36412716 162 150 134
246101.59094238 3357609.73645020 13.92438316 212 217 223
246101.00195313 3357611.78576660 14.12897491 244 245 249
246100.98913574 3357612.00262451 14.17388725 11 25 25
246103.00390625 3357613.12860107 13.13792229 58 56 44
246098.81542969 3357612.85284424 14.34331703 212 216 219
246097.71594238 3357609.10583496 14.08259487 255 255 255
246099.74841309 3357607.35797119 13.35967350 220 221 223
