245763.57641602 3357591.80175781 17.29145432 136 64 75
245760.31085205 3357593.11804199 16.71723175 124 113 119
245763.53656006 3357591.81793213 17.85514641 159 84 91
245760.22131348 3357592.30688477 18.81223679 10 14 17
245762.09307861 3357591.82727051 16.93670273 180 65 62
245762.69183350 3357591.87200928 19.38323402 178 99 86
245760.20220947 3357591.92633057 19.24637604 186 84 69
245763.35052490 3357592.19421387 19.23520851 48 51 56
245760.96929932 3357592.29150391 17.85304260 22 25 30
245763.58288574 3357591.94921875 19.54220390 223 229 229
245762.78039551 3357591.85809326 18.56022835 170 97 106
245759.86712646 3357592.26501465 17.65216827 37 38 40
245762.65148926 3357591.80664063 16.86191750 202 110 95
245760.00140381 3357591.92962646 18.31782913 229 125 132
245760.51153564 3357593.60076904 16.62253952 15 20 23
245760.15625000 3357592.29217529 18.90161324 8 12 13
245760.60583496 3357592.46539307 17.20686531 29 29 31
245759.48486328 3357591.99395752 18.95639801 196 44 56
245760.91522217 3357592.31298828 17.98929405 22 26 29
245763.48187256 3357592.19592285 19.21422005 38 43 47
245761.01684570 3357592.28820801 17.62512779 29 34 37
245759.58843994 3357591.89886475 17.05275917 177 33 60
245761.35955811 3357593.19006348 17.06983185 12 13 15
245761.92291260 3357591.85192871 17.35135460 160 62 77
245760.74890137 3357593.65948486 16.57368088 63 68 72
245761.93121338 3357591.87530518 19.08899498 239 192 140
245762.91870117 3357591.83343506 17.42395210 213 163 172
245762.67999268 3357592.15032959 18.52457619 24 29 33
245764.08209229 3357591.88464355 17.21133995 58 13 18
245763.06268311 3357592.18927002 18.77909851 24 32 34
245760.40899658 3357593.48016357 16.78053474 11 12 14
245760.55371094 3357591.91491699 19.01284981 181 112 81
245762.56188965 3357591.89422607 19.50462532 145 87 85
245760.03216553 3357591.93188477 18.89784241 241 151 160
245760.18890381 3357591.77557373 16.68922043 214 167 147
245764.09503174 3357591.88439941 17.08939934 58 15 22
245763.22711182 3357591.82055664 17.63924217 137 61 73
245759.75244141 3357591.88482666 16.97422600 191 70 87
245762.64416504 3357591.83764648 17.70699883 145 71 86
245760.38867188 3357592.30126953 17.84266853 7 10 15
245759.49438477 3357591.90411377 17.02779388 158 28 52
245763.49804688 3357592.63977051 17.15603447 6 9 14
245763.41778564 3357591.82989502 19.08695412 168 63 70
245759.26788330 3357592.64410400 16.99541092 66 71 77
245763.92047119 3357591.79260254 16.89483452 153 81 82
245762.11547852 3357592.12915039 18.26852036 6 14 16
245763.71130371 3357592.25842285 17.39921761 29 32 37
245761.24719238 3357592.25909424 19.20087433 16 21 27
245763.62139893 3357591.80694580 18.22997475 162 80 84
245762.13470459 3357591.82751465 16.95952034 179 64 61
245762.55871582 3357592.13806152 18.19523430 37 42 45
245760.00958252 3357592.27996826 18.68873978 16 20 23
245760.47808838 3357593.77874756 16.60916901 135 136 138
245760.64715576 3357592.29199219 17.80431557 21 22 26
245762.63580322 3357591.85296631 18.23815727 157 77 88
245760.72937012 3357591.90924072 18.99876022 211 146 114
245762.57720947 3357591.85339355 18.19937706 230 160 170
245762.40618896 3357592.12799072 17.76773834 41 47 47
245762.61553955 3357591.70092773 16.63140488 189 171 151
245761.46563721 3357591.67712402 16.59543991 212 206 192
245763.30029297 3357591.81451416 17.49027443 202 140 151
245763.22320557 3357593.02160645 17.02547646 21 24 29
245762.20928955 3357591.78582764 16.74012375 254 230 202
245762.52825928 3357591.88287354 19.41982841 164 87 71
245762.41668701 3357592.62640381 16.98587227 16 16 18
245763.87347412 3357591.80010986 18.30768204 174 84 86
245760.90332031 3357592.28051758 17.64253998 29 33 36
245761.17462158 3357592.26440430 19.23974609 16 21 25
245760.15478516 3357591.89605713 17.57711220 195 73 88
245761.78094482 3357593.48211670 16.75893593 41 41 39
245760.82434082 3357591.87811279 17.46954536 206 141 145
245761.20910645 3357592.30450439 18.46892166 27 30 35
245762.88812256 3357592.10943604 19.30730247 13 18 21
245760.33355713 3357592.30920410 18.93473625 4 8 9
245763.72753906 3357592.12463379 19.06014824 24 25 30
245761.65789795 3357591.89196777 19.28222847 215 160 106
245761.27331543 3357591.89776611 19.15634346 199 138 91
245759.56835938 3357592.21832275 18.94435120 43 32 36
245763.83850098 3357592.11901855 17.55818748 28 29 33
245763.03613281 3357593.14453125 16.88423157 43 44 48
245763.21215820 3357591.83245850 18.22553825 169 89 98
245761.29052734 3357593.49072266 16.71336555 187 188 182
245759.63861084 3357591.93493652 18.73399544 188 46 62
245762.21997070 3357592.12414551 17.80529785 36 41 44
245761.08251953 3357592.33117676 18.37407112 20 23 28
245759.28881836 3357592.17871094 18.55869675 191 74 90
245761.19732666 3357593.26086426 16.92559433 252 255 255
245762.81481934 3357592.13696289 17.95800400 32 37 41
245761.36505127 3357593.57073975 16.63798141 187 185 173
245763.34637451 3357591.61212158 16.53600693 183 174 169
245762.44335938 3357592.11474609 18.89679718 12 22 23
245763.23242188 3357592.87158203 17.15157890 39 43 46
245760.44348145 3357593.64984131 17.27865982 25 26 30
245761.20660400 3357593.21624756 16.99529839 113 114 118
245762.53369141 3357591.80279541 16.81907845 236 189 171
245760.34759521 3357593.53179932 17.07706833 46 45 50
245762.41308594 3357593.38989258 16.96405029 26 26 24
245760.05926514 3357591.91925049 18.09121513 209 91 107
245762.50408936 3357591.84216309 17.55567551 209 151 163
245762.39880371 3357592.38763428 17.28040504 25 24 32
245763.26293945 3357592.89306641 17.09392357 23 27 30
245763.84100342 3357592.06896973 18.62639046 30 29 34
245761.18481445 3357592.31127930 18.64013863 28 31 36
245763.37066650 3357591.81719971 17.72460747 214 157 164
245761.42871094 3357592.26287842 19.05803490 6 9 16
245760.30535889 3357593.26385498 16.88545990 37 31 35
245759.31451416 3357592.33746338 17.81260109 129 95 96
245759.75506592 3357591.94464111 19.18200493 193 48 65
245761.76342773 3357592.14196777 18.50974083 26 29 34
245760.78240967 3357592.12048340 19.54731369 129 132 137
245759.34832764 3357592.19482422 18.99659157 98 52 62
245763.67517090 3357592.13879395 18.46092606 33 34 38
245762.30432129 3357591.85699463 18.07022858 159 75 88
245762.89160156 3357593.45635986 16.97451782 28 28 28
245761.35198975 3357591.83764648 16.94500542 221 165 166
245761.09411621 3357591.96893311 19.51557350 175 129 129
245762.56085205 3357592.38293457 17.30837822 81 81 89
245759.54772949 3357591.86840820 16.73511124 124 103 120
245763.87219238 3357591.81079102 17.83784676 156 71 76
245762.01202393 3357591.86956787 18.76268768 184 108 110
245760.13262939 3357593.16400146 17.10922050 169 79 88
245760.44769287 3357592.34252930 18.20711708 17 18 20
245760.53552246 3357592.52789307 17.13381195 27 28 32
245761.10150146 3357591.87884521 18.47349548 209 150 154
245760.90081787 3357592.33538818 18.28364182 10 13 18
245759.66851807 3357592.46258545 17.46912766 111 112 116
245759.54962158 3357592.54266357 17.69537163 103 104 108
245759.91778564 3357592.26568604 18.11626244 37 35 36
245759.33148193 3357591.93255615 17.04770279 136 14 39
245761.44805908 3357591.69995117 16.60609436 211 205 189
245763.64031982 3357591.80682373 17.62890053 154 68 77
245761.18560791 3357591.92742920 19.46382713 158 73 66
245763.21527100 3357592.15533447 17.70859718 6 10 13
245762.98327637 3357592.17010498 18.97456932 46 54 57
245762.06848145 3357591.85858154 17.96365356 161 65 77
245763.29663086 3357591.81799316 17.65105057 196 133 144
245761.60644531 3357592.61816406 16.99196625 26 29 34
245763.62463379 3357591.80981445 18.14341354 165 84 90
245762.52282715 3357592.01928711 19.52969360 105 109 110
245761.36486816 3357593.44927979 16.78542709 114 110 107
245759.35681152 3357592.76354980 16.99184799 127 136 145
245764.04089355 3357591.67742920 16.57654953 187 184 177
245763.29016113 3357592.18041992 18.91104126 30 33 40
245760.71234131 3357593.78753662 16.54575920 65 69 68
245761.88574219 3357591.87579346 18.22089386 181 95 104
245761.58673096 3357593.16729736 17.04088974 38 40 39
245761.87689209 3357592.13250732 19.45538712 7 15 18
245759.38061523 3357591.92425537 17.10336113 157 28 50
245763.24511719 3357592.19335938 18.32566643 39 43 46
245759.77496338 3357591.93908691 19.10136032 190 43 62
245763.13415527 3357591.81878662 17.21442223 145 63 75
245760.33654785 3357591.80108643 16.72581100 223 157 125
245761.93603516 3357592.15679932 18.74482155 37 41 44
245760.69256592 3357591.86889648 17.06953430 197 101 105
245760.05584717 3357592.91284180 16.93306541 40 40 40
245759.44134521 3357591.63452148 16.60674858 75 79 91
245761.45257568 3357593.38012695 16.84731483 56 56 56
245759.87072754 3357592.22326660 19.34500694 9 12 17
245760.83819580 3357592.29364014 17.89328003 22 26 29
245759.75311279 3357592.26043701 17.76638031 91 93 92
245760.20086670 3357592.33728027 17.52742004 29 27 32
245761.91174316 3357592.52539063 17.23231888 15 16 20
245762.29949951 3357592.10906982 19.16180229 8 16 18
245763.18823242 3357592.19317627 18.56781197 28 32 35
245759.42852783 3357592.39642334 17.99929047 66 67 72
245759.86779785 3357591.93212891 18.50734138 206 111 117
245763.96032715 3357591.80548096 18.10531807 157 81 83
245763.86779785 3357592.09448242 18.29965401 38 39 43
245759.32568359 3357592.49353027 17.10592842 115 118 123
245762.44281006 3357592.09185791 19.25870705 14 19 22
245759.74273682 3357592.27264404 17.61271858 62 63 65
245759.35961914 3357592.03686523 19.13897324 196 40 61
245762.18371582 3357593.53997803 16.71027184 86 90 91
245759.74145508 3357592.21307373 19.35149384 13 12 18
245760.92242432 3357591.88275146 17.88540459 217 164 170
245761.42376709 3357592.88372803 17.01387405 15 16 20
245759.39801025 3357592.28735352 18.43914413 60 51 54
245759.86999512 3357592.26086426 18.44885635 35 36 40
245760.03515625 3357592.65356445 17.30509758 117 116 114
245761.88848877 3357592.23840332 17.42645836 17 18 23
245761.66894531 3357592.14080811 18.13938713 14 19 22
245762.68603516 3357592.14459229 17.66727066 45 46 50
245764.11022949 3357591.88726807 17.64897728 71 26 29
245763.49096680 3357591.82672119 19.04821014 175 68 78
245760.52850342 3357591.88110352 17.32095718 173 57 70
245762.96398926 3357591.84722900 18.34687042 202 145 151
245760.41369629 3357593.85107422 16.63769913 144 146 143
245760.09246826 3357591.89739990 17.58576965 186 70 83
245760.62170410 3357592.29040527 17.77614594 21 22 26
245761.53680420 3357592.08892822 19.52522278 149 149 151
245759.41113281 3357592.52954102 17.31130791 21 13 11
245760.25891113 3357593.70654297 16.76236343 86 87 81
245763.38671875 3357592.17218018 17.76908302 52 57 60
245760.30023193 3357592.63940430 17.09719276 5 4 9
245760.78356934 3357592.35522461 18.47202682 13 14 18
245761.08367920 3357592.31622314 19.08330345 21 25 28
245762.00378418 3357591.86834717 18.90555191 210 152 130
245763.96490479 3357591.79522705 16.96218109 157 87 87
245761.71905518 3357591.87634277 18.62451172 179 100 105
245760.56817627 3357591.92059326 18.45655823 188 102 115
245763.70196533 3357591.88085938 19.52283287 174 142 147
245763.86676025 3357591.79370117 17.26047516 155 74 81
245760.25622559 3357592.29498291 17.80683708 22 26 29
245760.80310059 3357591.91363525 18.49162292 187 106 121
245761.40332031 3357592.44921875 17.12039948 56 63 71
245763.90551758 3357591.81115723 17.96372414 154 74 77
245762.96899414 3357592.10150146 19.36973190 18 23 27
245762.55444336 3357591.85534668 18.24080467 211 148 156
245760.19244385 3357592.31878662 18.56933403 13 17 20
245759.68493652 3357592.21771240 19.10576248 32 25 32
245759.69512939 3357592.44921875 17.45742989 59 60 64
245761.53375244 3357593.37994385 16.80615616 57 57 57
245761.12622070 3357593.10040283 16.78935814 34 37 42
245762.65661621 3357593.55810547 16.79011726 28 28 28
245763.47424316 3357593.25451660 16.87653542 53 57 58
245761.77941895 3357592.52801514 17.21408272 26 27 31
245761.27416992 3357591.65447998 16.59400177 214 202 190
245759.33532715 3357592.33288574 18.11165810 97 65 68
245764.00537109 3357591.84289551 19.38462257 155 75 84
245760.42541504 3357591.92034912 18.86157227 234 165 150
245761.90289307 3357592.13171387 19.44864464 14 22 25
245760.74468994 3357591.89331055 18.12868118 196 119 129
245762.08898926 3357592.84136963 16.92143822 40 41 43
245763.48052979 3357591.83544922 19.21496773 193 73 83
245759.63629150 3357591.93200684 18.53376770 189 48 64
245763.41473389 3357592.16424561 18.80810165 28 31 36
245763.50970459 3357592.19726563 19.09654236 29 32 37
245763.44226074 3357592.94458008 16.89552498 50 51 55
245759.34283447 3357591.96429443 17.49954033 185 28 47
245762.27429199 3357591.86376953 18.23369408 185 91 107
245761.11041260 3357591.87249756 17.57065010 224 175 179
245762.62451172 3357592.11840820 19.02090263 17 22 25
245761.18060303 3357591.86798096 17.96570396 214 165 171
245759.45776367 3357592.58502197 17.55858994 101 86 81
245762.09802246 3357592.05657959 19.52924156 159 160 164
245760.84991455 3357592.31958008 18.04148674 18 22 23
245763.69909668 3357591.81817627 18.96371078 158 65 73
245759.51312256 3357591.90246582 16.86212349 160 72 96
245760.17645264 3357592.77484131 17.08364677 59 57 60
245760.82800293 3357591.91058350 18.44690132 197 117 130
245760.26232910 3357591.92749023 18.61934471 216 114 127
245761.84442139 3357591.87652588 18.41231537 200 119 126
245760.66516113 3357591.94458008 19.49266243 152 64 52
245763.24438477 3357591.81646729 17.43866348 146 78 91
245762.93853760 3357592.21502686 17.40442467 34 37 42
245762.52453613 3357593.20837402 16.96719742 48 48 50
245759.73559570 3357592.26428223 17.79781723 127 127 127
245761.49261475 3357592.20147705 18.48846436 37 42 45
245761.67999268 3357591.87927246 18.43138313 190 115 120
245760.08605957 3357591.93109131 19.14908981 177 56 63
245759.59002686 3357592.21478271 18.47366714 33 34 36
245759.32299805 3357592.55102539 17.07338524 23 27 30
245764.05444336 3357591.91210938 18.51371765 72 42 44
245759.13177490 3357592.61315918 16.91398430 40 44 47
245763.03381348 3357591.82952881 17.80595016 227 165 176
245761.08569336 3357592.34790039 18.61757851 20 24 27
245759.78289795 3357591.93231201 18.94647598 190 73 91
245760.99176025 3357591.88940430 18.56508827 212 143 148
245760.55255127 3357592.34399414 18.53238487 2 8 8
245760.20330811 3357592.29400635 17.62950134 27 27 29
245761.43750000 3357593.11053467 17.03522301 23 24 26
245761.84466553 3357593.37335205 16.87629700 10 11 13
245762.73468018 3357591.85394287 18.98669243 201 145 112
245760.15905762 3357592.95233154 17.08279991 41 42 44
245759.33453369 3357591.65447998 16.60997772 67 73 85
245759.71246338 3357591.94213867 19.06073952 193 44 63
245762.91418457 3357592.06286621 19.45893097 66 70 73
245764.02105713 3357591.82495117 18.79574776 162 80 82
245761.93841553 3357591.83111572 16.95053864 177 69 67
245760.23248291 3357592.22094727 19.47758865 7 8 13
245761.12152100 3357592.29833984 17.84508705 27 32 35
245760.51031494 3357592.46215820 17.24782753 16 20 23
245759.30004883 3357592.29071045 17.84113121 124 74 77
245759.40557861 3357592.36724854 18.05210114 65 68 73
245763.78771973 3357591.79589844 17.32684708 161 75 84
245763.75616455 3357592.14892578 17.70152664 42 46 47
245763.30303955 3357591.81298828 17.41496849 209 147 160
245760.91192627 3357592.30084229 17.48281097 29 33 36
245759.77282715 3357592.65740967 17.27122116 63 63 63
245759.51428223 3357591.90295410 17.01987648 166 32 57
245759.50195313 3357592.25482178 18.30351257 48 49 51
245759.86938477 3357591.76373291 16.63539314 162 145 137
245762.80847168 3357592.21984863 17.43840027 26 31 37
245761.13024902 3357591.87719727 18.44382858 201 145 148
245763.90545654 3357591.80676270 18.09417534 159 79 80
245760.16894531 3357592.31213379 17.94498444 50 51 55
245763.06988525 3357592.13366699 17.58267212 16 19 24
245759.59515381 3357592.48687744 17.60234642 113 114 116
245760.72540283 3357592.71057129 16.89297295 42 46 49
245759.62792969 3357592.21826172 18.96544266 35 26 31
245760.11181641 3357592.30462646 18.06506157 18 18 20
245763.03179932 3357593.45886230 16.89417839 34 35 39
245760.83129883 3357592.27416992 17.69766235 25 26 30
245762.08276367 3357591.85009766 17.55198669 178 80 93
245761.58172607 3357593.30957031 16.92719650 18 22 21
245763.48107910 3357591.80749512 17.42258644 213 152 160
245760.20538330 3357591.89538574 17.57888985 191 69 82
245761.22210693 3357592.52703857 16.95584297 35 38 43
245760.81823730 3357591.87670898 17.39551163 206 140 144
245762.41662598 3357591.71313477 16.63786888 195 178 160
245759.41754150 3357592.20239258 19.31186104 72 52 54
245759.42767334 3357592.20404053 19.32238960 67 51 54
245762.73687744 3357592.92248535 16.96460342 41 41 43
245763.44409180 3357592.65472412 17.18070984 12 15 20
245760.15234375 3357592.89398193 17.08075142 43 47 48
245763.63085938 3357592.43273926 17.22832108 31 34 39
245759.28295898 3357592.17248535 19.12890625 150 43 61
245761.79937744 3357593.68560791 16.59218597 123 121 109
245759.23333740 3357591.72149658 16.62907600 66 72 84
245762.83929443 3357591.84466553 18.15522003 224 156 169
245760.18035889 3357592.52258301 17.37017441 20 19 24
245760.69555664 3357592.33312988 18.88121796 4 10 10
245759.85552979 3357591.92828369 18.86247826 246 166 169
245764.02423096 3357591.84423828 18.62577629 151 69 75
245760.00079346 3357592.28393555 17.98630905 31 33 32
245760.07165527 3357592.60601807 17.33529854 90 88 91
245764.05700684 3357591.82299805 16.93699646 90 30 32
245763.60064697 3357592.15631104 19.19094086 25 28 33
245759.38067627 3357592.43792725 17.32246971 20 10 9
245761.65100098 3357591.86224365 18.30133820 177 102 107
245760.85095215 3357593.21228027 16.54349327 69 73 74
245760.60974121 3357592.17474365 19.51705551 55 65 67
245763.31860352 3357591.70294189 16.53883362 204 175 167
245761.28234863 3357592.31909180 17.81452370 30 35 38
245760.41558838 3357593.20922852 16.57851219 48 48 50
245762.89349365 3357591.86755371 19.40320969 164 73 78
245760.62377930 3357591.89532471 17.77719116 228 127 141
245759.35974121 3357592.78344727 16.98934746 128 137 146
245759.59375000 3357592.28448486 17.86231232 98 98 98
245761.44458008 3357591.86639404 17.86662483 227 180 188
245762.14788818 3357592.11828613 19.26947784 15 20 24
245760.06567383 3357591.83489990 16.81354904 239 141 128
245762.49652100 3357592.13757324 18.28477478 30 35 39
245759.99389648 3357592.18237305 19.52689362 29 30 34
245762.64324951 3357591.81878662 17.00151253 165 69 70
245761.50909424 3357591.84393311 16.98744583 220 159 164
245762.88446045 3357592.12048340 19.21933174 12 17 21
245761.86663818 3357591.69824219 16.64973831 217 205 191
245759.62091064 3357592.37139893 17.57831764 111 111 113
245759.34320068 3357592.21118164 18.68736839 77 24 32
245762.76202393 3357591.85339355 18.99431610 219 165 131
245760.65014648 3357592.27899170 19.31111145 17 23 23
245759.95123291 3357592.67742920 17.29467201 19 17 18
245759.57873535 3357591.92059326 18.01093674 191 45 55
245760.85906982 3357592.73791504 16.82857895 46 49 54
245760.48968506 3357592.87377930 16.71980667 46 47 49
245760.77111816 3357592.33270264 17.42372704 30 33 38
245759.66796875 3357592.21490479 18.74794769 29 24 28
245761.13604736 3357591.87359619 18.28933525 236 185 192
245759.34436035 3357592.04589844 18.58721733 197 31 53
245761.38183594 3357592.34020996 17.55582428 32 37 40
245760.62377930 3357591.84716797 16.91562653 226 118 105
245759.47418213 3357591.90460205 16.83863258 158 93 113
245763.98620605 3357592.07403564 17.34144783 47 45 46
245759.46990967 3357591.93334961 17.52491379 186 33 53
245762.00433350 3357592.13922119 19.03706932 20 24 27
245761.42462158 3357591.86907959 17.80589294 223 176 184
245763.15350342 3357591.83984375 18.90105820 218 154 145
245760.98291016 3357591.69366455 16.61118698 212 199 182
245759.13830566 3357592.64862061 16.91628265 84 88 91
245761.26806641 3357591.85546875 17.17245483 232 180 184
245760.75213623 3357592.80883789 16.78830528 55 56 60
245763.11798096 3357591.82733154 17.70335960 146 73 84
245762.30926514 3357592.68194580 16.94416046 23 24 26
245761.25781250 3357592.29394531 18.73629951 44 47 54
245760.02325439 3357592.28662109 18.13571548 59 59 59
245760.82470703 3357591.81707764 16.75178146 251 210 178
245762.82739258 3357592.27008057 17.32104683 3 6 11
245762.90899658 3357592.74267578 17.28388023 29 29 29
245759.86968994 3357592.25543213 18.25026894 20 24 27
245763.77270508 3357591.84942627 19.34955978 161 68 79
245762.06414795 3357592.76391602 16.93511581 29 30 34
245762.27246094 3357592.12536621 17.74673462 48 52 55
245760.84552002 3357591.90386963 19.05078888 196 136 99
245763.91418457 3357592.05474854 18.40986061 43 43 45
245759.29296875 3357592.22027588 18.09378815 105 59 61
245759.30828857 3357592.38476563 17.14499855 85 89 92
245763.88287354 3357591.79833984 18.66751862 171 70 74
245762.53186035 3357592.08953857 19.29401398 13 22 21
245760.51007080 3357592.34985352 18.33971214 8 9 11
245763.36053467 3357593.42474365 16.86199379 16 14 15
245763.53271484 3357592.16845703 18.00520325 58 63 66
245763.40893555 3357591.80822754 17.34877586 175 117 129
245762.08410645 3357591.87231445 18.41102600 159 72 80
245761.19036865 3357591.91027832 19.32129288 240 171 129
245761.86755371 3357591.87756348 18.25378609 180 94 103
245762.73876953 3357592.13476563 17.83382034 33 36 41
245761.89166260 3357592.20373535 17.49493599 34 38 41
245759.47564697 3357591.98010254 19.14356232 199 43 57
245763.95690918 3357591.78936768 18.58575058 172 69 72
245760.60382080 3357591.86749268 17.04442978 197 62 69
245762.59179688 3357592.14715576 18.72117043 28 36 39
245763.02294922 3357592.47143555 17.29160500 29 28 33
245763.03143311 3357592.92108154 17.20165443 89 90 95
245763.56103516 3357592.15655518 19.28767586 24 29 33
245759.39361572 3357592.01013184 18.47672462 197 36 54
245760.69360352 3357591.84729004 16.92711639 237 152 147
245760.88562012 3357591.84277344 16.89504242 249 193 178
245763.50921631 3357591.79187012 16.71545792 177 96 105
245762.43164063 3357591.84869385 17.43218231 225 182 189
245759.46661377 3357592.21453857 18.91122055 74 53 60
245762.73394775 3357592.15942383 18.84118271 28 36 39
245762.04992676 3357592.61700439 17.09567070 21 20 26
245760.70074463 3357591.75347900 16.65080833 217 182 162
245762.35321045 3357591.86132813 18.94867897 208 150 130
245763.52709961 3357592.15637207 18.81399536 29 32 37
245760.47503662 3357591.89385986 17.60090256 178 57 76
245763.50793457 3357592.16912842 17.93406105 61 66 69
245759.12927246 3357592.11926270 17.16399765 172 150 162
245760.63140869 3357591.68176270 16.61398506 192 172 161
245761.58782959 3357592.24938965 17.59947395 33 41 43
245763.88037109 3357592.03411865 19.45569611 100 102 101
245763.94470215 3357591.69812012 16.56669426 184 175 170
245760.77801514 3357592.96057129 16.60539055 74 75 79
245761.42913818 3357593.55688477 16.64571381 149 146 137
245760.32843018 3357591.92376709 19.25125885 166 59 39
245760.05139160 3357592.27239990 17.71088409 44 45 50
245760.84606934 3357593.02386475 16.57854080 57 62 65
245759.55102539 3357592.23858643 18.09663963 57 61 64
245760.18756104 3357593.07232666 17.13136673 114 95 97
245760.54644775 3357593.37469482 16.59233665 41 45 48
245761.08703613 3357591.85021973 17.02246666 233 168 166
245761.09344482 3357591.85797119 17.09193993 232 176 177
245762.93920898 3357592.99121094 17.00324440 19 19 21
245759.52563477 3357592.65679932 17.26170731 89 85 84
245760.61950684 3357592.20068359 19.46767044 15 26 28
245763.24438477 3357591.81213379 17.16167641 158 78 91
245763.09368896 3357592.89526367 17.27923203 20 21 25
245760.37573242 3357593.60803223 16.88984871 9 14 17
245761.41522217 3357592.88476563 17.01463699 15 16 20
245760.42614746 3357593.76110840 17.23080254 31 35 38
245764.06402588 3357591.83612061 17.76457787 123 52 60
245761.45831299 3357591.83966064 16.93394470 224 173 169
245761.74804688 3357592.15814209 19.14631653 17 22 25
245759.84985352 3357591.88708496 17.26719475 203 95 108
245761.98321533 3357593.32373047 16.87507057 45 46 48
245762.33941650 3357593.39428711 16.97550392 26 26 26
245760.69451904 3357591.92108154 18.65992165 224 144 155
245763.49554443 3357593.36309814 16.78875542 54 57 62
245761.05169678 3357592.29101563 17.83286476 19 24 27
245762.38580322 3357592.12988281 17.87067032 42 47 50
245760.79608154 3357592.68298340 16.89362144 44 48 51
245759.19555664 3357592.26007080 17.19795609 152 151 156
245762.14257813 3357591.87921143 19.31995964 200 126 87
245762.56811523 3357591.74877930 16.69946671 219 183 159
245763.68334961 3357591.81201172 18.04857063 154 73 79
245760.27648926 3357592.32812500 18.35511589 21 23 22
245761.24383545 3357592.31243896 17.86879730 31 36 40
245763.23999023 3357592.04693604 19.49493790 62 64 63
245762.38201904 3357592.12561035 18.65516281 34 43 42
245760.41137695 3357591.92279053 18.42351151 174 62 78
245762.94323730 3357593.35766602 16.95037079 35 36 38
245762.18060303 3357591.84594727 17.49599457 192 89 108
245761.03637695 3357592.58886719 16.90442276 41 44 49
245762.02514648 3357591.87042236 18.66882706 175 98 104
245762.78997803 3357592.83459473 17.01650429 31 31 31
245760.22607422 3357592.83966064 17.03585243 63 57 59
245762.53826904 3357592.68090820 16.98115921 28 28 30
245761.23016357 3357591.84375000 17.05106926 214 158 159
245763.95788574 3357591.82012939 19.06177139 177 83 84
245761.78985596 3357591.63665771 16.59789085 211 204 194
245759.33068848 3357592.71197510 17.01971626 88 93 99
245759.71862793 3357592.64910889 17.29506111 42 43 45
245762.84783936 3357592.01879883 19.53025246 174 176 173
245762.02905273 3357592.52655029 17.20133972 12 11 16
245763.37530518 3357591.83319092 18.66453552 163 103 105
245759.57183838 3357591.95568848 19.10653687 196 48 60
245762.93334961 3357591.78027344 16.70230293 225 162 144
245761.59960938 3357591.87890625 18.58732605 181 106 111
245761.14678955 3357591.86920166 17.21778679 215 162 168
245762.18048096 3357592.11889648 17.70353699 41 46 49
245759.90557861 3357592.25366211 18.84834099 16 15 20
245763.69964600 3357591.81744385 18.72998047 167 70 77
245760.92932129 3357592.15887451 19.49076653 56 60 63
245761.26788330 3357591.72631836 16.64518166 217 201 185
245761.28009033 3357592.23645020 19.23762131 21 22 27
245761.60565186 3357593.28521729 16.98049927 17 21 20
245760.38092041 3357592.31127930 18.97326660 4 8 9
245762.27362061 3357593.31524658 16.98559380 70 66 67
245764.08520508 3357591.85186768 19.33264923 151 80 88
245761.13104248 3357592.29199219 19.19752502 1 6 10
245762.77459717 3357592.99151611 16.96142578 30 30 32
245763.37451172 3357591.81719971 18.04954910 210 143 150
245762.13464355 3357592.12304688 17.98202515 27 32 35
245762.67480469 3357591.80908203 16.90403366 177 73 64
245763.37432861 3357591.84179688 19.27804184 180 74 86
245759.95440674 3357591.93225098 19.13899994 178 50 65
245761.85998535 3357592.72668457 16.96546364 19 18 23
245761.69830322 3357592.16363525 19.18232918 10 15 19
245763.26806641 3357591.77587891 16.65324402 195 116 109
245762.34777832 3357592.29693604 17.33416557 20 19 25
245762.74688721 3357592.15643311 17.64024734 36 41 45
245762.87139893 3357592.17327881 18.85595894 30 38 40
245762.88739014 3357592.83007813 17.22279549 89 93 92
245761.26733398 3357592.51702881 16.98662567 37 40 45
245763.19439697 3357592.11651611 19.38562965 16 24 26
245762.58862305 3357591.85681152 18.31773758 220 150 158
245759.20965576 3357591.98791504 17.16066742 115 19 33
245762.94152832 3357591.85229492 18.80919838 226 167 159
245761.50103760 3357591.86022949 17.99938965 221 172 178
245764.09753418 3357591.89611816 17.49190903 67 22 25
245759.38110352 3357591.84698486 16.70452118 76 73 84
245763.71697998 3357592.16900635 17.63488960 50 54 57
245761.88525391 3357591.86505127 17.75919533 170 82 96
245762.30780029 3357593.60974121 16.68564415 79 79 81
245762.78277588 3357591.70269775 16.64440918 207 174 157
245764.09405518 3357591.81793213 16.83623695 89 29 31
245760.03521729 3357592.28045654 17.76470757 43 44 49
245763.53674316 3357592.16723633 17.94467545 58 63 66
245760.36743164 3357593.02465820 16.61813927 40 40 42
245763.29852295 3357592.59503174 17.31647110 39 40 44
245764.03668213 3357591.80761719 17.83349419 143 68 75
245761.57061768 3357592.16802979 18.27526665 30 35 38
245763.03222656 3357591.76812744 16.65770531 211 158 140
245760.78771973 3357591.88696289 17.77259254 235 170 176
245763.99749756 3357591.83251953 19.28113556 175 80 86
245759.28942871 3357591.95007324 17.29506302 179 30 49
245763.90258789 3357592.08984375 17.93836975 27 25 28
245760.77429199 3357592.35510254 18.46237373 13 14 18
245759.42059326 3357592.21063232 18.95778847 76 51 57
245760.31079102 3357593.61724854 17.29880524 57 58 60
245760.01251221 3357591.93194580 18.95381355 233 136 147
245760.17755127 3357592.31658936 18.30043602 49 49 49
245760.06268311 3357591.93261719 18.90984154 241 145 159
245760.96441650 3357592.69061279 16.83992958 46 51 54
245762.15100098 3357593.57287598 16.65410614 90 92 91
245759.39617920 3357592.20526123 19.07855797 78 55 61
245760.86993408 3357592.97967529 16.61809158 61 64 69
245760.36859131 3357592.31079102 18.96223068 4 8 9
245760.04309082 3357592.02893066 19.57667160 252 252 254
245762.03192139 3357592.65447998 17.05779076 23 24 28
245760.71118164 3357592.34960938 18.55334473 6 10 11
245761.90399170 3357592.31250000 17.36296082 9 10 15
245762.34173584 3357592.11273193 18.98592567 13 22 21
245764.11706543 3357591.89892578 17.61443138 72 27 30
245761.03088379 3357592.32855225 18.99810410 15 19 20
245763.53649902 3357591.81604004 18.00317955 173 96 104
245759.75061035 3357591.93255615 18.89796638 227 117 130
245761.54290771 3357591.86688232 17.80709076 229 184 189
245759.32037354 3357591.87561035 16.74167442 119 106 116
245760.18182373 3357591.92883301 18.91680908 241 149 150
245761.68572998 3357592.67272949 16.96515274 11 12 16
245761.11779785 3357592.31628418 18.18894196 27 31 34
245760.68029785 3357591.89923096 18.10236931 174 81 92
245762.50042725 3357591.84533691 17.49701881 214 163 172
245763.52276611 3357591.81427002 18.28104019 192 117 122
245761.28558350 3357592.71661377 16.93846130 10 13 18
245760.16302490 3357592.17864990 19.53565025 40 41 45
245763.07733154 3357592.18298340 18.34544754 23 28 31
245760.16107178 3357591.88873291 17.36303902 177 49 64
245761.28533936 3357591.87219238 17.37575722 223 172 177
245760.97821045 3357591.88073730 17.93531609 209 156 166
245760.65899658 3357592.37139893 17.32673264 26 30 33
245763.94122314 3357592.02282715 18.80260086 71 65 69
245759.99908447 3357592.51184082 17.39630127 61 57 58
245761.70550537 3357593.60003662 16.62507439 177 173 164
245759.74389648 3357592.23846436 18.40853882 33 34 38
245760.45123291 3357592.31024170 17.45648766 19 23 26
245761.68994141 3357592.15368652 19.26523018 9 14 20
245763.12536621 3357592.18109131 19.19560432 38 48 50
245762.49700928 3357593.32299805 16.95326424 53 53 53
245760.64685059 3357592.35021973 18.48514175 6 10 11
245761.21850586 3357592.03753662 19.56606674 222 222 222
245763.40093994 3357591.94531250 19.54954338 231 237 235
245763.22094727 3357592.18872070 18.93389130 29 34 38
245763.79632568 3357591.81048584 18.73772621 179 80 83
245761.98046875 3357591.87060547 18.71879959 183 107 111
245762.11163330 3357592.12536621 19.18216324 13 18 22
245763.62493896 3357591.81915283 18.62479019 179 95 95
245760.11761475 3357592.28723145 17.79030228 43 47 50
245762.92718506 3357592.12438965 19.24650574 17 21 24
245759.25433350 3357592.04852295 17.49234581 187 31 52
245762.52532959 3357591.83941650 17.60681152 202 144 156
245760.52203369 3357592.17132568 19.52872849 43 53 55
245760.03875732 3357592.25781250 19.15590096 13 14 16
245762.18908691 3357591.85229492 17.77485657 173 81 94
245760.36529541 3357591.90307617 17.78680801 197 82 95
245759.51879883 3357591.90557861 17.39334679 183 34 53
245762.33190918 3357593.22741699 17.05786324 30 28 31
245760.44934082 3357591.92352295 18.59934235 204 113 120
245763.26983643 3357592.76367188 17.21186447 14 15 19
245762.09417725 3357592.11499023 17.77727699 38 43 47
245762.97290039 3357591.92431641 19.53832245 255 245 246
245761.41802979 3357592.24395752 19.17132568 21 24 29
245761.25341797 3357592.29254150 18.33485985 25 29 32
245762.01843262 3357591.87451172 18.31774521 153 63 73
245761.69287109 3357591.87347412 17.80145836 225 164 171
245759.45513916 3357591.75061035 16.63637352 80 82 94
245762.02178955 3357591.85510254 17.69050789 151 58 68
245760.20959473 3357592.73480225 17.07705116 47 47 49
245763.93682861 3357591.66241455 16.55577278 178 175 170
245759.60388184 3357591.96093750 19.26769257 198 50 66
245760.73144531 3357591.88739014 17.66807747 185 112 119
245762.97955322 3357591.93200684 19.54623222 255 248 249
245762.45581055 3357591.85888672 18.99927521 218 159 129
245759.41784668 3357591.98632813 19.48238945 170 57 77
245763.60253906 3357591.90081787 19.54178238 229 210 214
245760.80786133 3357592.70709229 16.86737061 44 48 51
245763.97009277 3357591.82379150 19.16686630 173 77 79
245761.28515625 3357593.14538574 17.09024620 25 26 30
245761.18676758 3357591.90753174 19.28237343 219 157 106
245762.92175293 3357591.83343506 17.43596268 215 165 174
245761.09722900 3357593.12316895 16.73430824 32 36 39
245759.90557861 3357591.86022949 16.79149818 223 133 133
245760.32012939 3357591.71325684 16.62725067 186 162 150
245759.47979736 3357592.24011230 18.54590797 59 54 58
245761.88708496 3357591.85668945 18.07914734 153 65 77
245760.34411621 3357591.92529297 19.28199387 162 55 39
245761.16766357 3357593.18237305 16.89679718 57 58 62
245760.33496094 3357593.50317383 17.11882019 63 61 64
245760.56610107 3357593.11828613 16.51501083 57 57 59
245762.11523438 3357591.86895752 18.65415001 180 104 108
245761.21557617 3357592.30505371 18.70711899 36 39 44
245762.78729248 3357591.83624268 17.16047668 154 77 87
245762.62646484 3357591.85595703 18.32428360 157 80 88
245759.51934814 3357591.97497559 19.41563606 183 44 65
245760.74261475 3357592.28186035 17.77254677 23 26 31
245763.38134766 3357591.83398438 18.71747017 187 119 120
245763.29138184 3357591.81933594 17.70818520 165 99 109
245764.09655762 3357591.85382080 16.97324944 61 14 22
245763.06164551 3357591.83551025 18.06480408 210 142 153
245761.29394531 3357592.58679199 16.97456932 15 16 21
245762.21398926 3357592.13055420 18.83373451 36 41 44
245762.89880371 3357591.83209229 17.78180695 216 158 170
245762.23828125 3357592.13153076 18.75699997 39 44 47
245763.45452881 3357592.50714111 17.30431747 16 21 25
245759.38494873 3357592.77282715 17.00029945 122 129 137
245759.99096680 3357591.86529541 16.97593307 223 106 112
245759.59759521 3357592.31335449 17.71402740 190 190 190
245762.11944580 3357592.14318848 18.70343971 37 41 44
245759.80285645 3357591.89404297 17.35947037 231 119 131
245762.31622314 3357591.85308838 17.95907784 157 77 90
245761.09149170 3357592.72729492 16.85255814 36 41 45
245760.88934326 3357593.19592285 16.55439949 51 52 54
245759.93463135 3357592.28363037 17.80617905 38 42 45
245760.14715576 3357593.27935791 17.10529327 141 50 65
245763.13482666 3357591.82629395 17.69524574 146 73 84
245764.00097656 3357592.01049805 19.14358139 96 84 86
245763.57965088 3357592.16577148 18.04221344 55 60 63
245762.14385986 3357591.86926270 19.09464455 212 158 112
245760.91918945 3357592.33300781 18.26524925 10 13 18
245761.43255615 3357591.83319092 16.83166504 246 214 203
245760.36706543 3357591.86407471 16.98336029 199 54 57
245759.41821289 3357592.18115234 19.53746033 104 103 108
245761.07171631 3357593.25329590 16.66936111 121 122 124
245762.22424316 3357592.40093994 17.23437881 14 15 19
245761.03057861 3357591.88879395 18.72345543 174 99 103
245763.46264648 3357592.17327881 18.00157928 59 63 66
245759.82666016 3357591.90997314 17.82263184 185 75 86
245761.33020020 3357591.89556885 19.12766075 200 141 99
245763.90594482 3357591.85089111 19.40293503 159 73 84
245762.64617920 3357592.13604736 17.95970726 39 42 47
245760.04541016 3357592.83709717 17.05635834 59 55 56
245760.86657715 3357592.31463623 19.16328049 20 24 27
245760.30523682 3357591.92303467 18.28009415 181 64 80
245762.71252441 3357592.08508301 19.36727524 10 18 20
245760.96453857 3357591.89459229 18.45348549 225 162 170
245759.95880127 3357591.93237305 19.14580154 178 50 65
245761.82922363 3357591.88146973 19.15981483 216 176 114
245760.43054199 3357593.65698242 16.67782593 80 85 88
245763.65936279 3357592.14184570 18.44102478 31 32 36
245761.75292969 3357592.95056152 17.01838493 19 20 24
245763.80358887 3357592.13781738 18.22755814 41 45 48
245762.16241455 3357591.83422852 17.10437012 199 80 86
245760.83331299 3357592.34643555 18.72360229 5 9 12
245761.07458496 3357591.91479492 19.32887268 212 138 93
245763.13806152 3357592.18798828 18.31877708 28 32 35
245762.74822998 3357592.23468018 17.39882278 19 26 32
245761.29864502 3357592.15142822 19.45711899 23 28 32
245760.20770264 3357593.28826904 17.18208122 114 73 81
245762.14959717 3357592.14154053 18.58142471 28 33 36
245762.03790283 3357593.12530518 16.94777870 34 35 39
245761.04296875 3357591.91064453 19.25816536 179 113 55
245760.40179443 3357591.89624023 17.63883781 174 53 70
245759.78338623 3357591.89855957 17.46123123 203 86 95
245762.65332031 3357591.84063721 17.58802032 136 60 72
245760.60992432 3357591.91735840 18.77076340 244 176 173
245762.99432373 3357592.26257324 17.35374832 15 19 22
245762.57440186 3357592.22326660 17.42745590 30 33 40
245759.31097412 3357592.03704834 17.79271317 169 0 29
245762.25653076 3357591.86553955 19.06104088 243 195 155
245760.27886963 3357593.13739014 17.04648781 58 47 53
245759.27807617 3357592.12927246 18.66241074 183 41 65
245763.39123535 3357592.15515137 17.60163689 38 42 45
245759.38873291 3357592.51757813 17.79838371 99 74 70
245760.20007324 3357592.32025146 18.47438622 22 26 25
245762.58093262 3357593.43225098 16.88243294 54 55 57
245763.96319580 3357591.79522705 18.74356842 171 75 77
245763.15350342 3357592.19317627 18.41325569 26 30 33
245759.38085938 3357592.42919922 17.63375092 60 30 28
245762.29309082 3357591.84918213 17.76989937 165 78 97
245763.35064697 3357592.39886475 17.36999321 11 16 20
245759.23138428 3357592.07177734 17.41936111 179 42 58
245762.04766846 3357592.43060303 17.25492859 16 17 21
245762.79473877 3357591.96282959 19.56609344 148 148 148
245763.84686279 3357591.78869629 16.88075256 166 75 80
245764.01177979 3357591.81195068 17.88756752 146 69 75
245760.41296387 3357592.29791260 19.17621040 3 7 8
245761.88299561 3357593.51989746 16.69399452 64 64 64
245762.47253418 3357591.86474609 18.46329689 218 157 162
245760.34930420 3357593.73138428 16.99713898 74 75 77
245761.53271484 3357592.20849609 19.19885635 19 24 30
245763.54150391 3357592.16375732 17.67837715 42 47 50
245759.38830566 3357592.01971436 18.79457664 192 26 46
245760.70202637 3357591.89617920 17.98556137 213 132 141
245759.47906494 3357592.62652588 17.27092552 59 58 56
245763.09094238 3357592.13916016 19.28619003 13 19 19
245761.20257568 3357592.30633545 18.48735809 26 29 34
245761.90881348 3357591.83111572 16.93789673 177 72 69
245761.39605713 3357591.86077881 18.04216957 212 161 168
245760.23535156 3357591.92822266 18.35165787 175 49 70
245761.75811768 3357593.23608398 17.02989960 16 17 19
245761.16198730 3357591.82983398 16.89094543 227 178 163
245762.59197998 3357591.85656738 18.98415947 222 165 136
245760.09893799 3357591.92700195 18.27652931 189 62 79
245762.92950439 3357591.82989502 17.23487854 206 156 167
245761.74151611 3357591.84484863 17.12577820 188 97 104
245759.32568359 3357592.33343506 17.99901009 128 109 105
245759.76849365 3357591.93176270 18.83677483 249 149 159
245761.83270264 3357591.88543701 19.25204468 201 155 93
245763.95312500 3357591.77648926 16.66995239 141 79 80
245762.27154541 3357593.18176270 16.98281860 81 79 82
245763.26544189 3357591.82983398 18.23374557 163 90 99
245762.93518066 3357592.77191162 17.31938934 20 22 21
245760.32751465 3357593.66790771 17.02179337 50 54 55
245760.76104736 3357593.17626953 16.52058411 65 69 70
245763.34808350 3357592.18255615 18.34004402 38 42 45
245762.29528809 3357591.86315918 18.88108444 234 171 162
245763.27587891 3357592.44232178 17.34759521 12 15 20
245763.99957275 3357591.97637939 18.58148766 88 73 76
245761.63775635 3357592.43695068 17.25247002 8 13 17
245763.46392822 3357591.80419922 17.24042320 204 142 153
245762.34332275 3357592.09484863 19.40114975 39 48 47
245764.08886719 3357591.83648682 16.98617172 75 22 28
245761.00885010 3357592.06817627 19.56133270 194 193 198
245762.53668213 3357591.89440918 19.50502586 145 87 85
245761.22430420 3357592.30242920 17.98440552 26 30 33
245760.16369629 3357592.90765381 17.09246063 47 51 52
245763.01989746 3357592.43713379 17.28683662 16 20 23
245763.32257080 3357593.07238770 16.98282623 24 29 32
245764.05102539 3357591.82275391 17.24518967 110 45 51
245764.01220703 3357591.81323242 18.78423119 165 80 83
245762.34393311 3357591.78247070 16.75619125 251 224 194
245759.99438477 3357591.92962646 18.66413689 236 155 152
245760.67266846 3357591.87121582 17.10487938 199 92 98
245761.55407715 3357593.60675049 16.62048721 175 168 158
245762.56561279 3357592.12951660 17.68003082 46 50 53
245759.79388428 3357591.92492676 18.16566849 200 82 98
245763.45538330 3357592.16827393 17.63591576 53 58 61
245759.24420166 3357591.67510986 16.61871719 68 74 86
245761.37268066 3357591.88842773 18.89887428 233 162 158
245763.22161865 3357591.81793213 17.45478630 156 84 98
245763.57086182 3357591.79290771 16.85649109 177 84 94
245759.30810547 3357591.87762451 16.74530220 119 106 116
245762.25494385 3357591.88342285 19.32044411 233 174 130
245762.60931396 3357592.13043213 17.72914696 42 46 49
245763.47021484 3357592.67633057 17.12282944 6 9 14
245760.07208252 3357592.28747559 18.79381943 12 13 17
245761.89038086 3357591.86474609 17.76072311 170 79 94
245763.78686523 3357592.16156006 17.53643417 41 45 48
245760.78503418 3357591.91284180 18.66613770 228 151 161
245760.73083496 3357593.68664551 16.56693840 58 63 66
245759.84307861 3357592.15637207 19.55056953 130 131 135
245761.88830566 3357591.93835449 19.51526833 180 141 146
245762.21771240 3357591.86224365 18.14418793 185 89 103
245760.07366943 3357591.81762695 16.77437019 208 133 112
245763.52191162 3357592.16003418 18.39259338 27 31 34
245763.12426758 3357591.67376709 16.56009293 206 184 173
245760.57421875 3357592.35260010 18.37325096 8 12 13
245762.74652100 3357592.13269043 19.02674675 15 20 24
245763.98431396 3357591.97570801 18.65234184 88 72 73
245763.38623047 3357592.16632080 17.67943001 29 33 36
245759.45904541 3357591.97747803 19.36763763 192 44 66
245760.27124023 3357593.77868652 16.69484711 169 168 163
245762.83001709 3357592.80474854 17.09482002 21 21 21
245759.39569092 3357592.52008057 17.82707977 81 56 52
245763.12097168 3357592.15332031 17.78707504 3 7 10
245759.99041748 3357591.93041992 18.81892395 236 156 159
245762.40979004 3357591.97027588 19.55907249 227 227 225
245761.31890869 3357592.29187012 18.94011497 46 47 52
245760.21295166 3357591.89764404 17.63293648 178 56 69
245761.06494141 3357591.88446045 18.61754036 211 142 145
245761.28570557 3357592.30590820 19.03233719 25 28 33
245762.16406250 3357591.83209229 17.06896782 192 71 76
245763.34027100 3357592.18133545 17.97087097 73 77 78
245763.19366455 3357591.83129883 18.12521935 181 95 106
245759.86462402 3357591.93005371 18.79109192 242 166 168
245760.54962158 3357591.76104736 16.65869522 226 187 156
245760.85327148 3357591.90380859 18.70998192 174 101 108
245763.07348633 3357592.96704102 17.10663033 31 32 37
245761.82946777 3357591.87377930 18.67789268 182 105 111
245760.62194824 3357592.34124756 18.65004539 5 9 10
245759.46661377 3357592.75408936 17.01484108 89 94 98
245759.38745117 3357592.22515869 18.65427780 50 25 28
245761.51245117 3357592.18585205 18.20348549 29 34 37
245759.64178467 3357591.92169189 18.06123543 188 48 57
245762.55847168 3357592.52984619 17.18213463 17 20 25
245763.56048584 3357591.84997559 19.31701088 178 66 78
245763.46502686 3357593.41082764 16.78851509 30 31 36
245759.43194580 3357592.52691650 17.57119370 114 93 88
245764.05328369 3357591.79876709 18.52674675 146 86 88
245763.66540527 3357592.15710449 17.82763672 42 47 50
245762.38610840 3357591.92614746 19.54050064 225 199 202
245762.20489502 3357592.49468994 17.17241096 14 15 19
245760.65789795 3357592.35034180 18.49266052 6 10 11
245762.03094482 3357591.87396240 18.34816360 152 62 72
245763.87396240 3357591.79064941 17.02724648 151 72 75
245761.60278320 3357592.14031982 19.41749382 10 15 19
245764.07397461 3357591.95544434 17.62295341 66 40 43
245762.21398926 3357591.85278320 17.34953117 163 60 77
245762.96997070 3357591.85009766 18.95438766 225 167 145
245759.98028564 3357592.32843018 17.50254631 32 36 39
245763.34588623 3357593.30145264 16.95095825 20 22 19
245763.19696045 3357592.18438721 19.21359444 43 51 53
245760.08624268 3357592.29852295 18.27717209 46 46 46
245761.47229004 3357591.86309814 17.93888092 233 186 194
245759.39862061 3357592.20684814 19.34522057 68 48 50
245763.40332031 3357591.82745361 18.94603920 193 102 107
245760.47485352 3357593.22869873 16.56534576 32 32 34
245760.06774902 3357591.87036133 17.05047989 196 60 70
245761.53259277 3357592.11822510 19.50278282 83 84 88
245760.57250977 3357592.37133789 17.33002472 26 30 33
245759.81140137 3357592.24420166 18.23804665 20 24 27
245763.56103516 3357592.20544434 17.52766037 47 51 54
245759.58251953 3357591.92962646 18.38153267 189 49 60
245760.09124756 3357591.93060303 19.19688416 177 56 61
245762.25958252 3357591.85919189 18.09925461 175 81 95
245759.75677490 3357592.73272705 16.94910622 82 82 82
245760.58435059 3357593.41247559 16.59471130 41 46 49
245760.79693604 3357592.34466553 18.72962952 10 14 17
245760.19958496 3357592.27111816 19.21174431 17 21 22
245763.70520020 3357592.44897461 17.17081642 40 41 43
245761.83020020 3357591.86462402 17.65192413 166 83 93
245761.00683594 3357592.33520508 18.36912346 16 19 24
245762.04486084 3357592.11175537 17.77811432 32 36 39
245761.24389648 3357592.21917725 19.31040955 23 27 30
245764.03686523 3357591.80157471 18.23693275 147 65 67
245761.41674805 3357592.35131836 17.45935059 40 44 47
245760.35034180 3357591.92510986 18.55730629 206 104 115
245759.49182129 3357591.92309570 17.71615601 187 32 50
245759.46826172 3357591.96240234 18.53495216 195 45 57
245763.90576172 3357591.73156738 16.59562874 196 161 157
245761.95880127 3357592.70239258 17.01842117 29 33 36
245763.30584717 3357591.81573486 17.55687332 196 134 145
245760.45068359 3357593.53546143 16.68935394 9 13 16
245762.44097900 3357592.55322266 17.09484482 32 33 38
245761.33312988 3357592.96392822 17.04358864 17 18 22
245762.06311035 3357592.30096436 17.33908081 22 26 27
245761.19921875 3357591.86840820 17.24167824 217 165 169
245762.94769287 3357592.31231689 17.31908417 11 15 18
245762.28680420 3357592.06433105 19.48133278 132 133 135
245762.36828613 3357592.13604736 18.16873741 35 40 43
245759.53039551 3357591.90130615 16.80227280 177 114 133
245761.04138184 3357592.93811035 16.73527336 47 52 56
245762.11621094 3357592.41912842 17.24454689 11 12 14
245763.36950684 3357593.15429688 16.95033073 21 25 26
245761.57220459 3357591.74615479 16.65076828 194 191 172
245761.06506348 3357592.31427002 18.11670685 26 30 31
245762.50445557 3357591.85180664 17.37729645 213 162 169
245761.50323486 3357591.78100586 16.71372795 232 224 203
245759.32153320 3357592.28131104 17.46814346 90 25 31
245762.57019043 3357591.75463867 16.71181870 219 183 159
245761.63256836 3357592.70043945 16.95704079 12 13 17
245760.51708984 3357591.91003418 18.17909813 204 90 100
245762.70520020 3357592.71063232 17.02412987 34 34 36
245762.58270264 3357592.55987549 17.15312004 13 16 21
245762.73303223 3357591.84619141 18.11011696 172 84 96
245762.30548096 3357592.18927002 17.44262886 36 37 41
245761.06469727 3357592.53125000 16.96745300 38 42 45
245762.78515625 3357591.85742188 18.50589371 177 104 115
245763.71752930 3357591.81524658 17.93630791 158 77 83
245762.63055420 3357592.14721680 17.62649536 46 50 53
245759.81085205 3357591.93243408 18.99829483 208 91 107
245762.77758789 3357592.17883301 17.56236076 22 27 33
245762.91809082 3357591.83142090 17.77692986 209 151 165
245760.83581543 3357592.35339355 18.58186722 18 19 23
245761.86065674 3357593.19714355 17.04159546 25 26 30
245760.00848389 3357592.30786133 17.54857254 34 38 39
245759.26867676 3357592.18988037 17.88235664 92 13 19
245759.82617188 3357591.94415283 19.28923416 191 53 68
245762.14874268 3357591.86700439 18.77390480 192 120 121
245759.79840088 3357592.65502930 17.28093910 70 69 67
245764.06719971 3357591.92309570 19.06367683 83 44 47
245762.31176758 3357591.90020752 19.49649811 140 91 87
245760.68304443 3357592.33538818 18.16882324 5 9 12
245763.70898438 3357591.89135742 19.53041267 220 208 210
245763.08459473 3357591.84686279 19.05135918 211 143 122
245761.84161377 3357591.86352539 17.64273643 179 96 106
245761.98040771 3357592.69030762 17.03699112 23 27 30
245760.97241211 3357591.64068604 16.57991600 206 200 188
245760.21313477 3357592.28497314 17.75612259 29 33 36
245760.99499512 3357592.39648438 17.21972847 33 37 40
245760.85162354 3357592.34558105 18.38973045 11 12 16
245762.78222656 3357591.85852051 19.27536392 161 75 50
245763.40527344 3357591.82861328 19.00694275 167 68 73
245761.18518066 3357592.23675537 19.30632401 17 22 25
245762.12072754 3357591.86669922 18.84378624 234 170 161
245763.34088135 3357592.17071533 18.69287491 29 32 37
245759.90307617 3357592.26141357 18.64837074 19 20 24
245761.47619629 3357591.86596680 17.86083031 229 184 191
245760.79107666 3357592.28363037 17.55235100 27 31 34
245760.31445313 3357593.15423584 16.72977066 117 106 112
245760.57855225 3357591.91369629 19.06406975 221 157 113
245762.46887207 3357591.81945801 16.91481590 234 175 171
245761.20721436 3357592.79321289 16.90974236 14 21 27
245759.42736816 3357592.64178467 17.19761467 18 19 21
245759.83056641 3357591.74560547 16.61509514 145 130 123
245764.02795410 3357592.06732178 17.31731033 75 75 75
245759.09777832 3357591.73156738 16.62342834 59 65 77
245759.30621338 3357592.17254639 18.89888191 126 50 63
245762.76330566 3357592.11334229 19.16737556 9 17 20
245762.00732422 3357591.85681152 17.74682236 164 71 81
245759.83489990 3357591.69372559 16.59289742 158 155 148
245761.88446045 3357593.14837646 17.01807213 30 31 36
245760.21972656 3357592.60040283 17.23970985 12 13 15
245759.92480469 3357591.92980957 18.90353203 246 164 166
245763.04418945 3357592.97210693 17.08655357 33 34 39
245762.85644531 3357592.24786377 17.34788322 9 12 17
245763.59442139 3357591.79296875 16.89663315 170 75 83
245761.02673340 3357591.86895752 17.29337692 202 145 151
245763.76068115 3357592.06982422 19.43823814 55 56 60
245761.89672852 3357592.11877441 17.74264526 31 36 39
245759.39068604 3357592.43377686 18.06799126 61 65 74
245762.16137695 3357592.67047119 16.98040962 27 28 32
245762.24932861 3357591.86853027 18.34126854 156 62 76
245762.02026367 3357591.85217285 17.34980583 164 63 77
245760.10510254 3357591.91711426 18.05208969 181 52 70
245760.24340820 3357593.42303467 17.17989159 54 49 53
245760.41070557 3357591.92987061 19.37986183 162 50 39
245761.80004883 3357591.88616943 19.24711800 191 147 82
245760.12402344 3357592.30700684 18.07340622 18 18 20
245760.59277344 3357592.34918213 18.46007729 1 5 6
245761.74475098 3357591.87384033 18.12349892 179 96 104
245761.88330078 3357591.82910156 16.88253784 186 98 88
245763.50482178 3357591.82354736 18.91657829 210 119 128
245759.31542969 3357591.93835449 17.11651039 155 21 45
245763.36767578 3357592.16632080 17.70075035 29 33 36
245763.33709717 3357592.20239258 17.45221710 36 40 43
245763.28442383 3357593.19256592 16.96372032 58 62 63
245759.51049805 3357592.66632080 17.43451118 90 82 79
245762.20861816 3357592.14038086 18.48887444 17 25 27
245761.19281006 3357592.30407715 18.01469612 22 26 29
245760.35852051 3357591.92102051 19.18542480 233 147 122
245763.35223389 3357592.82312012 17.03626442 12 13 17
245759.31811523 3357592.27337646 17.43235970 88 27 34
245762.42462158 3357592.12103271 18.84054756 22 32 33
245761.74725342 3357592.82269287 16.96728325 9 10 14
245760.85028076 3357592.46154785 17.13092613 33 37 38
245764.06848145 3357591.81866455 16.87810135 97 32 36
245763.21026611 3357592.20434570 19.07677460 41 46 49
245762.72296143 3357592.46704102 17.25585556 67 70 77
245760.74230957 3357591.75018311 16.65034866 211 177 152
245761.56213379 3357592.16906738 18.21786690 25 30 33
245763.41204834 3357591.82946777 18.58061790 206 144 145
245763.95733643 3357592.01068115 19.43492317 161 161 161
245761.60076904 3357591.99987793 19.55471420 252 252 252
245762.91387939 3357593.46154785 16.97198868 28 28 28
245759.08282471 3357592.24530029 17.06121635 84 89 95
245761.46191406 3357591.89642334 19.24363518 194 132 85
245761.39746094 3357591.86767578 17.85811424 227 180 188
245762.42089844 3357593.50610352 16.87747955 74 73 78
245762.24005127 3357593.14361572 16.96885681 58 58 60
245760.47595215 3357591.81323242 16.75139236 241 173 136
245763.23846436 3357591.82690430 18.02952385 156 83 90
245760.45581055 3357592.28515625 17.70042801 18 19 23
245762.19744873 3357591.67779541 16.58984566 186 178 159
245760.53155518 3357592.30859375 17.90144539 8 9 13
245762.17541504 3357591.73223877 16.64614677 194 178 153
245760.27380371 3357591.90386963 17.78625679 200 83 92
245761.08489990 3357592.30548096 19.18586349 21 25 28
245761.97863770 3357592.13372803 19.24668121 7 12 16
245762.71643066 3357591.83697510 17.18141747 170 78 89
245761.34765625 3357591.91931152 19.38372993 196 124 100
245761.94787598 3357591.73925781 16.68209267 218 203 182
245759.73718262 3357591.88604736 17.03914070 177 44 65
245761.11767578 3357592.34362793 18.78512573 22 26 29
245761.15905762 3357591.86834717 18.01115036 207 158 164
245761.68286133 3357592.15167236 19.28985405 6 11 17
245763.23687744 3357591.83343506 18.92820930 189 120 113
245760.51745605 3357591.91790771 18.75847244 231 162 157
245762.63531494 3357591.84838867 17.44409180 168 95 104
245760.06890869 3357592.36566162 17.49276352 36 37 41
245759.23254395 3357592.13903809 17.46720314 158 50 63
245762.79132080 3357591.82489014 17.08976746 178 93 100
245763.27868652 3357591.81622314 17.53661346 168 102 114
245761.87506104 3357591.79882813 16.79409027 254 228 205
245763.27368164 3357592.94628906 17.03108215 19 24 30
245763.65673828 3357592.16778564 17.63614655 46 50 53
245760.17138672 3357591.92895508 18.33601189 177 48 68
245761.34210205 3357593.49603271 16.71471977 194 194 186
245761.19622803 3357591.89099121 18.90207481 227 159 150
245763.08972168 3357592.98510742 17.06918335 29 30 35
245761.30072021 3357592.36602783 17.34153557 12 16 17
245760.64349365 3357591.89916992 18.22023201 184 88 100
245760.20635986 3357592.30133057 17.59598923 26 24 29
245760.82043457 3357591.90338135 18.97266960 229 165 138
245759.41748047 3357592.05114746 19.56698990 241 220 225
245759.89263916 3357592.74340820 17.13442421 48 47 45
245762.57086182 3357592.22369385 17.42637253 30 33 40
245762.84985352 3357592.15057373 18.16431618 28 33 37
245759.94274902 3357592.16357422 19.54495430 87 87 89
245760.78607178 3357592.22619629 19.41935349 22 25 30
245760.48071289 3357592.34619141 18.25876617 15 16 18
245762.95648193 3357593.38977051 16.94589424 36 37 39
245759.34606934 3357592.19842529 19.29197121 77 46 51
245763.05871582 3357592.17248535 19.09326172 37 47 48
245759.97637939 3357592.69677734 17.26995468 25 23 24
245761.21539307 3357591.86584473 18.21320343 229 180 184
245759.14190674 3357592.83001709 16.90996933 127 134 142
245762.74206543 3357591.87817383 19.44331932 155 76 79
245762.33996582 3357592.10949707 19.06574440 11 20 19
245759.39331055 3357591.66400146 16.60915565 71 77 89
245759.29473877 3357592.06011963 17.72119141 171 6 38
245761.90307617 3357591.76599121 16.74440384 242 228 201
245763.20385742 3357591.81109619 16.96157074 165 64 70
245763.11950684 3357592.26434326 17.37475967 21 25 28
245762.06005859 3357593.14495850 16.93583679 27 28 30
245762.24395752 3357592.12011719 19.02195740 15 23 25
245761.50366211 3357591.81103516 16.75477028 254 246 225
245761.44683838 3357591.87854004 18.56650734 211 138 149
245763.09277344 3357591.82995605 17.78580856 179 107 118
245759.21649170 3357591.97802734 17.10295486 109 21 35
245760.22802734 3357591.97259521 19.49162102 159 61 74
245763.45324707 3357591.81744385 18.00274658 198 126 130
245761.16882324 3357592.40185547 17.15754509 41 45 46
245763.30926514 3357591.82556152 18.14122009 215 145 153
245763.55090332 3357591.79394531 16.87796593 188 101 110
245761.98846436 3357591.86981201 18.77512169 195 121 122
245763.25183105 3357591.83874512 18.61743546 167 102 110
245761.69152832 3357591.87091064 17.64414215 182 117 125
245761.97528076 3357592.13427734 18.44096375 20 25 28
245762.62298584 3357591.85510254 19.06106567 233 179 141
245759.46600342 3357591.93176270 17.75646019 187 32 50
245759.80133057 3357591.88049316 16.89605331 195 83 97
245760.61126709 3357592.34655762 18.53078651 0 5 5
245762.17608643 3357592.01989746 19.55659676 175 174 179
245763.03979492 3357592.16516113 19.12455559 32 42 41
245760.46411133 3357593.33404541 16.64336777 59 59 59
245761.54479980 3357592.23187256 17.83329010 32 41 40
245762.84051514 3357592.68359375 17.20770645 51 53 50
245760.52014160 3357592.35028076 18.29556084 12 13 15
245763.66387939 3357592.16033936 18.07133102 51 56 59
245762.57458496 3357592.13409424 17.92375565 36 40 43
245763.53918457 3357592.70355225 17.01745796 22 23 27
245762.36572266 3357593.04968262 16.99602318 41 39 40
245760.29187012 3357592.70513916 17.00839233 23 18 15
245764.06951904 3357591.84173584 17.25800705 72 20 24
245764.04296875 3357591.94073486 18.37747574 68 50 50
245763.97448730 3357592.03015137 19.25053215 68 66 69
245759.26745605 3357592.06268311 19.36802864 183 37 60
245762.75299072 3357593.06286621 16.94942665 38 38 40
245762.63934326 3357591.84771729 17.39438438 161 85 95
245760.02166748 3357592.82629395 17.07507133 61 55 57
245763.48266602 3357592.10192871 19.44524574 26 27 31
245764.03228760 3357591.96258545 18.01381111 72 53 55
245762.87359619 3357592.14685059 18.03636742 28 33 36
245761.56365967 3357592.25823975 17.62409019 40 48 50
245761.36572266 3357592.27746582 19.08972740 6 9 16
245760.63372803 3357593.47265625 16.60298729 46 50 53
245761.04876709 3357591.87640381 17.86907387 222 171 178
245762.93286133 3357591.83685303 17.99288750 200 146 160
245761.72827148 3357591.91400146 19.39364815 187 117 91
245759.40954590 3357591.98681641 18.25317383 186 34 49
245762.85937500 3357591.84301758 18.12276840 232 170 183
245761.67687988 3357592.19677734 17.62298584 22 27 30
245761.30120850 3357592.35778809 17.41281509 22 26 27
245762.23059082 3357591.84936523 17.41319466 177 74 91
245761.24176025 3357592.29986572 18.74466515 44 47 54
245762.97857666 3357591.86944580 19.41187096 158 73 76
245762.81909180 3357592.87921143 17.02040482 47 48 50
245762.61041260 3357591.83166504 17.13679123 218 136 148
245761.42913818 3357592.21777344 18.32318115 27 32 35
245763.75946045 3357591.78619385 16.68507195 156 69 75
245762.05548096 3357592.13800049 18.97621346 27 31 34
245761.82666016 3357591.83746338 17.01795197 184 75 78
245760.17004395 3357592.49597168 17.39376068 17 16 21
245763.79852295 3357592.38232422 17.12621117 37 37 39
245761.62194824 3357591.87817383 18.70805168 179 103 105
245763.30145264 3357591.82409668 17.88065147 212 147 155
245763.92028809 3357591.79547119 17.44933319 162 80 86
245761.64813232 3357592.14733887 18.36673355 20 24 27
245763.26593018 3357592.18878174 19.22838020 48 53 57
245763.42797852 3357592.16314697 18.80635834 27 30 35
245761.60742188 3357591.87402344 17.58708572 220 171 175
245762.52850342 3357593.55975342 16.77975464 84 84 86
245763.73596191 3357592.13189697 18.46443558 36 37 41
245761.66943359 3357592.38104248 17.32104492 21 26 30
245760.38745117 3357593.74456787 16.86039162 68 73 76
245762.28179932 3357592.11437988 19.07505798 13 21 23
245760.92144775 3357592.95019531 16.66275215 55 60 64
245762.45446777 3357591.84790039 17.44701004 220 175 182
245761.19470215 3357592.31347656 18.42159081 25 29 32
245761.95147705 3357592.14007568 18.52062225 31 35 38
245763.41601563 3357592.21630859 19.17824745 34 39 43
245763.81750488 3357591.78387451 16.70006371 151 69 73
245759.94995117 3357592.30322266 17.55585289 35 39 40
245763.37249756 3357592.16979980 17.74910927 52 57 60
245761.51171875 3357592.06567383 19.54436874 136 134 137
245759.61602783 3357592.21820068 18.91855431 36 27 32
245760.29937744 3357591.66345215 16.58863068 174 163 157
245763.82189941 3357592.12475586 18.25296783 41 45 48
245759.07952881 3357592.10406494 16.99204826 109 110 115
245763.33343506 3357592.17962646 18.41072083 35 40 43
245763.84790039 3357592.12408447 17.90732002 39 40 42
245760.45245361 3357592.23358154 19.41936493 11 19 22
245760.18164063 3357591.90008545 17.68156242 177 52 68
245764.08599854 3357591.88824463 17.88509369 72 26 29
245760.38513184 3357591.72845459 16.64868736 210 177 158
245760.83044434 3357591.88946533 17.97429085 233 178 183
245760.53601074 3357592.27746582 17.63071251 18 21 26
245760.81494141 3357591.91619873 19.26371574 221 170 107
245761.32531738 3357592.26831055 18.20166397 27 31 34
245759.20758057 3357591.97503662 16.99334335 96 22 35
245763.95642090 3357592.00408936 18.71664810 81 71 72
245759.70788574 3357591.94793701 19.17266846 190 45 62
245760.24530029 3357592.28778076 17.76685333 22 26 29
245763.56976318 3357591.82122803 18.58692360 184 113 109
245763.41870117 3357591.83190918 19.18799973 184 70 80
245763.45574951 3357593.48828125 16.73171997 59 62 67
245759.15344238 3357592.03790283 17.08508110 112 69 78
245761.92449951 3357592.50683594 17.24022102 2 3 7
245760.76055908 3357591.88024902 17.42469025 182 109 116
245760.57183838 3357592.31823730 19.08309364 9 13 16
245760.25573730 3357591.86468506 16.98401451 195 51 60
245762.24755859 3357591.91394043 19.49096680 151 107 104
245762.66479492 3357592.38641357 17.30049133 65 67 79
245761.73718262 3357592.16131592 19.14014053 15 20 23
245763.81500244 3357591.80694580 18.70410919 175 79 81
245762.05853271 3357592.38452148 17.28013039 24 28 31
245761.18310547 3357593.28314209 16.86413193 218 222 223
245761.64477539 3357593.16827393 17.04811859 17 19 18
245762.67266846 3357592.09289551 19.24292564 8 16 18
245763.10217285 3357591.82824707 17.86374855 172 102 112
245762.70037842 3357592.13299561 18.10253716 38 43 47
245760.06549072 3357592.73522949 17.21359444 52 48 47
245762.61413574 3357592.08642578 19.34498787 14 24 23
245763.34075928 3357591.77307129 16.62515068 183 119 110
245759.34429932 3357592.04351807 18.26371002 179 17 40
245759.37408447 3357592.03753662 19.55539322 243 222 227
245762.88598633 3357591.85516357 18.65218925 156 95 94
245760.84680176 3357592.03039551 19.57920837 210 209 207
245762.63464355 3357592.08587646 19.35372543 10 20 19
245760.01318359 3357591.97686768 19.50953484 155 75 88
245762.14300537 3357593.06921387 16.91832352 39 40 44
245759.84686279 3357591.93353271 18.60739708 218 123 127
245763.50219727 3357592.16271973 18.88013458 26 29 34
245762.20568848 3357592.56805420 17.08505440 20 19 24
245762.27490234 3357592.06353760 19.48485947 132 133 135
245759.35876465 3357591.81896973 16.67861938 63 61 74
245763.18475342 3357592.06634521 19.46650696 25 26 28
245763.67449951 3357591.81835938 18.71181488 167 70 77
245761.51202393 3357592.18725586 18.25248337 33 38 41
245761.83502197 3357591.87585449 18.48941994 185 104 111
245759.34600830 3357592.01519775 19.40273857 179 40 63
245760.44897461 3357592.83624268 16.77254677 40 40 42
245762.77825928 3357592.72882080 17.08650398 11 11 11
245764.05749512 3357591.96295166 17.44744682 59 39 40
245760.71685791 3357592.72344971 16.87980270 49 50 54
245762.31982422 3357593.34924316 17.02671814 29 29 27
245761.06860352 3357591.89874268 19.04840279 199 129 103
245763.73028564 3357591.84814453 19.32317352 160 67 77
245763.37847900 3357592.14288330 19.39828491 17 22 25
245763.09039307 3357593.28930664 16.93870926 28 29 31
245762.17620850 3357591.85003662 17.66423035 151 57 71
245762.18469238 3357592.11669922 19.22837830 15 20 24
245759.32482910 3357592.36267090 17.89074707 95 77 75
245763.24041748 3357591.83776855 18.54446983 174 107 116
245762.28234863 3357592.13958740 18.39715958 9 14 17
245760.87500000 3357592.34600830 18.41547012 13 14 19
245761.16552734 3357592.40869141 17.14069939 40 44 43
245763.34344482 3357591.83795166 19.25250244 169 67 78
245761.33557129 3357591.87957764 18.54636765 230 166 167
245761.41973877 3357591.85455322 18.19451332 228 175 183
245760.60943604 3357592.32147217 19.04939651 7 11 12
245762.34191895 3357592.09930420 19.29929543 17 26 25
245759.35736084 3357592.40222168 18.07496262 78 52 53
245763.18298340 3357593.14117432 16.96530151 48 52 55
245763.87164307 3357591.79882813 17.59457207 158 71 79
245762.77050781 3357591.85485840 18.85402489 230 167 152
245760.09649658 3357591.87628174 17.13370895 210 75 89
245759.35675049 3357591.76501465 16.64158821 68 72 84
245759.65820313 3357592.62597656 17.37986374 37 38 40
245763.34942627 3357591.82739258 18.85876656 233 161 164
245759.93011475 3357592.26800537 18.15030289 31 31 31
245763.17687988 3357591.82067871 17.47868729 169 95 108
245763.98162842 3357591.79925537 17.29278564 155 83 84
245762.53063965 3357591.85076904 17.32085800 212 155 164
245762.20697021 3357591.73052979 16.64668274 197 181 158
245762.78973389 3357592.14135742 18.10325050 31 36 39
245760.84033203 3357592.76440430 16.81542587 48 51 56
245762.82293701 3357593.31573486 16.92141724 45 47 44
245760.72094727 3357592.89666748 16.68093491 76 76 78
245763.14074707 3357592.16394043 17.92813492 1 5 8
245763.28948975 3357591.83679199 19.22001839 162 69 77
245759.39074707 3357592.19946289 19.23625946 82 55 62
245763.23907471 3357593.40002441 16.91269875 15 16 21
245762.53704834 3357592.14190674 18.68137932 29 37 39
245759.93872070 3357592.26989746 18.37201691 20 21 25
245762.77801514 3357592.16278076 18.65138817 22 30 32
245762.27819824 3357591.84393311 17.52831459 164 77 93
245762.23828125 3357592.12744141 17.88401604 34 39 42
245761.41943359 3357593.66839600 16.59174728 169 165 153
245761.05621338 3357592.31646729 18.06695366 26 30 33
245762.04199219 3357591.82617188 16.89054680 189 93 81
245762.28289795 3357593.50531006 16.80848503 75 76 78
245762.40454102 3357592.12628174 18.78981972 33 43 44
245761.25000000 3357593.40014648 16.85240746 96 98 95
245760.14685059 3357591.67999268 16.60030746 184 166 154
245759.37799072 3357592.29327393 18.40706635 118 109 112
245763.86431885 3357592.11315918 17.51066399 25 26 30
245759.60491943 3357592.76202393 16.95919800 25 26 30
245761.40350342 3357592.93847656 17.03591537 15 16 21
245763.27856445 3357591.76629639 16.61479378 199 131 122
245760.23876953 3357592.90545654 17.04468346 56 51 55
245760.48016357 3357591.89337158 17.59095955 187 68 87
245759.57348633 3357591.95184326 19.03005981 196 44 59
245764.03533936 3357591.83184814 18.92701340 150 69 68
245763.08685303 3357592.88995361 17.28963470 20 21 25
245762.63769531 3357592.13824463 18.06980705 38 43 46
245762.93646240 3357592.14221191 19.11940384 16 24 26
245760.89752197 3357591.86840820 17.21107101 246 185 192
245762.41735840 3357592.13006592 17.85495949 40 45 48
245759.13562012 3357592.48760986 16.98581314 106 111 115
245761.99981689 3357591.88134766 19.27134323 149 71 33
245760.51184082 3357591.87615967 17.16959763 219 87 100
245762.98907471 3357591.85168457 18.77569771 227 172 165
245759.29803467 3357592.19714355 18.68298721 108 17 32
245761.86437988 3357591.88360596 19.23230934 209 158 101
245761.84075928 3357593.45861816 16.78047180 48 50 49
245762.61193848 3357591.85162354 18.17436218 219 146 157
245761.09338379 3357592.31213379 18.06730080 27 31 34
245763.12713623 3357591.99774170 19.51862907 94 98 99
245762.50537109 3357591.85784912 19.01110268 170 110 82
245760.04370117 3357592.98309326 16.93439293 35 31 30
245761.55609131 3357591.85375977 18.35432243 233 168 176
245760.23266602 3357591.72888184 16.63767242 198 172 159
245763.52313232 3357592.16943359 17.62426949 39 43 46
245762.87274170 3357591.76818848 16.69732285 222 168 144
245763.34893799 3357592.17535400 18.48540115 31 36 40
245761.15582275 3357591.86999512 18.12509346 214 163 170
245763.48541260 3357592.07086182 19.47831345 35 36 40
245760.38195801 3357592.33612061 18.18119621 17 18 20
245760.08312988 3357593.12908936 17.05252838 114 35 41
245762.65832520 3357591.80584717 16.85641098 202 110 95
245759.38568115 3357592.01214600 19.24612617 195 46 65
245762.61340332 3357592.61499023 17.09338951 11 12 16
245759.78979492 3357591.93273926 18.77917480 246 161 168
245763.83068848 3357592.11871338 17.79038048 33 34 36
245761.95819092 3357592.63006592 17.11313438 13 14 18
245759.26452637 3357592.15527344 19.01973534 160 51 72
245761.32196045 3357591.65277100 16.58999825 207 203 192
245762.32135010 3357591.59991455 16.57989502 180 177 170
245763.00994873 3357592.69879150 17.31409264 36 36 38
245763.16009521 3357592.76446533 17.28194046 13 14 18
245763.16400146 3357591.82092285 17.45033455 167 90 106
245762.06250000 3357591.87292480 18.38780022 159 72 80
245764.03894043 3357591.82568359 17.68709564 118 47 53
