245958.93225098 3357668.97399902 14.09091473 87 103 30
245956.55346680 3357668.93280029 16.87303162 89 88 86
245955.82287598 3357666.91552734 14.18360424 46 65 9
245954.63287354 3357669.14300537 14.15616035 85 107 35
245956.37731934 3357669.48986816 18.59123802 140 142 139
245956.32635498 3357669.78906250 15.03049088 245 245 235
245957.64685059 3357667.24304199 14.13492680 67 92 27
245955.83227539 3357668.29248047 14.97646618 242 238 227
245954.92504883 3357667.08172607 14.06282902 112 97 74
245956.34881592 3357668.77508545 16.92290688 39 36 31
245956.66058350 3357670.09204102 14.61487865 125 131 129
245956.90136719 3357669.14227295 15.59036064 118 118 120
245957.01068115 3357668.79345703 18.13759422 111 111 111
245956.95367432 3357669.17413330 15.35268593 45 50 53
245956.73461914 3357669.31274414 18.16508102 27 25 28
245955.93341064 3357669.96301270 14.91818047 225 225 213
245955.52044678 3357667.98315430 14.24640656 222 227 205
245956.40649414 3357666.73883057 14.18070412 52 72 13
245957.10650635 3357668.67755127 16.42580795 55 57 56
245957.96716309 3357671.20739746 14.03080654 145 134 116
245956.59350586 3357666.64428711 14.17065048 91 91 31
245955.67401123 3357669.58813477 14.27277660 243 241 228
245957.13476563 3357669.36346436 16.31030083 23 23 21
245956.95574951 3357668.77337646 18.09329796 62 64 59
245955.44836426 3357669.92449951 14.13707829 97 106 43
245956.32421875 3357669.60546875 17.17227745 143 144 139
245956.97802734 3357667.29193115 14.17822838 54 81 14
245956.53912354 3357669.51416016 15.10017586 174 171 164
245957.14154053 3357671.78881836 13.98612785 102 112 51
245955.89916992 3357669.67138672 14.81726456 246 242 233
245956.58105469 3357668.13964844 14.96375275 233 233 223
245956.15917969 3357667.08203125 14.18267155 66 91 26
245958.67071533 3357671.22875977 13.97109127 118 123 91
245956.93609619 3357670.07781982 14.45933247 92 101 98
245956.74444580 3357669.26568604 15.41354847 121 125 126
245958.04620361 3357668.71258545 14.17411327 16 28 14
245957.01690674 3357669.15075684 15.36889172 45 50 53
245956.40069580 3357669.48864746 17.86030388 136 138 135
245956.42065430 3357669.44909668 17.98766899 43 48 44
245956.51623535 3357668.93048096 15.41492844 47 46 42
245956.50384521 3357669.49389648 18.17159081 128 127 125
245958.44226074 3357671.33050537 13.98712730 129 138 85
245956.70056152 3357671.46295166 14.09030533 109 104 64
245954.96221924 3357667.58276367 14.19298172 77 87 16
245956.40905762 3357669.10449219 18.39406395 183 184 179
245956.48583984 3357668.92736816 17.13576508 58 59 54
245958.53692627 3357669.39910889 14.11630154 20 37 19
245957.54907227 3357670.46948242 14.14134789 15 34 14
245955.10076904 3357668.45288086 14.16783142 87 109 37
245956.44281006 3357669.90429688 15.01931381 248 249 243
245957.88732910 3357670.08441162 14.16920567 24 40 27
245957.75122070 3357668.59039307 14.56660271 139 140 134
245956.43585205 3357669.44281006 16.43425369 116 115 111
245957.49993896 3357669.93603516 14.88826180 95 101 99
245958.87915039 3357669.68139648 14.07344818 22 37 8
245956.51580811 3357671.79705811 13.97881794 140 143 98
245957.62774658 3357671.75018311 13.95609665 122 120 108
245955.62579346 3357669.23699951 14.33037090 239 236 231
245956.81414795 3357667.34747314 14.17842865 76 101 33
245956.20520020 3357670.12310791 14.74835873 140 141 133
245956.14715576 3357670.13562012 14.70561409 145 148 139
245956.54931641 3357668.87164307 17.86431885 88 91 84
245957.01196289 3357668.91882324 18.46659279 57 57 55
245956.12207031 3357668.53277588 16.73985291 214 209 205
245957.78991699 3357671.79180908 13.95004082 133 126 108
245956.96594238 3357670.07385254 14.46204472 88 97 94
245955.22802734 3357670.81146240 14.11040497 103 108 44
245956.67474365 3357670.11706543 14.44740963 85 94 93
245957.02838135 3357669.07794189 18.28578949 33 37 38
245958.99200439 3357670.35070801 14.02649307 102 106 105
245956.21423340 3357668.67071533 17.49829674 127 126 122
245957.58709717 3357667.67102051 14.20940781 225 226 220
245956.63922119 3357668.78778076 15.25830936 151 152 147
245956.59289551 3357669.08502197 17.85389519 86 86 84
245957.71582031 3357668.23596191 14.65266037 135 131 128
245957.03265381 3357668.66223145 16.87156296 135 135 125
245956.35003662 3357669.64440918 17.01673126 37 37 35
245959.12207031 3357670.01666260 14.01851559 195 200 196
245959.08776855 3357669.64282227 14.05011272 27 41 18
245955.80413818 3357670.25280762 14.31140137 226 220 204
245957.12811279 3357670.34545898 14.12678909 18 35 17
245954.52563477 3357669.84558105 14.10854149 238 218 181
245955.71343994 3357667.55926514 14.22767258 89 115 42
245957.47583008 3357671.87725830 13.96282482 133 126 110
245956.36627197 3357669.52014160 18.25307846 119 121 118
245956.92401123 3357668.66326904 15.54597282 90 85 82
245956.45196533 3357669.37725830 17.86944199 25 27 22
245955.09295654 3357667.97656250 14.19626904 71 94 22
245956.14886475 3357668.51904297 18.70367241 125 128 121
245956.71966553 3357668.79003906 18.25309944 63 65 60
245957.08746338 3357669.18878174 15.62521648 100 99 95
245956.80743408 3357669.23449707 17.16186142 36 38 37
245957.31549072 3357669.42364502 16.05236626 215 215 213
245957.19335938 3357668.45397949 17.74773598 120 122 117
245957.52966309 3357667.71112061 14.26961040 252 253 248
245956.42639160 3357668.83374023 17.92237854 157 157 149
245956.33062744 3357668.75640869 15.76821518 180 179 175
245955.71203613 3357668.64208984 14.84443283 249 242 234
245956.55706787 3357669.51312256 17.05620384 205 204 202
245954.81188965 3357668.14501953 14.19209480 79 108 28
245957.74804688 3357668.51062012 14.56150532 143 144 139
245956.53894043 3357669.44964600 16.59919167 27 31 30
245957.72216797 3357668.55108643 14.92535591 156 155 150
245957.03680420 3357668.88751221 16.06709099 59 59 57
245956.32128906 3357668.07342529 14.83567715 239 239 229
245956.98272705 3357669.08471680 18.10225677 27 31 32
245955.74975586 3357670.08038330 14.24498940 231 225 209
245956.87182617 3357669.28247070 18.16054344 55 53 56
245955.57043457 3357668.74224854 14.37777710 235 233 221
245956.86395264 3357671.26940918 14.13801861 77 102 21
245957.85870361 3357667.44256592 14.11670017 69 92 20
245957.49902344 3357669.98028564 14.47945499 87 93 93
245955.44317627 3357668.40002441 14.22133350 206 209 178
245957.45098877 3357671.72888184 13.97279072 140 142 105
245957.31542969 3357669.46520996 16.89304161 48 38 36
245955.90710449 3357668.02722168 14.49411106 240 238 225
245957.94116211 3357668.83123779 14.22706318 26 35 32
245957.07202148 3357669.06463623 15.44396877 43 48 54
245956.45422363 3357668.82019043 15.25866985 148 149 143
245955.67150879 3357669.48876953 14.29853821 236 234 219
245955.88836670 3357667.62377930 14.22007465 76 100 24
245956.82293701 3357670.34411621 14.14967346 22 40 24
245956.77600098 3357669.14337158 17.54539490 22 21 19
245954.62841797 3357667.77752686 14.15254307 230 208 167
245955.66522217 3357669.32556152 14.39815331 241 237 234
245956.46643066 3357669.30023193 16.70021629 146 142 139
245957.35382080 3357667.98773193 14.93991280 250 248 235
245957.76141357 3357668.76062012 14.68431187 123 124 118
245956.69427490 3357669.32299805 18.14184380 61 61 63
245957.62115479 3357669.10681152 15.02348137 137 143 143
245956.84039307 3357668.73944092 16.02415085 36 36 38
245956.85461426 3357669.18048096 17.77440453 42 44 43
245957.17858887 3357669.27801514 15.76478767 24 25 19
245958.18609619 3357668.83953857 14.14695263 21 34 17
245957.25378418 3357667.77624512 14.31905746 255 255 243
245957.01055908 3357669.06585693 16.48862076 39 41 38
245956.84204102 3357669.16540527 15.51477623 60 64 65
245957.78869629 3357671.70611572 13.95318604 140 139 108
245956.41217041 3357668.83013916 16.33600235 58 55 48
245958.27825928 3357669.70880127 14.14190292 14 26 12
245957.17553711 3357668.82690430 15.18842316 69 79 81
245956.40625000 3357670.24060059 14.23969746 48 61 51
245957.43646240 3357669.99780273 14.45580196 81 85 84
245957.66369629 3357669.28448486 14.98316860 145 149 150
245956.99688721 3357669.29571533 17.94981194 65 63 66
245955.75512695 3357667.09069824 14.20100689 62 87 22
245958.32531738 3357670.98229980 14.04890633 175 157 143
245954.83990479 3357670.23699951 14.13570309 162 142 105
245957.00537109 3357670.71160889 14.16513538 101 131 69
245956.88806152 3357669.80920410 15.04604149 251 250 248
245956.29455566 3357670.20239258 14.29222679 123 130 123
245955.69085693 3357668.03765869 14.38994884 250 247 238
245956.18554688 3357668.63165283 17.11570549 124 122 123
245957.60833740 3357667.98828125 14.94760799 229 229 221
245955.22851563 3357667.13201904 14.15122318 187 176 122
245957.69738770 3357669.61474609 14.95256710 157 163 159
245957.15563965 3357668.60339355 16.63381767 31 37 27
245955.75427246 3357668.72937012 14.88860703 249 242 234
245956.36596680 3357668.67840576 16.82660294 35 30 27
245957.21636963 3357669.35089111 15.94943810 32 33 28
245955.74127197 3357668.38830566 14.92109585 249 242 232
245955.58605957 3357670.67541504 14.16745567 75 96 17
245955.57885742 3357669.40093994 14.16549873 135 145 108
245955.59832764 3357669.24914551 14.27809048 238 238 226
245957.98095703 3357669.95996094 14.22729683 119 134 131
245955.77502441 3357667.74993896 14.23364067 77 105 30
245956.71008301 3357666.69616699 14.18317986 66 84 26
245958.32995605 3357669.84100342 14.12293434 15 28 11
245956.73773193 3357669.30487061 17.18547058 58 58 58
245957.04608154 3357667.95422363 14.79332066 237 237 227
245957.01666260 3357668.52709961 17.29865074 93 92 90
245957.55938721 3357669.66387939 16.35908699 134 126 123
245956.49914551 3357668.93768311 17.16898727 20 21 16
245956.77319336 3357669.20599365 17.94672203 36 36 36
245956.95690918 3357668.73394775 15.65842915 132 132 124
245956.66906738 3357668.81353760 17.25687599 54 53 51
245957.06860352 3357667.80200195 14.33568954 253 254 240
245957.90960693 3357667.35028076 14.12118626 58 83 15
245957.86840820 3357670.58996582 14.12710476 41 57 12
245956.03930664 3357670.19366455 14.45789242 168 170 159
245956.29498291 3357671.37384033 14.09479618 110 111 51
245957.05157471 3357669.26062012 18.29872704 111 110 106
245957.14984131 3357670.74652100 14.16503048 82 111 44
245956.94989014 3357667.98046875 14.83736134 235 235 225
245956.98132324 3357669.46191406 15.13159561 31 36 40
245956.67651367 3357669.40026855 16.93333626 73 75 74
245957.56402588 3357667.01629639 14.15497971 65 91 26
245957.34533691 3357667.79821777 14.40238667 251 253 240
245957.70013428 3357667.51135254 14.11748791 82 99 31
245956.96594238 3357667.95208740 14.74814606 238 238 230
245957.43469238 3357671.34680176 14.07174873 130 126 78
245955.49578857 3357670.54376221 14.15687466 91 112 33
245957.25207520 3357668.48266602 17.93610954 106 107 102
245956.62463379 3357669.22003174 18.46049690 167 166 164
245956.30395508 3357668.83929443 18.39705467 164 161 156
245955.34405518 3357668.87243652 14.13078594 71 92 27
245957.11846924 3357668.66973877 16.51445007 40 40 38
245956.50079346 3357669.43023682 15.94094944 43 48 44
245957.17547607 3357670.54589844 14.14835453 11 32 1
245957.80944824 3357669.43975830 14.91259575 145 149 148
245958.95397949 3357670.83691406 13.95220661 121 131 104
245956.43933105 3357668.83374023 16.86274719 73 74 69
245956.98632813 3357668.87213135 17.05836678 36 37 32
245956.61566162 3357670.09368896 14.63765144 122 128 124
245957.80749512 3357667.91333008 14.23768139 84 89 83
245956.30682373 3357669.56317139 16.84459496 148 150 147
245956.18762207 3357668.76977539 15.01110840 202 202 192
245956.22052002 3357667.86572266 14.23047543 194 198 173
245954.55920410 3357668.30712891 14.17697906 88 102 25
245956.30303955 3357668.71148682 16.07694817 171 168 161
245956.79656982 3357671.97924805 13.96460152 212 205 186
245956.57598877 3357668.23297119 14.99860954 239 239 229
245956.35003662 3357668.03662109 14.71852779 235 237 224
245957.40570068 3357667.83544922 14.54561043 254 255 245
245956.77349854 3357668.74291992 16.31404877 35 35 37
245956.62274170 3357670.06585693 14.80730534 106 113 106
245956.23046875 3357668.67260742 18.26689720 181 181 179
245957.68469238 3357670.12005615 14.19013023 35 45 36
245955.65374756 3357668.72668457 14.70709705 231 227 216
245955.79956055 3357669.80609131 14.54613590 242 239 230
245957.85357666 3357669.38909912 14.71709538 129 129 127
245955.87335205 3357669.84320068 14.80165863 245 245 237
245956.43408203 3357668.78485107 17.96436501 130 130 122
245957.14477539 3357669.34539795 16.62754822 35 35 33
245956.48022461 3357669.35052490 16.93129730 32 31 27
245957.11614990 3357672.10601807 13.95997906 208 191 184
245957.17877197 3357671.56994629 14.04074574 187 169 145
245956.67193604 3357668.89160156 18.44437599 160 159 154
245955.84106445 3357668.17431641 14.92387390 248 246 234
245956.98931885 3357668.87506104 17.18213654 61 62 57
245956.25714111 3357668.63000488 15.99814129 151 148 141
245958.48059082 3357670.85321045 14.03948879 85 85 83
245956.03887939 3357668.30535889 18.30824661 105 100 96
245956.44116211 3357669.40625000 17.47670746 116 116 114
245956.41265869 3357669.41375732 17.75317574 141 141 139
245959.02984619 3357670.46441650 14.00737286 28 45 27
245955.65014648 3357669.01055908 14.58114624 237 233 224
245956.22686768 3357668.70343018 17.54107475 116 115 110
245957.52941895 3357671.86743164 13.95583248 144 138 124
245957.69470215 3357670.20611572 14.15351105 13 26 9
245957.13824463 3357668.59051514 17.27837372 52 48 47
245957.10949707 3357668.65069580 17.44307709 61 58 53
245956.74096680 3357669.31274414 18.34059715 87 81 83
245957.51196289 3357669.90386963 14.92127419 150 156 154
245958.09136963 3357669.16857910 14.17562771 13 22 17
245956.23339844 3357670.11621094 14.77311802 137 140 131
245957.42858887 3357667.90319824 14.79014778 252 252 242
245957.14624023 3357668.55694580 17.01161766 60 54 56
245957.58892822 3357671.43255615 14.02629089 229 211 189
245957.85412598 3357667.68261719 14.16076851 66 79 33
245955.41375732 3357667.03765869 14.16107082 123 118 50
245956.52258301 3357669.26428223 15.90452671 155 154 149
245957.25109863 3357669.43231201 18.51842499 86 87 82
245955.25384521 3357668.24890137 14.17766953 101 123 50
245956.97528076 3357668.91156006 17.03450394 37 38 33
245956.53729248 3357671.48748779 14.06467342 117 113 76
245956.75073242 3357669.20312500 15.62873554 73 73 73
245957.19409180 3357668.49877930 17.30268097 157 150 144
245956.94805908 3357668.81213379 18.01279640 47 49 44
245956.16357422 3357668.61022949 17.91571045 75 68 62
245956.95214844 3357668.68060303 18.40408707 103 104 99
245957.18719482 3357666.78265381 14.18476200 58 79 23
245956.62207031 3357671.73907471 13.98082733 144 149 108
245954.89074707 3357667.39404297 14.14240265 228 206 169
245955.25384521 3357667.67907715 14.19013309 83 106 34
245956.49481201 3357668.99725342 18.12415695 86 87 82
245957.09191895 3357668.58795166 17.69446564 92 92 90
245956.45074463 3357668.74456787 18.52396393 105 100 97
245956.96990967 3357668.79211426 16.97809982 130 131 125
245958.37518311 3357668.08941650 14.13534069 71 92 27
245956.53063965 3357669.25622559 16.75469589 75 71 70
245957.25292969 3357669.42785645 16.99852371 31 33 30
245957.26403809 3357670.18981934 14.14821815 12 28 15
245956.38415527 3357669.53045654 18.59893608 127 129 128
245955.21746826 3357670.94543457 14.07650089 213 191 152
245957.64898682 3357669.63183594 14.95251560 170 180 172
245956.98730469 3357669.11053467 18.12283707 27 31 32
245956.10314941 3357668.51934814 16.78338051 217 214 209
245956.65045166 3357669.10687256 15.65770912 44 45 40
245957.84143066 3357667.51538086 14.11216545 64 85 18
245956.78363037 3357669.28735352 18.35377884 78 74 75
245958.48760986 3357671.21691895 14.00024605 100 111 53
245955.53735352 3357669.94995117 14.12638378 97 113 42
245956.74218750 3357668.27349854 15.00749111 231 231 221
245956.29284668 3357668.76092529 17.11662865 114 114 112
245959.10162354 3357669.37579346 14.07795334 32 49 4
245956.22235107 3357668.66595459 17.24062538 148 148 146
245954.83154297 3357667.73126221 14.18802643 85 97 21
245957.85675049 3357669.85437012 14.64367771 127 134 127
245955.93505859 3357668.36602783 18.08844376 120 119 114
245957.32904053 3357669.45898438 16.73482704 2 1 0
245957.75372314 3357668.31066895 14.40610218 145 146 141
245956.44921875 3357668.83752441 17.62630844 107 107 105
245955.97692871 3357670.15881348 14.65689945 171 169 156
245957.03674316 3357668.64593506 15.96488762 120 124 125
245955.14550781 3357667.35882568 14.15829277 41 47 0
245956.34796143 3357668.64837646 16.24149323 184 182 183
245956.72955322 3357668.57250977 15.11874962 148 149 141
245955.02349854 3357670.08532715 14.13644409 184 165 133
245957.41680908 3357670.06652832 14.29746342 68 79 75
245954.66571045 3357669.69238281 14.13839531 88 99 31
245958.19989014 3357671.51428223 13.96355343 116 123 79
245957.20983887 3357672.13000488 13.95726585 200 186 177
245958.20983887 3357668.98364258 14.15174007 16 28 14
245956.25158691 3357668.03186035 14.65148449 236 236 224
245957.78314209 3357667.71783447 14.20050716 94 98 83
245957.36267090 3357668.37536621 18.09272766 82 84 79
245955.07580566 3357669.30664063 14.12626648 111 125 63
245957.01373291 3357669.32928467 18.38759422 105 104 102
245959.26599121 3357670.08660889 13.99770164 64 74 63
245956.40942383 3357669.40295410 16.89833832 159 157 158
245956.51306152 3357669.14910889 18.14312935 135 137 132
245956.30804443 3357669.69268799 18.29453278 161 166 162
245955.47222900 3357669.27313232 14.15036392 106 117 59
245958.06774902 3357669.23455811 14.20420837 14 23 18
245956.82690430 3357669.26416016 16.40305519 52 52 52
245957.10137939 3357669.39044189 17.89866638 90 87 82
245956.65106201 3357667.16552734 14.15264988 120 134 73
245956.98388672 3357669.01348877 18.06506920 31 32 34
245955.09552002 3357668.09564209 14.18882179 75 98 26
245955.40460205 3357668.11914063 14.19961166 224 226 204
245957.49353027 3357667.80529785 14.46639347 254 255 247
245955.84350586 3357670.86584473 14.16759109 93 124 31
245955.77117920 3357670.86712646 14.17277336 80 111 18
245956.66326904 3357669.76574707 15.11181736 253 254 240
245956.09246826 3357670.71734619 14.15817070 88 118 32
245957.17175293 3357666.89538574 14.18335533 58 79 23
245956.88995361 3357668.70660400 17.15381622 140 135 139
245956.58050537 3357669.40600586 15.56835270 60 64 65
245956.42938232 3357670.65209961 14.13288689 101 128 47
245956.53814697 3357670.09466553 14.68877506 116 118 113
245955.13122559 3357669.96063232 14.14504719 209 187 163
245956.85302734 3357669.21893311 15.99065208 50 51 53
245956.56536865 3357669.38433838 15.78085518 55 55 55
245956.41040039 3357670.90081787 14.12810898 90 126 30
245954.83648682 3357667.78399658 14.18992901 90 107 29
245957.05664063 3357669.09429932 18.37719917 55 55 55
245955.62341309 3357669.06854248 14.40569782 220 216 215
245956.64196777 3357668.87463379 18.08228493 60 62 59
245956.50878906 3357669.08093262 16.46722794 161 160 156
245956.46765137 3357670.74798584 14.14004993 82 117 25
245957.13818359 3357671.40100098 14.09045315 134 132 81
245955.46868896 3357669.60314941 14.13908958 87 103 32
245955.23638916 3357667.85162354 14.20115948 74 98 24
245957.13861084 3357669.28479004 16.85190582 129 133 136
245955.92010498 3357670.19946289 14.49626064 155 155 143
245956.53588867 3357668.86346436 17.79681969 56 56 54
245956.60180664 3357669.39276123 18.13313103 176 174 177
245956.63476563 3357667.46209717 14.17876148 84 107 39
245957.02886963 3357669.27307129 18.15674210 143 144 139
245955.06640625 3357668.73339844 14.14736176 72 94 19
245956.46343994 3357669.13415527 18.24838066 157 159 154
245956.38146973 3357668.81127930 16.15624619 80 79 74
245956.47332764 3357669.40710449 17.12569427 80 80 78
245957.98822021 3357668.50476074 14.17798042 19 29 20
245956.58215332 3357667.01226807 14.15143013 92 105 52
245956.72735596 3357670.08422852 14.61504841 108 112 111
245956.21600342 3357668.60614014 17.85723305 87 86 82
245957.87457275 3357669.51910400 14.67500114 113 115 112
245956.52880859 3357669.21423340 15.30556393 184 181 174
245955.45446777 3357667.58551025 14.19593811 86 108 36
245955.57934570 3357666.88073730 14.14827919 200 183 129
245957.94873047 3357668.94421387 14.22364330 26 37 31
245954.49322510 3357669.40515137 14.12827110 91 92 32
245954.97357178 3357669.35253906 14.13773251 77 94 26
245957.31579590 3357669.53369141 18.22155571 68 48 49
245956.53204346 3357667.38348389 14.15551853 65 84 18
245956.41986084 3357668.73522949 18.24170113 214 207 201
245956.87255859 3357669.84106445 15.03414631 250 251 246
245957.06195068 3357668.70587158 16.26677322 63 63 61
245955.49584961 3357667.91436768 14.23131466 138 148 113
245957.83868408 3357669.20422363 14.66159344 135 135 133
245954.73706055 3357668.93011475 14.18005848 81 103 30
245956.63867188 3357669.01959229 17.51116562 107 108 103
245957.09881592 3357669.33398438 16.54170990 37 37 37
245955.96868896 3357668.29748535 18.33176231 139 134 128
245956.02148438 3357668.43725586 17.89686966 57 46 40
245955.81634521 3357669.53240967 14.79316139 247 244 235
245955.64093018 3357669.43615723 14.25260735 236 237 219
245957.04931641 3357668.78106689 16.15192795 62 62 62
245956.33776855 3357668.63043213 17.12201309 84 75 76
245956.63055420 3357669.73687744 15.09047222 254 252 240
245957.06536865 3357669.19445801 18.36990929 112 112 110
245957.98504639 3357669.63946533 14.35047340 126 131 127
245956.54187012 3357668.71166992 16.27247620 68 70 67
245956.06188965 3357669.38830566 14.99392414 233 231 219
245956.88110352 3357669.17718506 17.71554756 45 47 46
245957.32659912 3357668.28796387 18.21190834 136 138 133
245956.96173096 3357667.63769531 14.17640591 87 115 41
245957.35986328 3357667.40557861 14.16595936 68 98 26
245955.92321777 3357669.70135498 14.84590721 246 242 233
245955.73669434 3357670.92291260 14.17643547 73 99 12
245956.34130859 3357668.74597168 17.75589180 61 60 55
245958.07196045 3357669.65319824 14.25429726 19 28 23
245956.73138428 3357667.97900391 14.71644783 236 236 228
245956.90509033 3357668.65368652 15.57329464 98 100 97
245954.75140381 3357667.52032471 14.14603329 202 184 134
245955.89526367 3357670.02404785 14.80314827 233 235 222
245957.08062744 3357668.74511719 15.24483776 112 118 118
245956.94488525 3357669.19348145 16.90240860 131 132 126
245957.12371826 3357669.29779053 16.74240494 51 51 51
245956.86267090 3357667.10595703 14.17062950 59 84 18
245956.63641357 3357669.33581543 15.57830048 48 54 54
245957.67706299 3357669.68780518 14.94929790 151 160 157
245956.44372559 3357668.84155273 18.12810516 153 150 143
245957.94439697 3357668.21948242 14.19199276 25 35 24
245957.06744385 3357668.46972656 14.98148537 239 233 219
245957.45275879 3357670.25616455 14.16503143 10 28 14
245956.27130127 3357669.32794189 15.03587914 195 196 188
245957.41308594 3357669.53692627 16.52136421 206 199 191
245957.77716064 3357668.56231689 14.44910336 147 148 143
245956.59655762 3357669.07189941 17.84350967 86 86 84
245956.26043701 3357669.96777344 14.98049545 244 244 234
245957.01849365 3357669.33398438 18.31463051 71 70 68
245955.98004150 3357670.89129639 14.15563774 73 98 6
245957.44708252 3357669.56353760 16.45428658 145 138 132
245956.19757080 3357668.66058350 17.74255371 95 91 82
245957.31317139 3357669.37646484 16.03026009 115 110 104
245956.82507324 3357668.70733643 18.42208862 46 47 41
245954.96643066 3357669.46514893 14.13828468 120 128 69
245957.82421875 3357669.34271240 14.89238930 137 141 140
245958.36859131 3357669.96948242 14.10581970 18 31 14
245955.78912354 3357669.39916992 14.78628063 239 236 227
245954.84643555 3357668.66632080 14.16039848 73 95 23
245956.55676270 3357669.28857422 17.57396889 130 129 127
245956.43927002 3357671.04583740 14.12619781 108 138 48
245957.39221191 3357669.82324219 14.94937706 178 190 190
245955.46099854 3357668.54968262 14.19254971 179 184 152
245956.94958496 3357669.21490479 18.43478203 44 44 42
245956.50451660 3357668.96160889 15.86867142 125 125 123
245956.91558838 3357669.29663086 18.26293755 92 90 93
245956.41308594 3357669.59631348 17.35476875 28 28 28
245955.82342529 3357667.29089355 14.20765400 73 98 32
245958.17132568 3357670.85852051 14.07699680 77 93 48
245957.37280273 3357671.20397949 14.10304070 111 133 60
245956.08306885 3357668.52154541 17.77627563 121 112 107
245956.98052979 3357668.82714844 16.71082497 119 121 116
245954.84942627 3357669.77313232 14.13826942 198 177 148
245956.60980225 3357669.19604492 17.48565865 117 117 115
245956.62817383 3357667.91076660 14.43160915 251 250 232
245956.30456543 3357668.64898682 16.59792137 123 118 114
245956.51428223 3357668.69921875 15.15103245 169 170 164
245956.85937500 3357669.27020264 18.11275291 50 48 51
245955.91882324 3357670.91430664 14.15830994 87 113 22
245956.37945557 3357668.58081055 18.65051842 114 113 111
245957.15679932 3357669.09063721 15.24986744 55 65 67
245956.25775146 3357670.30487061 14.18682098 30 47 29
245955.34027100 3357669.01831055 14.10639000 86 108 36
245955.79138184 3357667.63336182 14.22662067 69 95 24
245955.46948242 3357666.92810059 14.14702702 222 200 151
245954.91436768 3357669.09161377 14.15653419 80 101 32
245956.38970947 3357669.49652100 15.04345798 217 214 207
245956.18927002 3357668.57989502 17.10830879 115 114 112
245956.93518066 3357669.70031738 15.05159855 254 255 255
245957.14929199 3357671.77301025 13.99004459 104 115 55
245956.48669434 3357668.88665771 15.62956333 77 74 67
245957.43829346 3357669.58410645 18.52899170 47 47 45
245957.54998779 3357671.98516846 13.94842434 207 203 191
245957.77978516 3357669.05255127 14.84883976 101 101 99
245956.79309082 3357669.24475098 16.81151390 41 43 42
245957.00720215 3357668.72515869 17.08956909 52 53 47
245954.73205566 3357669.29882813 14.15023041 97 120 52
245955.24829102 3357670.04003906 14.13088036 176 169 125
245957.15270996 3357668.94244385 15.26447392 70 81 87
245956.49121094 3357669.20953369 16.31167221 79 74 70
245956.55279541 3357669.17718506 16.66276360 54 53 48
245955.99310303 3357670.22143555 14.38438034 155 157 144
245957.01226807 3357668.67388916 18.47771645 170 171 166
245955.29254150 3357669.90618896 14.13471222 182 168 131
245955.33410645 3357667.48345947 14.18088913 76 99 27
245956.91003418 3357666.87036133 14.20298576 57 81 23
245957.75134277 3357670.51324463 14.13344955 23 38 7
245956.50671387 3357669.13983154 16.27076340 101 97 94
245956.07165527 3357668.42279053 18.08995819 55 52 47
245957.61499023 3357669.33404541 14.98758221 143 152 151
245956.57244873 3357668.79772949 17.46158791 127 127 129
245956.51989746 3357671.14190674 14.12853050 119 143 55
245956.49157715 3357669.37567139 17.05602455 56 55 53
245956.53125000 3357669.45727539 16.63570786 25 29 28
245957.38800049 3357668.30755615 14.96011257 253 247 233
245957.23315430 3357669.25012207 15.90914726 34 29 25
245956.05364990 3357668.44445801 18.00970078 56 51 45
245957.11816406 3357668.59478760 17.06630707 56 51 48
245957.88635254 3357669.35040283 14.53612900 131 133 130
245954.56115723 3357669.30047607 14.13857460 86 104 30
245957.30895996 3357670.57312012 14.15566921 55 72 30
245957.02264404 3357669.10748291 18.26428604 42 46 47
245955.58532715 3357667.67407227 14.21511173 81 105 29
245954.64276123 3357669.02172852 14.16591549 77 99 27
245957.04663086 3357668.42309570 14.97925663 238 234 222
245955.71667480 3357668.18530273 14.77082253 255 252 243
245956.39080811 3357669.31048584 15.13190651 143 143 135
245957.32031250 3357668.37695313 18.15051079 104 108 107
245957.01989746 3357669.25988770 18.12636566 116 118 115
245957.44006348 3357669.99176025 14.48361015 73 77 76
245957.20483398 3357669.46435547 18.25162506 176 167 162
245956.53155518 3357668.67480469 18.42342949 120 119 115
245958.63323975 3357669.91156006 14.08249569 14 30 3
245956.49542236 3357669.00842285 16.41671753 142 138 135
245956.70562744 3357669.28161621 16.46206474 13 17 18
245956.28790283 3357669.55578613 18.58712769 162 164 161
245957.21368408 3357668.51373291 17.65471458 144 135 130
245955.71350098 3357667.15667725 14.20665359 59 86 19
245957.55804443 3357670.78393555 14.13226223 27 42 1
245957.22552490 3357668.41674805 17.77524376 99 101 96
245958.72045898 3357668.73565674 14.11050415 67 81 28
245956.57482910 3357671.85693359 13.96623993 164 159 129
245955.74792480 3357670.16247559 14.24493790 243 239 228
245956.44696045 3357669.27368164 16.48925400 187 184 177
245956.73522949 3357669.28277588 17.22979546 52 52 52
245956.05346680 3357667.36877441 14.19931316 96 120 46
245956.56805420 3357668.95855713 17.39982224 59 58 54
245957.82000732 3357668.90002441 14.48209286 100 100 98
245956.44659424 3357668.91198730 18.11128235 182 184 179
245955.75244141 3357669.78295898 14.38491154 221 222 208
245957.07293701 3357669.35900879 17.94029045 75 76 78
245955.40228271 3357667.55279541 14.18973446 81 103 31
245958.93682861 3357670.74700928 13.97217846 40 54 29
245956.65240479 3357669.11877441 17.14674377 91 91 91
245955.17596436 3357667.28540039 14.15934849 55 62 10
245957.85046387 3357667.67926025 14.15867233 70 80 45
245957.17645264 3357669.93078613 14.92214489 140 150 149
245956.87365723 3357669.15039063 15.64003277 118 118 120
245957.06018066 3357669.11633301 15.58188820 41 42 44
245955.40692139 3357666.88513184 14.12094784 233 207 174
245957.12512207 3357668.52789307 17.57610321 116 117 112
245956.64752197 3357667.54565430 14.18350697 81 107 36
245955.84674072 3357668.04882813 14.54355240 248 248 236
245956.48065186 3357668.86773682 16.86522293 80 80 78
245956.48608398 3357666.88140869 14.17318344 63 84 27
245956.45745850 3357669.64337158 18.43024445 22 21 17
245956.23309326 3357668.60803223 16.17865372 119 116 111
245955.73986816 3357669.21075439 14.74184704 243 241 229
245957.38085938 3357671.83270264 13.98482132 152 147 118
245956.64996338 3357669.25128174 17.92386436 141 139 142
245957.20086670 3357668.44293213 14.96633244 243 235 224
245956.70544434 3357669.41552734 15.23704243 89 95 95
245955.93218994 3357668.40417480 18.44714165 183 179 176
245955.66394043 3357668.15161133 14.62511730 254 252 240
245957.26690674 3357671.23071289 14.10809898 98 122 44
245956.50390625 3357669.06115723 16.37876701 153 149 146
245955.32611084 3357670.13519287 14.13244152 95 106 37
245956.59356689 3357668.93365479 17.66261673 143 143 141
245955.94415283 3357667.22119141 14.19840431 71 94 26
245956.68884277 3357670.76416016 14.17082214 90 118 34
245956.59777832 3357669.14569092 16.69775391 64 65 60
245955.42437744 3357668.01794434 14.20277023 237 241 214
245957.47808838 3357667.60363770 14.13771534 74 94 35
245957.15386963 3357668.61175537 17.75591469 34 34 32
245956.48211670 3357668.94439697 16.38312721 37 33 30
245956.55462646 3357668.92602539 15.59065723 142 138 137
245956.18212891 3357667.93023682 14.33274078 249 247 235
245956.66778564 3357668.83062744 17.55545616 92 92 92
245957.35308838 3357669.46417236 16.26065063 222 213 206
245956.74237061 3357667.88836670 14.41751862 245 243 230
245954.57727051 3357668.99877930 14.16154480 78 98 26
245956.65191650 3357668.84362793 15.69262218 114 113 111
245958.16540527 3357669.06652832 14.15580845 19 31 19
245956.14318848 3357668.55151367 18.02066994 200 199 195
245956.51019287 3357669.35498047 17.38340187 114 114 112
245958.01745605 3357671.28546143 14.00791836 194 175 168
245955.30145264 3357669.77551270 14.13634872 196 182 143
245956.58062744 3357668.69671631 18.42218399 178 176 177
245954.56280518 3357668.27020264 14.17504120 86 98 22
245956.67498779 3357670.09197998 14.60483265 119 123 122
245956.69879150 3357670.89483643 14.18359566 124 154 64
245957.06536865 3357670.28594971 14.12430000 19 36 20
245955.48797607 3357668.25573730 14.30713463 252 252 242
245955.87377930 3357670.54266357 14.15723228 87 114 43
245957.18640137 3357668.47979736 17.69148254 124 125 120
245956.56488037 3357668.78112793 15.87993336 142 138 139
245954.67205811 3357670.21166992 14.10497952 197 175 136
245958.29913330 3357669.01153564 14.14839745 19 32 15
245956.87908936 3357669.24212646 16.28243637 35 33 34
245955.34954834 3357669.44696045 14.13239861 108 114 50
245957.03582764 3357668.70062256 17.75502586 108 108 108
245956.21093750 3357668.51354980 18.74025154 75 75 67
245957.32507324 3357669.54522705 18.14121819 103 87 87
245956.50268555 3357669.13269043 16.21165085 170 166 163
245958.09149170 3357667.99676514 14.15008736 65 78 32
245957.27001953 3357671.14703369 14.12226486 103 128 45
245957.52136230 3357667.41809082 14.14753246 59 82 14
245955.52490234 3357666.89575195 14.14458179 217 195 146
245957.00128174 3357669.24072266 18.05223083 105 107 106
245956.96325684 3357669.47808838 15.13020992 31 36 40
245957.91223145 3357670.99652100 14.08435631 72 93 26
245956.15338135 3357667.82818604 14.21440792 97 107 70
245956.96423340 3357670.76678467 14.17079830 91 122 46
245955.54663086 3357668.26281738 14.48510742 253 253 245
245955.36322021 3357667.81567383 14.20052338 69 90 21
245955.28411865 3357668.09033203 14.18783665 91 112 43
245956.56915283 3357666.72308350 14.18685722 65 84 20
245956.98046875 3357669.19494629 17.00632286 55 55 55
245957.90264893 3357670.01373291 14.20719528 74 90 80
245956.95953369 3357669.26556396 16.18368721 25 29 30
245956.94207764 3357670.01239014 14.85932064 108 108 106
245957.32061768 3357669.44342041 16.39271736 215 208 200
245956.78759766 3357669.71545410 15.09137344 187 178 171
245955.43988037 3357670.00482178 14.12541676 76 92 19
245956.25354004 3357668.76519775 18.46176338 172 168 167
245956.51037598 3357669.41510010 15.20280552 81 82 74
245956.11547852 3357668.55023193 18.13558960 177 181 182
245956.59259033 3357671.02905273 14.15494061 106 134 49
245956.00427246 3357670.15435791 14.66606522 169 170 156
245956.41967773 3357668.50390625 15.02348328 240 240 230
245956.18347168 3357668.06817627 14.74688625 246 246 234
245956.33361816 3357668.85394287 18.34060669 152 148 145
245955.95971680 3357667.12292480 14.19312859 68 93 25
245957.17553711 3357669.34252930 17.12656593 55 57 56
245956.33544922 3357668.74169922 16.36596107 190 185 179
245956.63909912 3357669.05822754 17.28379631 51 51 49
245954.88055420 3357667.48468018 14.16903496 170 160 99
245956.70721436 3357666.97412109 14.17593765 85 102 47
245957.95123291 3357670.04437256 14.16198540 72 89 81
245956.83850098 3357670.03961182 14.80187130 114 116 113
245956.69818115 3357669.33270264 18.33422279 86 82 83
245956.31829834 3357668.78106689 17.20685768 79 79 77
245956.49389648 3357669.02471924 16.24873734 148 144 141
245956.43249512 3357668.68957520 18.31431389 194 190 187
245957.10266113 3357669.31640625 15.99456501 30 30 30
245956.38531494 3357670.97882080 14.12283230 115 148 57
245957.72235107 3357667.04565430 14.13791275 69 90 25
245956.07958984 3357670.27069092 14.20180035 121 125 110
245956.29626465 3357670.38732910 14.14712238 13 28 5
245956.74157715 3357669.29455566 18.36252975 92 86 88
245956.17919922 3357668.60382080 16.72467613 212 205 197
245955.60302734 3357669.49176025 14.20468044 163 173 136
245956.20355225 3357668.68096924 18.36460495 114 114 112
245956.60943604 3357669.39447021 16.77212524 61 61 59
245956.31811523 3357669.50964355 18.61021996 176 178 175
245957.54742432 3357667.00836182 14.15742397 65 91 26
245957.23980713 3357667.59619141 14.16322803 68 94 23
245956.33764648 3357666.81042480 14.17984295 56 80 20
245956.31768799 3357669.48175049 16.87073708 154 154 156
245956.75878906 3357667.84069824 14.32077408 227 229 215
245954.68725586 3357669.42901611 14.13666439 87 114 37
245956.23144531 3357667.40240479 14.19142342 72 91 25
245955.76916504 3357669.20306396 14.83505630 243 241 229
245956.40185547 3357669.41296387 16.43030739 120 117 112
245957.07257080 3357668.64086914 16.32530212 100 100 98
245956.77282715 3357667.99578857 14.79775333 234 234 226
245954.66333008 3357669.87646484 14.13644505 176 163 118
245956.96044922 3357668.94641113 16.92230225 35 37 32
245956.42816162 3357670.22143555 14.25026512 62 74 64
245956.95050049 3357668.89599609 17.69441986 80 80 78
245957.02905273 3357670.19525146 14.17761707 40 56 46
245956.88372803 3357669.28381348 18.12365150 61 61 61
245956.61218262 3357669.26153564 18.45393372 173 172 170
245956.41064453 3357669.45477295 17.47072601 103 103 101
245956.25573730 3357668.67242432 18.11888313 185 186 181
245956.83880615 3357668.96624756 18.43881035 170 172 171
245955.86212158 3357667.61181641 14.22109699 75 99 25
245956.10449219 3357668.51300049 17.84141350 54 46 43
245956.25970459 3357671.55029297 14.02742100 168 161 135
245956.20800781 3357666.97802734 14.18020153 63 89 24
245956.12896729 3357668.52789307 16.22241402 52 47 41
245957.34399414 3357670.39837646 14.13948059 16 30 15
245956.96417236 3357667.87286377 14.48358059 249 251 237
245958.25891113 3357671.39318848 13.98207760 130 140 88
245956.83679199 3357669.28332520 18.33643341 62 58 59
245956.70501709 3357668.82427979 15.52676964 53 53 53
245957.78894043 3357669.98303223 14.32730389 97 106 101
245956.71490479 3357668.84350586 17.54828644 86 86 86
245955.48187256 3357670.91644287 14.14279556 110 133 42
245957.04833984 3357669.11865234 18.47267914 81 81 83
245956.36743164 3357668.76666260 16.41959381 123 114 107
245956.10272217 3357668.57806396 14.99613285 238 235 226
245955.38476563 3357667.01000977 14.15441036 196 177 121
245956.80303955 3357669.23669434 18.40840149 94 90 91
245957.38348389 3357671.86633301 13.97748756 150 142 119
245957.08276367 3357668.57775879 17.85840797 165 164 160
245957.17327881 3357669.47174072 18.18710327 176 169 163
245956.44421387 3357667.93823242 14.42576885 252 252 240
245956.54119873 3357668.88049316 15.47926807 100 100 100
245957.07342529 3357669.23730469 16.90046310 35 40 36
245955.55999756 3357668.02136230 14.27705669 253 253 243
245956.64044189 3357670.89105225 14.17355347 97 127 39
245957.92480469 3357669.47552490 14.48684311 120 120 118
245956.18865967 3357668.58465576 16.63494110 189 188 184
245957.94738770 3357668.95617676 14.22700024 46 57 51
245956.34936523 3357668.72937012 17.89064789 103 102 97
245957.48242188 3357668.24029541 14.96263790 253 251 238
245957.40606689 3357671.15454102 14.10853958 72 94 21
245956.35888672 3357668.03735352 14.72562790 239 239 229
245956.68164063 3357671.46124268 14.08894157 116 111 69
245956.95013428 3357668.38409424 14.99139881 238 236 224
245957.31127930 3357669.34460449 14.99768829 102 110 113
245955.77911377 3357670.36608887 14.18065929 127 138 80
245956.48114014 3357668.90625000 15.40195370 56 55 53
245956.64599609 3357669.13067627 17.05384445 37 36 34
245956.56665039 3357669.39636230 16.20859146 45 49 48
245956.26104736 3357667.80987549 14.20776367 84 98 45
245958.25170898 3357668.62115479 14.13954163 19 31 17
245956.47534180 3357670.01037598 14.99416542 252 253 245
245956.46514893 3357668.67694092 17.56920052 63 65 62
245957.82458496 3357668.93029785 14.48520374 135 134 132
245957.07696533 3357668.57745361 16.57570457 79 80 75
245956.15838623 3357667.44549561 14.19728565 62 84 12
245955.58868408 3357669.34600830 14.22468185 211 215 192
245956.99346924 3357669.16766357 18.11487198 30 31 33
245957.99420166 3357669.31488037 14.26568317 84 90 88
245955.62176514 3357667.17449951 14.19961834 77 105 31
245956.18231201 3357668.70330811 14.99321079 227 224 215
245957.03863525 3357669.29217529 16.00388718 28 30 29
245956.75518799 3357669.22790527 15.96162701 73 75 74
245956.29986572 3357668.64862061 15.97699261 137 136 132
245957.86688232 3357668.94873047 14.37876892 134 136 135
245956.45910645 3357669.57574463 16.97953796 36 36 34
245959.04339600 3357669.63500977 14.05572414 25 41 15
245955.55700684 3357669.21801758 14.18753242 166 170 143
245957.00604248 3357669.13354492 17.05411530 75 77 76
245956.46795654 3357669.59454346 18.35699081 150 148 149
245957.15344238 3357667.95385742 14.82710934 245 243 231
245955.97070313 3357667.90625000 14.25019550 225 230 208
245954.65844727 3357669.25213623 14.14904404 81 102 33
245954.58850098 3357668.83776855 14.17104149 78 101 23
245955.76965332 3357670.06140137 14.30276871 220 217 200
245956.29077148 3357668.58612061 17.18285370 70 70 68
245956.36224365 3357669.74993896 18.61575508 33 33 31
245954.60070801 3357668.51092529 14.17559910 74 97 15
245956.37457275 3357669.04199219 15.22547054 194 190 181
245957.73809814 3357668.41558838 14.62154675 157 156 152
245956.50372314 3357670.24340820 14.22408295 50 61 53
245956.39483643 3357668.83221436 16.12649536 70 69 64
245956.41534424 3357669.42156982 17.79988670 104 104 102
245956.55706787 3357668.23779297 14.99399853 239 239 229
245958.75030518 3357670.88275146 13.98254490 67 80 52
245957.29119873 3357668.37371826 18.14434433 103 105 104
245958.27093506 3357668.71838379 14.14055347 18 31 13
245957.12530518 3357667.24664307 14.17820454 60 85 19
245955.54394531 3357669.71087646 14.14602089 91 107 42
245956.73059082 3357669.22399902 15.78435135 80 80 80
245956.37316895 3357668.82434082 15.97566795 141 138 133
245957.65704346 3357668.03778076 14.82071590 155 156 148
245954.77380371 3357670.50018311 14.06605339 221 200 169
245955.25653076 3357670.60327148 14.13826752 108 130 48
245956.58941650 3357670.12579346 14.46296406 102 108 108
245956.12384033 3357668.52374268 17.01189804 137 137 129
245957.17510986 3357669.32672119 18.50176048 86 89 82
245957.78204346 3357669.90539551 14.68156910 129 134 130
245955.82318115 3357668.93560791 14.94840622 244 242 230
245957.36993408 3357667.34423828 14.16885567 63 90 23
245957.30859375 3357670.04644775 14.34548855 97 106 105
245957.40539551 3357669.56378174 14.96482182 157 157 157
245954.89923096 3357669.00555420 14.16208649 63 84 15
245958.28735352 3357668.89404297 14.14667320 21 34 17
245956.36059570 3357670.68078613 14.14009762 93 126 37
245956.01971436 3357668.45989990 15.00205421 248 245 236
245958.68621826 3357670.42333984 14.05836678 23 34 20
245957.38940430 3357669.48724365 17.03297615 77 74 69
245955.67950439 3357670.50939941 14.14915180 79 104 23
245956.28784180 3357668.75744629 17.12664795 100 100 98
245956.21099854 3357668.61688232 17.90032387 104 103 99
245956.39105225 3357670.47137451 14.14240074 15 35 0
245957.33898926 3357672.10974121 13.95301056 202 189 181
245956.21691895 3357668.67279053 16.92431831 97 92 86
245956.20007324 3357668.67132568 18.35547256 114 114 112
245959.02648926 3357669.30352783 14.08974361 73 91 15
245957.87164307 3357669.54852295 14.70175457 136 138 135
245956.43701172 3357670.12774658 14.59226513 112 113 108
245956.93835449 3357669.28381348 17.99511337 51 51 51
245956.48278809 3357669.03350830 18.48542404 153 153 145
245956.00622559 3357670.14477539 14.84201717 154 158 144
245955.79370117 3357667.28503418 14.20891666 73 98 32
245956.29949951 3357669.77447510 15.02491570 242 242 232
245955.86877441 3357671.36584473 14.07546616 219 198 167
245957.05206299 3357672.31933594 13.95482731 202 189 172
245954.97619629 3357670.07855225 14.14107227 169 150 120
245958.02325439 3357671.46343994 13.97731781 135 135 99
245956.82720947 3357669.24468994 16.88979721 33 33 33
245956.42254639 3357669.37469482 15.12528610 79 82 73
245957.78271484 3357670.46002197 14.13429165 25 35 11
245956.72766113 3357669.25225830 16.59881401 43 45 42
245954.86602783 3357669.66540527 14.13958073 195 176 144
245957.79095459 3357670.20257568 14.15608120 10 24 9
245956.52471924 3357670.54425049 14.15145588 86 104 52
245957.01184082 3357668.87322998 15.93900776 55 54 50
245958.53973389 3357668.25219727 14.12142658 76 94 32
245956.65332031 3357668.83898926 16.98004723 88 82 82
245956.96630859 3357670.07305908 14.46550941 88 97 94
245956.97180176 3357668.79986572 15.80729866 146 148 137
245954.61895752 3357668.72344971 14.17867851 89 112 34
245957.48376465 3357669.16387939 15.03653145 127 133 133
245956.46606445 3357668.68756104 16.39888763 84 84 82
245956.34283447 3357668.77874756 15.68245983 179 175 172
245955.34027100 3357668.23254395 14.18139935 103 117 56
245956.72180176 3357668.06805420 14.96225452 237 234 225
245956.32061768 3357669.60406494 16.82025528 78 78 76
245956.54083252 3357668.94635010 17.97179604 69 68 64
245956.02539063 3357668.13891602 14.91595650 247 244 235
245957.63323975 3357668.46606445 14.98326111 253 253 245
245955.85107422 3357669.37286377 14.91759682 249 247 235
245955.36871338 3357669.24493408 14.13543510 80 97 27
245955.83154297 3357668.03863525 14.50527096 251 251 239
245956.82305908 3357667.38055420 14.17965984 71 93 28
245958.82415771 3357669.53137207 14.08130264 66 81 40
245958.34954834 3357670.58557129 14.08180046 17 30 10
245955.50323486 3357668.25091553 14.35056877 252 252 242
245956.36877441 3357668.70892334 15.94568825 100 100 100
245956.25347900 3357671.17736816 14.14695072 80 106 15
245956.78967285 3357668.74523926 16.07586861 33 33 33
245954.74969482 3357669.30780029 14.15069199 97 120 52
245956.78411865 3357668.47363281 15.05581093 158 158 150
245958.60314941 3357670.45800781 14.06460857 22 35 17
245956.78112793 3357669.26171875 16.47582054 35 37 36
245954.74182129 3357668.88067627 14.18023968 85 107 34
245956.31634521 3357667.87652588 14.26917553 240 243 222
245956.59033203 3357672.01666260 13.96281052 180 172 151
245957.66833496 3357668.12445068 14.89544392 148 149 143
245957.86248779 3357669.82733154 14.67279053 120 127 120
245957.07067871 3357668.65838623 17.16921234 37 33 30
245956.97521973 3357669.09777832 16.62084198 47 49 46
245957.43994141 3357669.56268311 16.62451172 140 139 135
245957.13659668 3357668.56701660 17.01887512 60 54 56
245956.53063965 3357668.79064941 16.69329834 66 66 56
245956.11804199 3357666.72906494 14.17053604 85 81 18
245956.39288330 3357668.92309570 18.29120827 147 146 142
245956.04492188 3357671.28204346 14.12286472 104 112 55
245957.98242188 3357671.12750244 14.04739475 84 81 50
245954.56842041 3357668.28875732 14.17744064 86 98 22
245956.12115479 3357670.87170410 14.14686680 105 141 43
245957.22143555 3357668.48046875 17.38661766 218 209 204
245956.77935791 3357669.20703125 17.94841576 15 15 15
245957.45965576 3357669.56500244 16.27103806 67 56 54
245956.91949463 3357668.93371582 17.80832291 74 74 74
245955.75701904 3357669.40374756 14.68618488 221 218 213
245957.28173828 3357669.56457520 18.15602875 159 154 148
245955.76464844 3357668.15502930 14.79047489 254 252 240
245956.68145752 3357667.77160645 14.23421669 85 99 50
245956.60961914 3357668.83966064 16.99745941 68 62 62
245956.77233887 3357669.27038574 16.45275879 24 25 27
245958.50720215 3357670.51678467 14.07021618 18 36 10
245959.24389648 3357670.30859375 13.99230289 34 57 39
245956.61462402 3357669.34906006 15.80545330 27 27 27
245957.15026855 3357669.32440186 17.15969276 54 58 59
245956.53137207 3357669.45001221 16.46230125 27 29 26
245956.58544922 3357667.80126953 14.23501015 103 115 79
245957.56573486 3357669.92993164 14.81932640 94 98 99
245958.27056885 3357671.07019043 14.03581142 158 143 120
245956.32476807 3357668.79705811 18.26002693 167 164 159
245956.50622559 3357669.11627197 16.30986786 131 126 123
245956.17480469 3357670.04370117 14.94936466 236 237 229
245956.27062988 3357667.90057373 14.30128670 253 255 242
245956.92718506 3357670.99542236 14.16525364 95 123 38
245957.33361816 3357670.06475830 14.30695629 87 96 95
245957.43701172 3357667.84692383 14.59849739 252 254 243
245959.09814453 3357670.70898438 13.94923019 35 50 31
245958.52630615 3357670.98297119 14.01313877 20 26 0
245956.61462402 3357668.72686768 15.20087814 151 152 147
245956.49560547 3357669.31903076 17.93235016 18 20 15
245957.42504883 3357667.68310547 14.17014027 105 119 84
245957.17547607 3357668.68682861 18.40097237 154 153 149
245956.94671631 3357669.04882813 16.71323776 44 44 44
245954.92651367 3357669.65228271 14.13949585 212 191 160
245956.03350830 3357670.13836670 14.73404884 151 151 139
245958.57458496 3357668.77661133 14.12375355 24 36 16
245956.46966553 3357669.73620605 15.05472088 241 241 233
245955.42706299 3357666.89794922 14.12897682 233 207 172
245956.04479980 3357670.83343506 14.15543079 88 117 24
245956.87597656 3357668.06726074 14.95277405 237 237 227
245958.44335938 3357669.54113770 14.13198471 21 36 17
245956.38159180 3357668.83410645 15.96291065 157 156 152
245957.44702148 3357669.56152344 16.32816887 18 17 12
245955.62274170 3357668.91174316 14.52321434 249 245 234
245957.91387939 3357667.36456299 14.11985493 58 83 15
245958.40234375 3357669.59130859 14.13863850 18 31 11
245955.77197266 3357669.34844971 14.76239777 241 238 229
245956.59063721 3357667.38793945 14.16487789 68 89 22
245956.84692383 3357667.04077148 14.17291641 60 82 18
245959.00439453 3357670.48846436 14.00751400 29 46 27
245956.93737793 3357669.14306641 17.40171051 50 52 51
245956.55187988 3357667.18231201 14.13913822 147 155 98
245957.55493164 3357669.33666992 14.98495293 139 148 147
245956.12817383 3357669.96496582 14.96588612 243 244 236
245956.37933350 3357669.17901611 15.17804241 149 146 139
245955.95892334 3357669.90905762 14.91652393 237 239 228
245956.66571045 3357669.29309082 15.63456345 50 52 51
245957.07672119 3357668.72326660 17.62253761 81 80 78
245956.84051514 3357669.20874023 16.78804970 30 34 33
245958.08319092 3357667.93273926 14.14552879 77 91 38
245956.00531006 3357668.32019043 18.45833969 188 185 180
245956.77783203 3357669.23156738 18.00689316 33 33 33
245957.10101318 3357669.27593994 17.21006966 37 38 40
245957.23193359 3357668.52117920 17.81088066 46 45 41
245956.28155518 3357669.75433350 18.68510246 159 161 160
245956.29376221 3357668.75415039 17.21109962 95 95 93
245957.85485840 3357669.43023682 14.73519325 111 111 109
245955.45416260 3357667.57598877 14.19564056 81 103 31
245956.91699219 3357668.97729492 17.88616562 48 48 48
245955.29095459 3357668.11199951 14.18638611 95 111 48
245957.20031738 3357669.34606934 16.60390091 23 23 23
245954.85357666 3357667.16204834 14.06240273 132 118 89
245957.57122803 3357670.94683838 14.12666416 88 108 36
245956.05200195 3357669.38110352 14.99318218 239 237 225
245955.64245605 3357669.01800537 14.54808807 236 233 226
245956.02301025 3357667.16711426 14.19198895 62 85 15
245956.58813477 3357669.37854004 15.74182129 60 60 60
245956.90979004 3357670.09118652 14.41222477 101 111 112
245956.78076172 3357671.55255127 14.05659676 197 174 160
245957.27685547 3357671.27160645 14.10012817 84 108 34
245957.96191406 3357669.46313477 14.34726429 125 129 128
245957.34075928 3357669.55072021 18.21096230 68 48 49
245955.83538818 3357670.17742920 14.47192097 226 223 208
245957.22479248 3357668.52142334 17.76387978 48 43 39
245956.90399170 3357668.67767334 15.49583530 88 90 87
245954.68548584 3357667.59564209 14.14426613 229 207 160
245956.98675537 3357669.18804932 17.41726303 94 94 92
245957.06323242 3357668.55822754 16.80767632 152 151 147
245956.92578125 3357669.25592041 17.94658470 48 48 48
245955.32312012 3357666.92932129 14.12443829 231 207 173
245956.59399414 3357669.18695068 16.76017189 76 75 71
245955.48181152 3357668.64398193 14.18327522 199 202 173
245957.05029297 3357669.29541016 17.36975479 71 73 72
245955.91467285 3357668.96270752 15.00288010 238 238 228
245957.76306152 3357668.14758301 14.35499287 132 134 129
245956.52410889 3357669.13116455 18.12383652 132 134 129
245957.53582764 3357669.95349121 14.62217808 87 93 91
245956.32751465 3357668.62884521 15.04115486 240 242 229
245956.26971436 3357668.73339844 17.17128563 94 94 92
245956.70446777 3357668.73852539 16.61577415 42 42 40
245956.58734131 3357669.97991943 15.04228401 252 252 244
245958.06811523 3357670.18615723 14.12407017 9 27 11
245956.53204346 3357668.94226074 15.68176842 171 171 171
245956.10449219 3357668.59063721 18.38621712 39 39 37
245957.28759766 3357670.91589355 14.14778709 96 120 36
245957.30895996 3357668.77294922 15.02378464 159 152 144
245958.50628662 3357669.85565186 14.10064125 18 30 10
245956.40789795 3357669.34466553 16.55013847 148 147 142
245956.72247314 3357670.86071777 14.17988205 123 153 65
245955.47344971 3357666.90637207 14.13979912 222 200 151
245956.37377930 3357669.54791260 18.17967987 122 124 121
245957.03637695 3357668.82836914 17.38122749 41 39 40
245957.42279053 3357671.35797119 14.07139492 130 126 78
245956.03851318 3357669.63830566 14.95438576 239 235 223
245956.63336182 3357668.85845947 16.72783852 86 88 87
245956.41156006 3357668.76379395 16.92844963 176 171 167
245956.93902588 3357670.06036377 14.54910946 90 96 94
245955.76824951 3357670.87249756 14.17256737 80 111 18
245955.59204102 3357668.00463867 14.29989910 253 253 243
245956.54803467 3357671.49481201 14.06304550 117 113 76
245956.61956787 3357669.08221436 17.07466316 117 115 118
245955.68249512 3357669.35888672 14.43853760 236 233 228
245956.61962891 3357669.24786377 15.43064022 119 118 113
245957.37646484 3357667.82666016 14.50355148 254 255 245
245956.25488281 3357668.65667725 17.90313339 156 152 149
245956.75939941 3357670.02917480 14.91147900 173 178 174
245956.99053955 3357669.19641113 17.07769966 51 51 53
245959.06188965 3357669.73236084 14.04871082 27 41 18
245958.33734131 3357670.94659424 14.04991341 145 131 120
245956.31604004 3357670.91156006 14.12952900 116 152 56
245957.07238770 3357669.09564209 15.51473999 48 51 56
245957.80236816 3357669.44067383 14.91870117 145 149 148
245956.96551514 3357669.10083008 17.16439438 63 63 65
245956.92407227 3357669.16198730 17.42492867 58 58 58
245957.00549316 3357668.89770508 15.91026688 55 54 50
245957.04010010 3357667.02606201 14.19594574 51 75 17
245956.17779541 3357670.16638184 14.53635979 137 140 133
245958.15472412 3357667.48126221 14.11820602 61 84 12
245957.11614990 3357669.30432129 17.11858940 84 88 87
245956.99060059 3357669.27172852 17.47334862 45 47 46
245955.95770264 3357669.95367432 14.92697906 227 227 215
245957.75140381 3357668.41784668 14.47909069 150 151 146
245957.13818359 3357668.89929199 18.45472527 69 69 67
245957.11535645 3357669.26782227 16.95677757 100 102 99
245956.57501221 3357668.86065674 17.82050514 68 71 64
245956.48022461 3357668.81610107 17.90741539 127 128 122
245956.87866211 3357668.72216797 17.33545876 84 84 84
245958.21813965 3357670.49487305 14.10419941 20 33 13
245954.70605469 3357669.93121338 14.13611126 192 178 141
245957.22528076 3357669.30291748 16.14666557 41 36 33
245956.14392090 3357668.57934570 18.16051292 156 158 157
245956.19610596 3357668.63586426 17.14962578 137 135 136
245956.29333496 3357666.77441406 14.17432594 59 79 16
245956.00360107 3357667.23736572 14.19607925 76 99 29
245956.26727295 3357669.43615723 15.02505493 216 213 204
245955.92987061 3357668.39923096 18.42452240 175 174 170
245955.76263428 3357670.89489746 14.17122841 80 111 18
245958.69335938 3357669.52172852 14.09828568 36 51 22
245957.58038330 3357669.70764160 14.95331573 162 177 172
245957.17309570 3357668.54168701 17.54217529 115 108 102
245956.76568604 3357670.79919434 14.17324924 88 115 34
245956.26953125 3357668.68603516 16.65608788 168 158 148
245957.25415039 3357669.43383789 17.06341743 44 46 43
245957.24694824 3357668.76336670 15.04995918 70 65 61
245958.68133545 3357669.79461670 14.08585453 71 89 41
245957.81457520 3357668.20996094 14.28275585 114 120 116
245957.06402588 3357669.09405518 16.02511787 215 212 197
245957.00256348 3357671.37078857 14.10807323 86 98 36
245957.67449951 3357668.10546875 14.77487278 144 145 139
245958.80987549 3357670.35900879 14.05016804 20 30 19
245955.74652100 3357669.02905273 14.83514214 242 235 225
245954.59600830 3357670.09497070 14.10558510 229 211 175
245955.89715576 3357668.03015137 14.50011730 248 246 233
245957.86370850 3357668.34588623 14.23588371 58 67 64
245957.16735840 3357671.90167236 13.96209621 164 164 126
245957.91888428 3357668.43792725 14.21207619 11 21 13
245955.15704346 3357668.58068848 14.15675545 89 109 37
245956.80981445 3357667.45172119 14.18196774 55 77 12
245956.25067139 3357671.23107910 14.13962650 106 133 40
245955.72351074 3357669.04290771 14.78317642 226 219 209
245958.74542236 3357669.49212646 14.09099960 41 57 21
245956.23333740 3357671.56365967 14.02000046 138 132 106
245959.11206055 3357669.32189941 14.08300591 63 80 26
245954.75085449 3357669.49645996 14.13784885 79 101 28
245955.22668457 3357669.32299805 14.13267708 102 112 49
245955.59130859 3357669.54107666 14.17322063 84 100 51
245956.24908447 3357668.65985107 16.61965179 202 193 186
245956.37567139 3357667.92065430 14.36151981 251 253 240
245956.28289795 3357668.46710205 18.38266373 178 179 174
245956.41479492 3357668.64825439 17.33329201 67 66 62
245955.05249023 3357670.01733398 14.14891434 183 164 132
245959.04010010 3357669.65423584 14.05679703 25 41 15
245956.18627930 3357669.46893311 15.00611877 227 224 215
245956.52185059 3357669.45855713 17.45172119 34 34 34
245957.10186768 3357669.40484619 18.01635551 105 102 97
245957.80578613 3357669.08331299 14.74600506 148 147 143
245958.33569336 3357668.22210693 14.14064121 59 72 28
245957.19219971 3357669.34777832 16.93919182 56 62 62
245957.82751465 3357670.72387695 14.12351227 75 98 26
245956.06597900 3357667.11682129 14.18757629 69 95 24
245957.20452881 3357670.01770020 14.59366226 102 106 107
245957.03326416 3357669.01947021 18.27153778 47 51 54
245956.61669922 3357669.07348633 17.55811119 102 102 100
245956.79302979 3357667.94909668 14.64659786 233 234 220
245957.38665771 3357669.51519775 16.54325676 139 139 137
245956.33209229 3357669.74841309 18.34541512 14 14 12
245956.52130127 3357669.44360352 16.31436729 72 74 73
245956.59948730 3357669.36621094 15.65260983 71 73 72
245958.74255371 3357670.85528564 13.98912907 89 94 64
245957.32336426 3357670.10668945 14.22369194 58 69 65
245957.06658936 3357669.24145508 15.24872589 48 53 57
245956.83721924 3357667.85900879 14.37534332 249 251 237
245956.70343018 3357669.17437744 17.69775581 157 155 158
245956.58258057 3357671.99981689 13.96295929 180 172 151
245956.64318848 3357668.75390625 16.04722595 61 62 57
245956.42907715 3357668.92395020 18.48907661 163 158 152
245957.73321533 3357668.53991699 14.78322506 145 144 140
245956.07727051 3357670.13793945 14.87554455 157 160 151
245956.95733643 3357669.25848389 17.63282776 68 70 69
245959.14727783 3357669.85510254 14.03789043 97 93 81
245956.30456543 3357668.61065674 16.83574677 50 47 40
245955.66296387 3357670.08447266 14.13032913 97 104 63
245957.76672363 3357669.10040283 14.91292095 123 123 121
245957.36718750 3357669.48547363 16.38375092 183 176 170
245955.52905273 3357668.13629150 14.33005047 251 252 246
245955.60461426 3357668.94561768 14.40649414 229 226 221
245955.64947510 3357667.19036865 14.20439816 69 96 25
245957.58996582 3357669.70562744 14.95290089 162 177 172
245957.18579102 3357668.38262939 17.02395248 136 136 136
245957.39025879 3357669.51953125 16.57650948 137 137 137
245955.70544434 3357669.51531982 14.40575409 241 237 226
245955.73815918 3357668.57812500 14.87227631 248 241 233
245955.95959473 3357667.81292725 14.22535896 78 95 41
245956.08764648 3357669.92358398 14.98146057 246 247 239
245957.71044922 3357669.34417725 14.95002842 147 151 152
245957.60662842 3357667.88702393 14.70787811 209 209 201
245956.65063477 3357669.29663086 17.35285187 81 81 81
245956.36077881 3357669.74774170 18.63978195 33 33 31
245956.57006836 3357668.79956055 18.45839691 147 143 140
245956.41503906 3357671.31414795 14.11620903 93 112 30
245956.64691162 3357668.70452881 16.39285278 105 105 105
245956.48425293 3357669.30474854 17.56864929 156 156 156
245956.39794922 3357669.73291016 18.45116425 24 24 22
245956.63732910 3357668.69561768 16.42460823 109 109 109
245957.44970703 3357671.72180176 13.97458172 143 148 107
245956.49749756 3357669.11077881 16.15884209 183 179 176
245954.62194824 3357669.43902588 14.13201332 92 116 38
245956.62902832 3357669.11737061 16.99018288 65 64 60
245957.25231934 3357669.28857422 15.86082268 42 37 33
245957.28460693 3357668.43811035 17.81802559 50 49 44
245956.38574219 3357669.49700928 16.56188774 103 102 97
245955.42492676 3357667.07830811 14.16742229 90 93 22
245954.45843506 3357669.08465576 14.14558411 81 92 24
245958.46685791 3357670.86047363 14.04076767 85 85 83
245957.62536621 3357669.73748779 16.44518280 65 64 62
245957.44726563 3357669.47790527 14.96635532 138 144 144
245956.41802979 3357669.10284424 18.34379768 169 169 167
245957.46942139 3357672.03143311 13.94955349 185 177 164
245955.76263428 3357669.55963135 14.59029293 246 242 233
245956.06976318 3357668.50567627 18.11009026 70 70 68
245957.42443848 3357669.31604004 14.98547173 126 135 134
245957.34606934 3357669.06353760 15.09275055 53 58 61
245956.37628174 3357669.42761230 16.88312721 158 158 160
245956.42639160 3357668.81500244 16.73177719 31 27 24
245956.61981201 3357669.04455566 15.41792202 36 35 31
245955.46789551 3357668.78741455 14.18153572 83 92 47
245957.74566650 3357668.83520508 14.92156696 168 170 165
245956.49871826 3357669.09210205 16.21603966 180 176 173
245956.39160156 3357668.60559082 17.33924866 42 43 38
245955.40771484 3357671.04785156 14.08817291 192 195 128
245957.44329834 3357671.90496826 13.97113895 145 138 122
245956.51812744 3357668.90112305 17.52238655 146 145 141
245954.81787109 3357668.01745605 14.19291592 71 98 17
245956.95806885 3357671.45178223 14.09018135 163 157 125
245956.22967529 3357669.67486572 18.47120476 204 204 202
245957.79150391 3357668.02221680 14.28588676 145 150 144
245957.85058594 3357669.73919678 14.83198643 104 110 106
245956.94073486 3357668.90167236 17.97315598 103 103 101
245956.01708984 3357670.56835938 14.15443134 51 79 4
245956.04718018 3357668.35339355 18.19542503 74 70 67
245955.97351074 3357668.42352295 18.05766487 62 58 55
245957.14160156 3357669.00506592 18.49040794 96 95 93
245956.61840820 3357669.18432617 17.47624588 91 91 89
245956.55938721 3357668.92529297 15.51814270 108 107 105
245957.54174805 3357667.74884033 14.35548019 252 253 247
245957.45635986 3357671.69543457 13.98024178 143 148 107
245954.57470703 3357669.78924561 14.12869167 95 94 29
245957.43121338 3357667.32135010 14.16256142 67 94 25
245956.20953369 3357668.66931152 18.63435173 81 80 76
245958.26422119 3357668.30944824 14.14056587 24 38 15
245956.64996338 3357671.96258545 13.96384144 200 192 169
245956.37597656 3357666.82818604 14.18380451 54 80 19
245956.52679443 3357668.84906006 17.83301544 92 93 87
245957.64801025 3357667.30969238 14.13210964 66 88 24
245956.59680176 3357667.61425781 14.18533802 88 114 41
245957.07287598 3357670.53771973 14.14696884 10 33 5
245956.23950195 3357668.50738525 18.72863579 70 70 62
245955.82067871 3357671.05566406 14.15985012 90 116 25
245958.58483887 3357669.94665527 14.08710766 16 34 10
245956.73925781 3357670.04467773 14.85457611 114 120 116
245956.49108887 3357667.41296387 14.16348171 64 85 18
245957.85821533 3357669.81146240 14.71094227 114 119 113
245956.45806885 3357670.11175537 14.65758705 113 114 108
245957.38586426 3357670.00848389 14.45529556 76 80 79
245957.54779053 3357671.63586426 13.98548794 91 92 61
245957.05706787 3357671.14086914 14.13973427 69 93 15
245956.81896973 3357669.15100098 17.62831306 26 28 27
245956.47125244 3357669.46179199 17.79106903 88 87 83
245957.41979980 3357670.02758789 14.37524128 68 74 74
245956.95098877 3357669.26147461 16.18759918 25 29 30
245957.00677490 3357671.52947998 14.06001949 222 204 184
245956.61987305 3357670.46435547 14.14218903 39 57 31
245955.88397217 3357667.07580566 14.19395161 68 88 25
245957.20611572 3357669.28698730 16.17023849 38 33 30
245958.44097900 3357670.53454590 14.07603836 22 38 12
245956.86547852 3357668.74682617 18.26535416 31 33 28
245957.84631348 3357669.45446777 14.81169987 97 99 96
245957.53686523 3357669.22540283 15.00980759 138 144 144
245957.96429443 3357671.58587646 13.95855904 154 161 109
245956.95300293 3357668.80615234 18.01434898 91 92 87
245957.43652344 3357669.80816650 14.94933701 177 189 189
245957.20416260 3357668.72442627 18.53703499 96 92 89
245957.76910400 3357670.32061768 14.14429283 17 30 12
245957.00201416 3357669.29437256 16.31296539 49 55 55
245957.14691162 3357668.57257080 16.90532303 6 0 2
245957.75115967 3357668.71612549 14.75149632 127 127 119
245958.45538330 3357668.62109375 14.13277817 18 33 14
245957.86431885 3357671.24114990 14.03366184 136 128 105
245957.07171631 3357668.69158936 17.73545837 102 102 100
245956.33105469 3357668.51788330 18.40318489 157 157 155
245957.59368896 3357669.72912598 14.95243263 168 180 178
245958.90588379 3357670.61572266 14.00246906 31 43 23
245956.27435303 3357668.43347168 15.01509476 243 240 233
245957.09735107 3357669.29150391 17.28180122 19 20 24
245955.92816162 3357668.02825928 14.50456715 245 243 230
245958.18957520 3357668.26367188 14.15104961 20 33 13
245957.03924561 3357668.60510254 16.80063820 151 150 146
245957.60607910 3357667.92694092 14.81246758 182 184 173
245956.63879395 3357669.60571289 15.08668327 192 185 175
245957.71881104 3357670.78845215 14.12498569 46 65 10
245957.34930420 3357669.48309326 16.63219261 160 159 154
245958.26806641 3357671.40844727 13.97925186 132 142 90
245955.74975586 3357669.01428223 14.84004021 244 240 229
245958.76489258 3357669.62902832 14.09206772 26 39 11
245956.67327881 3357669.19561768 15.61154175 58 57 53
245955.62683105 3357668.93090820 14.53490829 245 241 230
245957.26910400 3357669.51080322 14.97226715 124 122 123
245957.00958252 3357668.51776123 15.01800632 167 160 150
245956.45269775 3357669.37524414 16.94118881 35 34 30
245957.01123047 3357669.28979492 16.15791512 32 33 35
245955.40985107 3357670.15075684 14.13294411 100 121 42
245956.22607422 3357668.41802979 18.35736847 60 61 56
245956.18170166 3357668.33020020 18.41553688 53 49 46
245956.58142090 3357669.40161133 15.60321903 82 86 87
245957.86517334 3357668.34381104 14.23337555 47 56 51
245956.38983154 3357667.97961426 14.53769302 244 246 233
245956.21624756 3357670.09149170 14.94195652 220 221 215
245957.69567871 3357668.28167725 14.90223217 145 146 141
245955.97399902 3357666.78216553 14.17480659 71 76 20
245956.48577881 3357668.90856934 17.39211273 111 110 106
245957.01342773 3357668.72894287 15.83351994 139 140 132
245955.02459717 3357669.06317139 14.14558983 78 99 32
245955.65148926 3357668.66888428 14.72892666 231 229 216
245957.92138672 3357668.97595215 14.27960968 108 114 110
245957.06188965 3357670.05554199 14.49550247 100 109 106
245956.45263672 3357669.67376709 18.43211555 22 21 17
245956.32202148 3357667.37335205 14.18523598 79 100 33
245956.53808594 3357667.97644043 14.60490322 241 241 229
245956.53552246 3357669.21899414 15.89379692 150 149 145
245956.57550049 3357669.48065186 16.95040321 201 202 196
245955.97857666 3357669.58477783 14.92095470 237 235 223
245957.85003662 3357667.57562256 14.12001228 78 96 34
245956.62921143 3357669.37487793 16.37284470 10 14 15
245957.03485107 3357668.82873535 16.03145981 63 64 59
245957.02270508 3357668.85021973 15.98314095 62 63 58
245957.41534424 3357667.32244873 14.16461945 67 94 25
245957.10345459 3357668.49017334 16.85578537 127 126 124
245957.00085449 3357669.12982178 15.47944355 153 154 156
245955.91162109 3357670.02362061 14.87353134 228 230 217
245955.81140137 3357667.02770996 14.19456959 61 83 21
245955.59783936 3357669.31616211 14.25240231 240 241 227
245956.18347168 3357668.57495117 16.28485870 72 68 65
245957.35797119 3357670.87329102 14.14481926 87 110 28
245956.31695557 3357670.08502197 14.92696476 179 180 172
245956.28320313 3357667.90777588 14.31648922 253 253 241
245956.52453613 3357670.73864746 14.15131187 76 109 22
245956.99920654 3357668.63696289 15.20598793 163 160 155
245956.26391602 3357666.77008057 14.17184162 60 74 12
245958.52728271 3357670.86077881 14.02918053 94 91 86
245955.99584961 3357668.20086670 14.96830082 246 243 234
245957.62622070 3357667.88238525 14.57279110 163 162 157
245958.98553467 3357669.40283203 14.08340263 58 73 16
245956.83178711 3357669.22869873 16.12418365 23 24 26
245957.38433838 3357669.48950195 16.21062088 193 184 177
245956.99316406 3357669.18670654 17.38083458 93 93 91
245957.04760742 3357669.35461426 18.25606918 84 83 81
245957.03613281 3357667.83728027 14.40304756 253 254 238
245956.28051758 3357668.64361572 16.60247421 123 118 114
245955.14739990 3357670.81756592 14.09063339 193 187 137
245956.26422119 3357668.51837158 15.01399994 234 234 226
245957.05499268 3357668.75726318 16.65312576 86 88 83
245954.99798584 3357670.57781982 14.10588741 145 152 84
245956.64050293 3357669.33813477 15.55664730 59 65 65
245956.74633789 3357670.35833740 14.14821625 20 39 20
245956.71875000 3357668.73889160 16.61471176 37 37 37
245955.26385498 3357670.90612793 14.09630585 152 149 96
245956.81384277 3357668.80346680 16.97169685 119 115 116
245956.30395508 3357668.70764160 15.95242977 106 103 98
245957.42364502 3357669.64233398 18.15246010 180 178 181
245956.53302002 3357669.25646973 15.89190388 155 154 149
245957.61926270 3357668.75549316 15.00044537 252 244 231
245957.82812500 3357669.13134766 14.65214729 152 151 147
245956.02014160 3357668.32299805 18.24749947 98 93 90
245958.17541504 3357668.14556885 14.15560150 27 41 8
245956.40655518 3357669.05346680 18.36965752 169 169 167
245956.45172119 3357668.78381348 15.79609394 101 99 100
245956.02691650 3357670.27032471 14.21179581 119 123 106
245956.25146484 3357669.93310547 14.99509430 247 248 242
245955.02954102 3357667.66619873 14.19546986 87 107 35
245957.79412842 3357669.32330322 14.91954422 141 145 144
245954.57165527 3357668.04565430 14.16076183 119 121 58
245956.88696289 3357669.16186523 17.33294487 52 54 51
245954.48937988 3357669.37451172 14.12774181 104 105 47
245956.19842529 3357668.63867188 16.77338600 180 173 163
245956.24389648 3357668.58990479 16.25543404 207 198 199
245955.57507324 3357667.64965820 14.21249485 81 105 29
245956.24035645 3357668.69848633 17.19743156 132 134 131
245958.91839600 3357669.42272949 14.08608437 98 112 35
245956.59667969 3357669.22686768 17.43592453 107 106 104
245956.85589600 3357669.17706299 17.75096512 42 44 43
245957.87792969 3357668.61529541 14.26607418 106 112 108
245956.32800293 3357668.54602051 18.68971443 111 112 106
245956.42224121 3357669.39062500 18.18539238 51 53 52
245957.01110840 3357669.08489990 17.01669693 60 65 61
245956.77545166 3357668.77801514 16.63055801 37 37 37
245955.37182617 3357667.10900879 14.16476440 98 101 32
245957.08557129 3357668.57861328 15.04977131 136 129 121
245956.20233154 3357669.80035400 15.00856781 244 244 234
245957.38562012 3357669.41778564 14.97107697 122 130 132
245956.38037109 3357668.59582520 18.37166595 205 204 200
245955.86560059 3357666.92291260 14.18574238 38 59 3
245957.07952881 3357671.45635986 14.08568287 187 170 142
245957.99475098 3357670.59741211 14.11819553 131 136 106
245957.26867676 3357670.19787598 14.14682579 12 28 15
245957.96978760 3357671.64300537 13.94883251 166 175 122
245957.23382568 3357669.35125732 16.26668358 139 136 129
245957.88403320 3357669.15344238 14.42770004 124 126 123
245956.05059814 3357668.11132813 14.83357906 242 239 230
245956.70184326 3357669.15277100 17.45627403 96 96 94
245956.25445557 3357667.89276123 14.28438282 251 253 239
245957.04846191 3357668.67639160 17.13516808 46 45 41
245956.81115723 3357669.17864990 17.80151558 26 24 25
245955.65740967 3357667.33331299 14.21024036 67 93 22
245956.78839111 3357668.74707031 16.01486969 29 29 29
245956.26556396 3357668.64837646 16.08971024 204 199 193
245957.53948975 3357670.18145752 14.14631081 13 29 16
245956.35845947 3357668.18865967 14.98518181 240 238 226
245957.59686279 3357671.47058105 14.01664925 164 145 128
245955.64508057 3357669.53039551 14.25159073 241 245 222
245955.59613037 3357669.43646240 14.16728783 148 158 121
245957.86083984 3357669.21472168 14.53491592 151 151 149
245958.67718506 3357669.76629639 14.08909988 72 90 40
245955.96704102 3357668.39935303 14.99663067 248 244 235
245956.93286133 3357671.86968994 13.96679115 174 170 133
245956.88415527 3357671.67376709 14.00737858 128 125 82
245957.52551270 3357669.63769531 16.46738243 91 83 80
245957.14685059 3357668.82904053 18.42782021 87 86 82
245955.68475342 3357669.31475830 14.48124218 206 205 201
245956.10040283 3357669.68554688 14.98445320 239 235 224
245954.81823730 3357670.45745850 14.08301640 201 183 145
245956.82354736 3357668.70379639 15.61782455 63 65 62
245954.70227051 3357668.77429199 14.17859936 88 110 38
245958.88220215 3357669.15997314 14.09851265 112 125 46
245956.49768066 3357669.09509277 18.18133736 138 139 134
245957.76226807 3357670.52233887 14.13279247 23 38 7
245955.53991699 3357669.17584229 14.14867592 102 113 70
245954.62420654 3357669.32550049 14.14079952 62 84 11
245957.07434082 3357668.65148926 17.14547539 54 53 49
245956.66735840 3357668.98730469 18.45602036 176 173 166
245956.98706055 3357668.76409912 16.78136063 68 71 60
245956.52075195 3357670.61059570 14.15109921 93 117 43
245956.69897461 3357671.45526123 14.09295368 109 104 64
245957.15832520 3357669.33074951 17.14584923 54 58 59
245956.48059082 3357668.24548340 14.97077847 236 236 226
245956.39111328 3357669.52801514 18.03503227 206 203 198
245955.87426758 3357669.87963867 14.77868366 244 246 235
245956.79669189 3357669.23406982 16.00586319 58 60 59
245956.29644775 3357668.69909668 16.40430641 195 190 186
245956.51483154 3357669.41760254 15.20973778 81 82 74
245955.58819580 3357668.30706787 14.62722588 253 250 241
245956.62475586 3357669.01800537 15.45624447 38 37 33
245956.23333740 3357668.63989258 18.08781433 187 186 181
245955.97918701 3357668.03503418 14.54399395 245 246 230
245956.10992432 3357669.92370605 14.98393250 247 247 237
245956.92645264 3357669.23547363 15.30681133 51 56 59
245956.91174316 3357668.84643555 17.81933594 97 97 97
245957.47906494 3357668.82879639 14.99503994 243 237 225
245956.10314941 3357670.15301514 14.63300419 155 158 149
245955.56262207 3357667.35406494 14.20048809 75 101 28
245957.15014648 3357669.34210205 16.01339149 25 24 20
245957.07653809 3357670.15411377 14.20527935 60 72 68
245955.10357666 3357669.12158203 14.13310146 80 97 29
245957.48052979 3357668.90106201 15.02862930 134 131 124
245956.49865723 3357668.87414551 18.47254753 150 147 142
245956.42364502 3357668.82080078 17.63654327 85 86 81
245957.63421631 3357667.86193848 14.53334427 195 196 190
245958.87390137 3357670.58142090 14.01493549 44 47 36
245956.31567383 3357668.72735596 18.10460472 174 169 163
245956.84802246 3357669.21783447 15.97046375 51 52 54
245958.05664063 3357670.33331299 14.12889290 18 31 11
245956.60070801 3357667.68414307 14.18691921 101 127 54
245956.98651123 3357668.76373291 18.46449280 80 82 77
245956.37072754 3357668.82104492 15.95198345 138 137 132
245958.17846680 3357668.83642578 14.14701176 21 34 17
245957.07012939 3357669.31457520 16.07966232 33 33 31
245955.53479004 3357670.96307373 14.14002514 112 137 43
245956.78271484 3357669.30041504 17.10386086 61 61 61
245958.69323730 3357669.99322510 14.07739258 14 34 9
245956.41259766 3357669.41668701 17.57425880 126 126 126
245957.06970215 3357668.65771484 17.86621666 157 154 149
245955.59356689 3357670.84399414 14.18211174 84 110 23
245956.16595459 3357668.64208984 16.98474693 98 94 91
245955.22070313 3357669.53356934 14.13572311 198 185 143
245954.60491943 3357667.85052490 14.15324497 227 209 163
245956.11260986 3357668.48083496 18.64267349 171 172 167
245957.54699707 3357667.47515869 14.14229298 66 89 21
245956.38867188 3357669.58410645 16.79824638 27 28 23
245957.11437988 3357668.61389160 17.16913986 40 37 32
245957.39538574 3357669.99902344 14.49430656 69 73 72
245956.98559570 3357668.68914795 17.57876587 181 181 183
245955.61492920 3357668.68676758 14.56872368 229 227 215
245955.37091064 3357670.92510986 14.11618614 79 91 17
245956.94250488 3357668.89013672 15.60268021 42 42 40
245954.56707764 3357668.97741699 14.16198444 78 98 26
245956.95648193 3357668.87646484 15.74230003 81 82 76
245956.31927490 3357669.56011963 17.13356400 168 168 168
245955.64306641 3357669.98876953 14.12595844 107 113 69
245956.45806885 3357669.37481689 16.96215439 34 33 29
245957.64447021 3357669.64758301 14.95210743 170 181 175
245956.72900391 3357670.36523438 14.14759636 23 42 23
245955.84063721 3357668.04833984 14.53985405 248 248 236
245958.22900391 3357668.01452637 14.14072895 66 83 28
245955.79431152 3357669.76434326 14.55644989 243 240 231
245956.15960693 3357671.66577148 13.98801327 140 149 102
245956.20819092 3357668.67864990 17.67094040 163 158 152
245956.19311523 3357666.69201660 14.16799355 117 113 52
245956.34881592 3357668.78240967 17.63679695 94 95 90
245956.46044922 3357668.87719727 16.48511505 34 31 26
245956.63543701 3357669.13665771 17.48746490 75 74 70
245956.14160156 3357667.01446533 14.17985344 73 98 32
245957.00878906 3357668.70965576 17.95883751 51 51 49
245955.90808105 3357668.05627441 14.58854771 242 240 227
245957.46356201 3357669.19567871 15.02648258 133 137 138
245956.12536621 3357667.49316406 14.20110989 77 99 26
245956.50054932 3357669.14611816 16.15403938 185 181 178
245957.86279297 3357669.57189941 14.77420425 129 133 132
245957.11645508 3357668.82012939 15.24694061 56 66 68
245956.56500244 3357668.86163330 16.86317062 88 84 83
245956.65966797 3357669.36999512 15.40054607 81 86 89
245956.62310791 3357667.91778564 14.45240688 247 246 228
245956.65118408 3357669.20745850 17.76029205 185 183 186
245956.87347412 3357671.98815918 13.96499920 206 196 184
245957.01654053 3357668.63220215 16.58249664 111 112 107
245957.22888184 3357668.52716064 16.80552673 22 28 16
245955.45904541 3357666.88739014 14.13051987 232 207 167
245956.90710449 3357668.99761963 18.44105339 66 66 66
245957.23254395 3357669.97082520 14.77964687 107 113 111
245956.07421875 3357668.37988281 18.16815376 59 56 51
245956.84197998 3357671.54956055 14.05630875 198 176 162
245956.55578613 3357669.77832031 15.08081150 248 248 240
245956.91052246 3357670.02386475 14.82869530 111 113 112
245957.32196045 3357669.46496582 16.45042801 107 112 105
245956.27532959 3357670.12512207 14.71172428 144 147 138
245957.30895996 3357669.42547607 18.46543884 100 99 97
245956.53204346 3357669.23510742 17.83110046 103 104 99
245958.90637207 3357670.27252197 14.04201508 56 61 54
245955.91363525 3357670.71301270 14.16512203 69 98 14
245955.86517334 3357671.04132080 14.16242313 94 123 30
245958.01440430 3357671.35260010 13.99612904 58 46 24
245957.33386230 3357669.96453857 14.80658436 88 97 96
245956.68957520 3357668.78662109 15.87897491 44 35 36
245957.81829834 3357668.39154053 14.30584717 132 138 134
245956.44464111 3357669.43579102 15.99455738 153 151 136
245956.31286621 3357668.75750732 16.96995926 39 36 31
245957.05456543 3357667.74615479 14.23826313 217 223 197
245957.14550781 3357669.33227539 17.20019913 68 72 71
245957.15209961 3357671.81072998 13.98142433 137 146 91
245956.91088867 3357669.29553223 18.24621582 92 90 93
245956.97595215 3357667.04772949 14.18685246 73 97 37
245956.86981201 3357667.09069824 14.17017841 66 91 26
245957.20275879 3357669.33605957 16.40400505 23 23 21
245957.21044922 3357670.02313232 14.56589222 102 106 107
245955.87261963 3357668.07275391 14.62963676 246 244 231
245955.38586426 3357668.50653076 14.13899708 96 116 45
245955.60919189 3357667.75720215 14.22241402 60 84 10
245955.94659424 3357668.20935059 14.95927238 247 243 232
245957.06860352 3357670.86737061 14.16520596 102 131 51
245956.49511719 3357669.19097900 16.38108444 63 58 55
245957.22045898 3357668.50067139 17.13110924 51 46 43
245956.66461182 3357669.24487305 17.39376259 183 182 180
245957.46472168 3357669.58343506 18.47442627 61 61 59
245957.91333008 3357670.67956543 14.11892891 80 100 29
245956.62512207 3357669.37030029 16.75473213 53 55 52
245955.88775635 3357670.20532227 14.47830582 193 187 175
245955.95593262 3357669.87408447 14.90649319 241 241 233
245955.53753662 3357666.91577148 14.15397072 173 158 99
245956.83032227 3357667.53607178 14.18482971 85 111 40
245957.31127930 3357669.44989014 16.69677544 45 47 42
245956.71112061 3357669.29919434 16.26175499 164 164 162
245955.92266846 3357670.06018066 14.90964508 227 229 218
245956.97631836 3357669.23596191 15.85068798 96 96 96
245958.92150879 3357669.84112549 14.05848122 54 76 27
245957.96600342 3357669.52825928 14.36730289 125 129 128
245955.61773682 3357668.36785889 14.70480347 250 247 238
245956.41766357 3357668.91503906 15.30046654 103 102 98
245956.59631348 3357668.83752441 17.00259590 51 47 44
245957.96533203 3357671.42218018 13.98593807 60 53 25
245956.58593750 3357668.98333740 15.67726898 125 125 123
245957.30499268 3357669.44244385 16.62932777 119 120 115
245956.84588623 3357667.89373779 14.49023819 248 246 233
245957.11242676 3357669.37500000 18.24551201 188 187 183
245956.50408936 3357669.51446533 18.26771164 123 119 120
245955.76019287 3357669.66632080 14.50416374 232 229 222
245954.80462646 3357667.80700684 14.18816566 86 103 23
245957.02587891 3357668.53051758 17.34973335 97 97 95
245956.73114014 3357669.49798584 15.16386986 54 55 57
245956.66796875 3357668.83337402 17.66232491 82 82 80
245956.75085449 3357668.94683838 18.44552612 170 171 166
245955.69128418 3357669.82092285 14.20787239 244 246 233
245957.63165283 3357669.93737793 14.57736111 89 95 91
245956.81011963 3357670.33563232 14.15027905 22 40 24
245957.71661377 3357667.64501953 14.15292835 150 154 137
245958.26190186 3357669.35382080 14.14981365 14 25 11
245956.53356934 3357669.51190186 16.94981194 179 180 175
245956.32855225 3357668.46881104 18.52416039 188 189 184
245956.61712646 3357669.11816406 16.86485100 70 69 67
245955.43682861 3357669.18420410 14.13378048 70 93 25
245958.35748291 3357669.13610840 14.14275551 15 28 11
245956.90740967 3357669.04669189 17.75361633 46 47 49
245956.34283447 3357668.76416016 18.06763077 176 173 168
245956.07904053 3357669.17706299 15.02153587 227 227 219
245957.88214111 3357669.77239990 14.71004677 117 123 119
245956.25439453 3357670.24853516 14.22938919 73 87 72
245956.72546387 3357669.78912354 15.12029457 255 254 242
245957.23156738 3357669.40582275 16.22901726 117 116 112
245956.95904541 3357667.26519775 14.17711067 52 77 11
245956.12329102 3357668.53179932 16.37850380 66 60 60
245956.22491455 3357668.69848633 17.71045113 114 111 104
245957.16436768 3357668.41448975 16.92150879 129 129 127
245958.25402832 3357670.04772949 14.11269283 16 30 15
245957.04125977 3357669.16320801 18.31799126 105 107 106
245956.49780273 3357669.05328369 16.26906204 164 160 157
245957.19140625 3357670.37921143 14.13091564 17 31 14
245956.89062500 3357670.70062256 14.16338921 86 114 53
245956.58666992 3357669.14739990 15.36305618 188 187 182
