246093.97497559 3357556.84149170 12.98000145 49 58 67
246094.06665039 3357556.10180664 13.01581955 144 168 180
246093.37841797 3357554.66369629 15.80989456 31 156 238
246086.53234863 3357553.62115479 15.82216072 17 162 229
246088.19250488 3357553.13586426 13.06177521 185 189 192
246092.34350586 3357554.77447510 15.28521824 128 128 128
246093.37817383 3357555.97497559 15.68721676 250 70 95
246087.24243164 3357552.52575684 13.05199814 204 204 202
246093.98645020 3357555.25311279 15.34404278 128 128 128
246093.65856934 3357555.21600342 15.33962250 128 128 128
246085.96765137 3357554.06652832 15.08805752 128 128 128
246086.03381348 3357552.88793945 14.95178604 128 128 128
246092.59729004 3357555.99938965 15.65172482 42 142 204
246092.85363770 3357556.93048096 13.10266113 183 198 203
246092.46411133 3357555.99713135 13.04719925 147 157 159
246093.97827148 3357554.18133545 13.11157417 64 124 196
246085.79235840 3357552.94085693 15.38636208 198 246 255
246086.60229492 3357552.31225586 13.06784248 205 204 202
246086.39196777 3357553.19982910 15.69212341 86 243 252
246093.94787598 3357555.83441162 15.79237175 21 117 175
246094.27075195 3357556.09558105 15.62968540 74 153 196
246093.24035645 3357554.41912842 15.69420242 32 160 233
246092.97119141 3357556.06823730 13.06679058 140 177 206
246092.30908203 3357555.93347168 15.59986782 34 197 228
246085.40942383 3357553.02563477 15.12761211 160 196 222
246086.10986328 3357553.90411377 15.06073570 128 128 128
246093.24670410 3357554.74261475 13.00567627 193 198 204
246087.16711426 3357552.22119141 15.05569172 167 174 180
246092.89868164 3357554.49920654 12.95739079 187 191 194
246087.68029785 3357554.61157227 13.08686066 121 124 133
246085.41796875 3357553.43865967 13.19072533 79 73 75
246092.95812988 3357554.25280762 12.97019005 211 199 201
246085.69824219 3357553.55523682 15.45686245 5 135 197
246087.46606445 3357554.12268066 15.05893135 128 128 128
246085.57971191 3357554.45629883 13.10581303 254 252 253
246093.11437988 3357555.98754883 15.68030834 216 237 254
246086.82751465 3357552.71722412 13.06361389 200 200 200
246086.43994141 3357554.14642334 13.29457283 87 68 64
246093.61413574 3357554.53875732 15.33622551 181 183 180
246092.43542480 3357555.61114502 15.36188793 128 128 128
246093.49707031 3357555.41375732 16.03201485 5 93 182
246086.88183594 3357554.32525635 15.57426929 152 225 255
246087.56787109 3357552.82397461 13.05842400 195 195 193
246086.63085938 3357552.32049561 13.06640339 202 201 199
246092.35839844 3357557.36126709 12.94876480 104 113 122
246086.26062012 3357554.00195313 15.06547928 128 128 128
246087.51794434 3357553.08496094 13.05003643 174 174 174
246094.02612305 3357556.23565674 13.04091549 122 150 164
246087.27087402 3357554.97821045 15.23777962 158 188 199
246087.02990723 3357552.90411377 14.97576141 128 128 128
246086.45971680 3357552.03948975 15.42006207 52 171 205
246094.11181641 3357555.43859863 12.96268368 173 190 197
246092.90856934 3357554.16448975 12.97801018 200 184 184
246085.61376953 3357554.02075195 15.09871864 128 128 128
246092.70263672 3357555.86633301 13.06983280 161 179 191
246093.32934570 3357556.14166260 15.47182465 200 213 222
246094.26660156 3357556.29406738 15.54039955 144 191 211
246092.35107422 3357555.32153320 15.33545589 128 128 128
246092.83935547 3357554.55444336 15.67139149 29 208 241
246093.50463867 3357553.77197266 13.10558033 250 147 130
246085.72375488 3357552.84436035 13.10515308 218 212 200
246087.26745605 3357554.71319580 15.35806370 55 156 202
246085.21765137 3357553.98162842 13.20128727 52 57 61
246085.52270508 3357552.91802979 13.10086441 239 225 214
246092.93957520 3357556.53106689 13.16678047 129 93 79
246087.29882813 3357554.76068115 13.32526875 121 117 118
246092.56518555 3357556.16070557 15.44868946 205 220 227
246086.07226563 3357552.76379395 14.96642876 128 128 128
246092.40734863 3357555.75933838 15.37071037 128 128 128
246092.26159668 3357555.00396729 15.30667305 128 128 128
246093.03100586 3357554.88848877 15.84786701 93 240 255
246086.51391602 3357554.25750732 15.08484364 128 128 128
246087.07043457 3357552.38507080 15.37020493 10 104 192
246085.71203613 3357552.87963867 15.01841831 206 220 220
246086.00610352 3357554.02429199 15.45064354 23 134 213
246086.60864258 3357552.64093018 14.99410057 128 128 128
246094.51623535 3357554.50726318 15.65325737 100 181 211
246094.31347656 3357556.30535889 15.54557419 143 188 209
246086.49438477 3357551.94647217 15.08543873 128 128 128
246093.28527832 3357554.06671143 15.34842777 182 184 181
246093.92443848 3357553.81689453 13.20072460 191 42 46
246092.88256836 3357554.79693604 15.29466438 128 128 128
246087.55749512 3357554.14886475 15.06313992 128 128 126
246087.09155273 3357553.16259766 13.06333828 198 199 194
246086.41784668 3357554.20367432 15.08288288 128 128 128
246093.36193848 3357555.93304443 15.70729923 247 74 102
246092.83276367 3357554.10418701 12.98316288 185 169 170
246085.81420898 3357553.49188232 15.49917030 113 241 250
246087.35205078 3357555.05847168 13.19274998 36 37 41
246092.93334961 3357554.48205566 12.95722485 191 192 194
246086.48046875 3357552.96496582 15.64988995 35 232 249
246086.45495605 3357554.20385742 13.27906704 82 58 58
246093.36645508 3357555.84417725 12.97016335 168 194 211
246093.87170410 3357554.25494385 15.56587410 232 239 245
246086.20080566 3357552.01501465 15.31266594 43 168 232
246085.90161133 3357553.59332275 13.20678997 81 84 91
246093.69555664 3357554.52850342 15.73270512 255 247 254
246093.08740234 3357556.38928223 13.10582447 227 198 182
246093.52416992 3357554.96380615 15.30813122 128 128 128
246093.33764648 3357554.06127930 15.48620129 249 248 246
246092.60900879 3357556.77575684 13.10202789 197 206 213
246086.10522461 3357553.19030762 13.16869640 183 185 184
246093.66333008 3357556.27276611 13.04356098 100 153 185
246092.33312988 3357556.21594238 15.48945045 190 192 189
246087.05908203 3357552.83001709 15.56869316 169 61 111
246086.27148438 3357554.82775879 13.10035706 175 168 162
246086.54455566 3357554.38360596 15.46370411 6 158 225
246086.49255371 3357554.52996826 13.22938538 36 7 3
246087.13854980 3357553.54449463 15.81082726 15 95 182
246085.64025879 3357553.57153320 15.04293919 128 128 128
246085.36328125 3357554.05639648 15.21948147 5 91 178
246085.94384766 3357553.49310303 15.01762962 128 128 128
246092.80187988 3357555.06915283 12.99280262 189 193 196
246092.64318848 3357555.73016357 15.75919151 96 232 255
246094.19384766 3357553.54833984 13.19269085 183 54 33
246094.22338867 3357554.83227539 15.74704266 64 148 194
246092.20935059 3357554.82061768 15.44773769 28 176 246
246085.70007324 3357554.13079834 15.33093357 21 142 225
246086.34216309 3357554.44732666 13.17033958 59 41 37
246093.73596191 3357555.94799805 15.42698479 127 129 128
246086.51672363 3357552.69604492 13.09533405 203 203 201
246086.89782715 3357553.91632080 15.74325562 21 104 170
246093.57385254 3357554.62231445 15.30809975 128 128 128
246085.89465332 3357553.35693359 15.00306988 128 128 128
246093.63171387 3357554.02905273 15.41757202 214 217 210
246093.33044434 3357556.06872559 13.02297401 130 175 204
246086.40307617 3357554.41125488 15.41310978 8 145 217
246085.99926758 3357553.86474609 15.51994419 7 147 234
246093.33276367 3357555.49475098 12.97158623 178 191 199
246087.44909668 3357555.21282959 13.13740158 50 59 66
246093.30651855 3357554.30908203 15.63382626 70 142 201
246092.94055176 3357556.17504883 15.58144188 53 156 214
246087.13610840 3357553.34234619 15.77968884 14 103 197
246087.40856934 3357553.86877441 15.04237366 128 128 128
246086.81726074 3357554.03247070 15.67976093 42 136 198
246086.39465332 3357551.74108887 15.19470501 152 203 222
246094.33520508 3357553.69836426 13.16838837 255 163 146
246092.92590332 3357555.25341797 12.99119282 183 191 194
246092.61279297 3357555.81994629 13.06584454 167 176 183
246087.86022949 3357553.36926270 13.03807449 184 188 191
246092.89379883 3357555.55804443 15.85464001 71 211 247
246093.32128906 3357554.90203857 15.30212307 128 128 128
246086.00012207 3357552.35546875 15.07933140 183 232 249
246085.71887207 3357553.04443359 15.39592361 46 185 224
246086.72033691 3357553.14025879 13.06064510 199 199 197
246086.61657715 3357552.39581299 15.51767063 8 117 176
246086.17175293 3357552.17333984 13.06576157 204 199 193
246085.38574219 3357554.00744629 13.17032337 64 71 81
246085.91955566 3357553.80932617 15.52264118 1 153 229
246086.22119141 3357553.48004150 15.00370502 128 128 128
246088.09020996 3357552.85644531 15.05884075 149 171 184
246094.24511719 3357556.61602783 13.02397728 91 107 123
246086.49841309 3357553.20806885 14.98171806 128 128 128
246093.70288086 3357553.89178467 13.13858891 203 63 62
246086.68945313 3357552.34619141 13.06362438 199 199 197
246092.80480957 3357556.73657227 13.15882778 117 122 118
246094.52294922 3357556.08978271 15.35400391 128 128 128
246086.71435547 3357553.13281250 15.86301517 104 220 245
246085.15478516 3357553.84008789 15.29279232 1 88 168
246087.48400879 3357552.59893799 15.02145576 128 128 128
246092.68713379 3357557.00616455 13.04849052 173 210 236
246092.78894043 3357554.70483398 15.29341602 128 128 128
246088.33630371 3357553.01617432 15.14682484 114 174 210
246094.00708008 3357556.21575928 15.52727985 132 186 210
246086.53552246 3357552.31018066 13.07232666 201 200 198
246087.92236328 3357553.45306396 13.04975510 179 183 186
246086.16662598 3357552.92883301 15.49283123 233 239 253
246085.86157227 3357553.31890869 15.49160862 103 239 251
246087.63208008 3357553.65557861 13.05044556 181 183 182
246094.56018066 3357554.72595215 12.98812771 200 212 212
246088.26440430 3357553.56988525 15.31446457 64 168 221
246092.71423340 3357554.71911621 12.99474430 190 190 190
246087.37854004 3357555.11895752 13.17242718 44 47 52
246094.02258301 3357554.04559326 15.38204193 163 171 173
246093.98181152 3357554.77807617 15.83179283 47 162 227
246087.53247070 3357552.73571777 15.36806583 28 113 180
246087.15625000 3357554.31066895 15.07027626 128 128 128
246087.07934570 3357553.53570557 13.07291985 199 198 193
246086.73669434 3357552.77185059 13.07139111 204 204 202
246094.28027344 3357554.22442627 15.28839874 170 179 178
246087.78637695 3357553.53466797 15.51485729 9 122 192
246087.07067871 3357555.01220703 15.30368519 135 181 214
246087.17224121 3357552.81506348 15.52038383 164 71 116
246087.55590820 3357553.32775879 13.04597092 197 199 196
246088.26452637 3357553.37548828 15.08014011 63 122 152
246094.67602539 3357555.26580811 12.95917892 187 201 204
246094.29321289 3357556.42761230 13.05025196 108 136 160
246087.00439453 3357552.34417725 13.03816319 201 202 197
246087.32458496 3357553.75390625 13.07598114 199 199 197
246087.58593750 3357554.44708252 13.09840584 130 133 140
246094.02941895 3357554.09283447 15.34659290 172 173 175
246094.32629395 3357554.24432373 15.29253960 170 179 178
246094.47900391 3357553.70239258 13.13571167 200 86 86
246086.47875977 3357553.54864502 15.80102634 58 210 233
246093.21252441 3357555.59759521 15.38770103 128 128 128
246086.23803711 3357554.02972412 15.50836658 255 243 248
246084.90710449 3357553.88720703 13.15632820 136 137 139
246088.09863281 3357553.89056396 15.17651939 111 141 167
246088.37414551 3357553.36584473 15.11812973 84 149 179
246087.28686523 3357552.71038818 15.43161678 130 181 226
246086.50549316 3357552.96948242 14.96757030 128 128 128
246093.13171387 3357555.57165527 15.38450146 128 128 128
246093.52282715 3357555.91278076 15.42695141 128 128 128
246093.64550781 3357555.10601807 13.00881004 173 184 190
246093.83886719 3357554.44146729 13.00405312 196 215 221
246085.40893555 3357554.00415039 15.28959751 6 112 200
246093.60473633 3357555.30578613 12.99857998 176 189 197
246086.58605957 3357553.32727051 13.10591602 204 205 200
246093.76733398 3357554.15380859 15.52649307 242 242 242
246092.17553711 3357556.20538330 15.46102428 185 191 191
246088.07263184 3357553.56634521 15.41187096 15 133 195
246094.36633301 3357555.45336914 15.63745308 88 122 157
246087.23693848 3357552.67333984 13.07102203 196 195 191
246085.33508301 3357553.88586426 15.10458946 128 128 128
246093.77770996 3357555.19073486 12.99977875 186 196 205
246092.41357422 3357555.68878174 15.36604023 128 128 128
246087.54711914 3357553.93920898 13.07204628 162 166 175
246086.21203613 3357553.16723633 15.58544350 228 193 217
246093.42236328 3357555.16992188 15.33401108 128 128 128
246086.05554199 3357552.19830322 13.06431580 209 205 193
246088.13732910 3357553.30407715 15.03592396 129 129 129
246088.08081055 3357553.93286133 15.18631744 114 142 166
246086.97595215 3357554.06555176 15.66386700 28 125 196
246093.54235840 3357555.24597168 16.16568756 0 85 165
246092.31030273 3357555.20794678 12.97638798 165 162 157
246087.47534180 3357555.23754883 13.12332249 49 59 68
246093.99853516 3357555.04528809 15.85841274 27 121 191
246086.22949219 3357553.27172852 14.97936440 128 128 128
246094.11450195 3357555.51684570 15.37603951 128 128 128
246087.94848633 3357553.97210693 13.06009483 163 166 171
246085.41003418 3357553.92749023 15.10327625 128 128 128
246092.61132813 3357555.88427734 15.39318466 128 128 128
246092.24279785 3357556.04638672 13.02573013 144 153 162
246087.37915039 3357553.19543457 13.05547333 189 189 187
246087.57434082 3357554.38085938 15.11716747 143 180 198
246094.14208984 3357555.15759277 15.75860691 158 181 223
246093.81555176 3357555.76477051 15.40686226 128 128 128
246093.02966309 3357554.74890137 12.99292564 191 194 199
246085.84399414 3357554.58447266 13.08507538 145 144 140
246093.49377441 3357554.26318359 15.60207367 194 193 201
246088.25280762 3357553.73187256 13.06935883 161 166 172
246086.44470215 3357554.29309082 13.24658298 60 35 31
246085.88305664 3357552.56445313 15.35176086 26 165 234
246093.56542969 3357554.33593750 15.63721466 255 244 251
246093.72595215 3357556.23266602 13.03456020 108 153 182
246093.49987793 3357556.20617676 13.05758286 101 163 204
246086.07202148 3357552.13964844 15.29643726 27 160 225
246093.65063477 3357555.38293457 16.00302696 13 86 163
246086.21289063 3357553.71228027 13.25178242 177 178 182
246087.56823730 3357554.04998779 15.38431835 92 130 179
246085.66149902 3357554.09265137 13.19849205 84 54 52
246094.61267090 3357554.88745117 12.96828270 191 201 202
246092.58349609 3357554.94915771 15.30693054 128 128 128
246094.19714355 3357555.73150635 12.96320152 165 185 196
246093.14624023 3357555.25653076 12.99647427 187 194 200
246085.63073730 3357554.19384766 13.17343235 136 99 91
246093.31091309 3357555.02655029 15.31613159 128 128 128
246094.11218262 3357555.78424072 12.96186161 158 180 191
246093.78784180 3357556.15032959 15.59117794 84 177 218
246087.01550293 3357553.39672852 15.00497723 128 128 128
246093.02001953 3357556.11499023 15.44156837 202 221 227
246094.36584473 3357555.42468262 15.36194897 128 128 128
246094.59631348 3357556.91717529 13.00473881 89 95 107
246092.75195313 3357555.86834717 13.07121563 162 180 194
246086.85290527 3357553.30828857 13.06544304 196 197 192
246087.96899414 3357553.08544922 15.39389324 33 122 188
246085.81164551 3357552.55346680 15.10064507 223 242 246
246087.71386719 3357554.27276611 15.14731216 154 188 200
246087.64990234 3357554.09490967 13.04998302 165 169 172
246087.91235352 3357553.17913818 13.03306484 189 190 192
246092.44128418 3357555.97351074 13.04468536 153 161 163
246085.93847656 3357552.34759521 15.11913013 186 229 248
246087.19934082 3357553.53503418 15.77352238 9 89 176
246086.78186035 3357553.26867676 14.99189949 128 128 128
246092.72033691 3357555.48406982 15.37155151 128 128 128
246093.66528320 3357555.10717773 15.32598495 128 128 128
246093.86437988 3357553.90533447 13.17137909 224 102 113
246085.48010254 3357552.86901855 15.18723965 211 248 254
246092.82470703 3357554.83776855 13.00217819 199 203 206
246087.44470215 3357552.70758057 13.06714916 190 190 188
246085.89562988 3357554.29870605 15.32830906 13 135 202
246094.31079102 3357553.87384033 13.14012718 248 125 130
246085.92675781 3357552.46496582 15.06561089 204 228 240
246087.82739258 3357553.46374512 15.02861500 128 128 128
246087.31311035 3357552.57617188 13.05976582 202 203 198
246093.90124512 3357556.13433838 15.59821796 85 175 210
246092.75134277 3357555.20141602 15.33840370 128 128 128
246086.50097656 3357554.66699219 15.31939030 5 156 229
246088.17138672 3357553.41967773 13.07557583 167 170 175
246086.51989746 3357551.97247314 15.41052437 155 230 255
246092.56628418 3357557.07452393 13.00381279 141 167 190
246086.65686035 3357552.85040283 13.07713413 208 209 204
246086.97753906 3357552.27459717 15.35758877 12 105 198
246094.63488770 3357554.96850586 12.96576786 179 191 191
246086.65075684 3357554.38574219 15.49240398 3 164 236
246094.22912598 3357553.58917236 13.19173813 187 55 34
246094.61291504 3357554.96124268 12.96729755 181 193 193
246094.35278320 3357555.89501953 15.64384556 76 150 197
246086.22827148 3357553.73638916 13.25787163 178 179 183
246094.16113281 3357553.62347412 13.19432068 186 57 38
246086.03894043 3357553.06896973 13.15874958 189 193 194
246086.82592773 3357552.88323975 15.67716503 10 117 211
246086.73547363 3357552.68872070 15.61992073 8 119 211
246093.41735840 3357554.88494873 15.30395412 128 128 128
246094.49462891 3357554.01867676 13.12185383 211 141 141
246086.24389648 3357553.15496826 14.97265720 128 128 128
246094.06481934 3357554.04870605 15.38413048 179 194 199
246094.13073730 3357555.72540283 15.73874760 32 132 191
246092.80212402 3357554.04046631 12.98885441 166 152 152
246084.99682617 3357554.03497314 13.12889004 108 107 105
246085.70214844 3357552.95910645 14.98868465 204 218 219
246092.32885742 3357554.24218750 15.39173698 150 224 235
246092.84558105 3357555.84484863 15.74793625 12 134 217
246092.69445801 3357555.59619141 13.03231239 165 173 176
246094.39270020 3357554.47216797 15.63383102 139 216 232
246086.64721680 3357552.10858154 15.05919838 128 128 128
246092.41430664 3357554.61102295 15.28706646 128 128 128
246093.13146973 3357554.80200195 13.00364780 192 197 203
246088.14160156 3357553.48870850 15.06543350 46 100 138
246093.19274902 3357555.24871826 12.99765968 187 196 203
246085.42456055 3357554.22924805 13.11080933 70 71 73
246086.58337402 3357554.67828369 13.30879879 37 37 35
246093.40454102 3357556.15838623 15.50294876 193 205 219
246085.51342773 3357554.17236328 15.13522720 119 162 196
246093.17480469 3357554.66473389 15.80518246 0 161 231
246087.25134277 3357554.08697510 15.05182743 128 128 128
246093.60021973 3357555.83007813 15.41654587 128 128 130
246087.66625977 3357554.10070801 15.34630394 130 164 209
246085.32873535 3357553.94250488 13.21003914 44 47 56
246085.93847656 3357552.34924316 15.30748463 31 150 216
246085.51403809 3357554.33532715 13.11589336 89 80 81
246085.81982422 3357553.12963867 13.15815067 172 176 179
246087.94714355 3357553.48181152 13.05414486 178 182 185
246093.70190430 3357554.93701172 15.95967770 18 138 216
246093.70825195 3357554.33038330 13.02684021 141 169 190
246085.30578613 3357553.56451416 15.06959534 128 128 128
246094.31860352 3357554.47552490 13.07745171 111 109 120
246086.13159180 3357553.87017822 13.25954914 188 191 196
246093.43640137 3357555.66235352 15.83764553 9 118 203
246086.07507324 3357553.20703125 13.16827106 180 182 181
246094.31091309 3357554.68457031 15.29934025 148 157 162
246087.14660645 3357553.66943359 15.73944664 15 92 174
246086.67553711 3357553.97473145 13.31905746 104 104 102
246092.89440918 3357554.12805176 15.54067230 143 194 211
246093.00122070 3357557.26123047 12.98245239 54 127 170
246092.33288574 3357555.54687500 15.58508492 34 183 215
246093.19067383 3357554.76257324 15.30043697 128 128 128
246093.72338867 3357554.67626953 15.80894566 53 166 234
246086.81298828 3357554.52966309 15.10639763 128 128 128
246093.83276367 3357555.99291992 15.70190811 51 150 205
246087.09826660 3357553.85766602 15.03453636 128 128 128
246093.23474121 3357554.09112549 13.01367188 169 137 140
246086.93383789 3357552.94317627 13.05505753 203 204 199
246086.62805176 3357552.13024902 15.45207977 7 100 195
246086.92626953 3357553.18493652 14.99021339 128 128 128
246094.26623535 3357554.62609863 15.29606438 152 162 164
246085.40344238 3357554.00354004 15.28620529 6 112 200
246086.15014648 3357553.83911133 13.25848198 179 182 187
246088.20410156 3357553.33703613 15.04272652 85 123 142
246093.10339355 3357555.90869141 13.01120663 160 187 206
246087.30786133 3357553.78588867 15.03507423 128 128 128
246086.67773438 3357553.31597900 13.07695770 198 199 194
246087.20849609 3357553.40838623 13.06150055 193 192 190
246086.71936035 3357553.92004395 15.03887749 128 128 128
246093.96789551 3357555.94854736 15.74379730 92 168 220
246094.08239746 3357555.10662842 15.32563782 128 128 128
246086.01049805 3357554.31500244 13.16377640 55 46 47
246093.40161133 3357555.40179443 16.02902222 2 105 198
246087.79785156 3357554.21490479 15.28641129 140 180 206
246088.14733887 3357553.57299805 13.08161736 169 170 175
246093.49450684 3357554.54998779 15.75224304 255 175 212
246093.04724121 3357557.35034180 12.95041847 67 116 156
246087.98339844 3357555.58386230 13.01552773 120 123 128
246086.87866211 3357552.96173096 15.69373131 15 118 211
246093.89318848 3357554.30792236 15.58846092 204 224 233
246086.45715332 3357554.40814209 13.20768738 54 24 16
246093.14794922 3357555.49615479 15.91707134 7 157 220
246093.69116211 3357555.86572266 15.41946507 128 128 128
246094.59631348 3357554.71197510 15.60157299 112 185 217
246093.07104492 3357556.62109375 13.18493366 156 70 73
246092.50549316 3357556.12408447 15.43147755 208 219 225
246087.71105957 3357553.09466553 13.03482723 198 199 201
246086.72216797 3357554.41790771 13.31959915 112 97 92
246090.75366211 3357556.03790283 12.98272419 162 164 163
246092.33508301 3357555.32214355 15.57181549 4 179 226
246094.46508789 3357554.82287598 15.30991936 135 149 158
246092.68371582 3357555.55810547 13.02707481 168 173 176
246086.25488281 3357553.96228027 13.28480530 184 187 194
246092.84667969 3357555.69445801 13.03601837 170 180 189
246085.50573730 3357553.32293701 13.17520905 134 135 140
246094.72473145 3357553.34997559 12.96748543 191 191 189
246093.43945313 3357555.59802246 12.96477127 176 190 201
246085.22412109 3357553.58105469 13.18716621 32 33 37
246086.50219727 3357553.93243408 13.32682514 82 82 80
246087.47363281 3357554.61767578 15.13151741 158 181 195
246089.57897949 3357555.83349609 12.98112392 100 116 129
246087.02465820 3357552.21380615 15.05283833 128 128 128
246092.84045410 3357555.35290527 15.35730743 128 128 128
246087.14062500 3357553.40979004 15.79492664 56 135 214
246087.78552246 3357554.21038818 15.29085255 135 174 203
246092.79150391 3357555.85589600 13.06611443 162 181 195
246086.11413574 3357553.48675537 15.00840759 128 128 128
246093.41650391 3357555.48083496 15.37293911 128 128 128
246092.75537109 3357554.42517090 12.96339130 203 204 208
246093.96008301 3357556.76422119 12.98575497 46 55 64
246093.10253906 3357556.10565186 15.62300682 76 139 182
246092.86193848 3357554.27624512 15.29686642 128 128 128
246093.93017578 3357554.58972168 15.31774521 168 170 169
246085.85498047 3357553.71942139 13.22318172 66 70 79
246086.63208008 3357553.59484863 15.88139057 27 151 223
246086.80920410 3357553.69671631 15.01821041 128 128 128
246092.81860352 3357554.09606934 15.49980736 160 179 186
246093.28137207 3357555.73956299 12.95420933 182 196 207
246087.71679688 3357554.17669678 15.31712532 146 182 218
246086.00158691 3357552.71228027 13.12286854 174 178 179
246085.51953125 3357554.17822266 15.21851635 1 80 157
246086.95190430 3357553.42590332 15.00525856 128 128 128
246086.43701172 3357554.18261719 15.50627899 211 76 116
246085.95861816 3357554.48791504 13.10120201 70 69 67
246092.85705566 3357557.01007080 13.07127762 140 175 197
246093.54687500 3357555.65625000 15.39481640 128 128 128
246088.00878906 3357553.16302490 13.04289150 183 187 190
246093.78015137 3357554.65252686 13.00426769 186 197 201
246093.72314453 3357554.23217773 15.29264927 169 171 168
246085.97973633 3357552.83880615 15.40394115 157 219 232
246092.21166992 3357554.84265137 15.45312977 20 173 241
246094.53283691 3357553.41040039 13.03943253 218 183 179
246086.31872559 3357552.64147949 14.98654842 128 128 128
246093.19165039 3357555.54779053 15.89224720 18 149 231
246086.96362305 3357554.09094238 15.65267277 29 123 195
246093.37597656 3357554.26373291 15.60723305 208 233 255
246087.11804199 3357553.11950684 13.06330299 200 201 196
246084.92370605 3357554.01928711 13.12393665 102 102 102
246086.62622070 3357554.65765381 13.31584549 29 25 24
246085.69689941 3357552.81188965 15.33034992 10 168 233
246087.56555176 3357552.81524658 14.99926758 128 128 128
246094.07495117 3357555.47631836 15.79377842 84 126 166
246092.24816895 3357555.65283203 15.55764675 37 177 200
246087.08886719 3357552.55395508 13.04571247 205 206 201
246086.20983887 3357554.42932129 15.34517670 173 235 255
246087.95385742 3357552.80285645 15.28863335 70 153 203
246087.81445313 3357552.70989990 15.29216957 40 147 219
246088.11352539 3357554.09313965 13.04406834 148 151 158
246087.40869141 3357552.66296387 13.06879902 190 191 186
246094.55895996 3357554.08630371 13.11480904 110 65 70
246093.73632813 3357554.03778076 15.38399410 207 208 200
246092.18383789 3357555.59112549 15.34382820 127 129 128
246092.99230957 3357555.36511230 15.89741707 50 208 243
246087.79455566 3357552.68658447 15.02707672 181 185 186
246086.91870117 3357553.69799805 15.86593628 11 90 169
246087.56530762 3357554.17492676 15.36110592 107 159 207
246092.77246094 3357555.00201416 15.31342125 128 128 128
246086.47082520 3357553.47027588 15.81644440 118 250 255
246087.31274414 3357552.64288330 15.01208973 128 128 128
246093.25573730 3357555.17645264 15.33493900 128 128 128
246087.32177734 3357554.06195068 15.49375153 175 211 233
246086.73254395 3357554.40161133 15.50875568 10 170 232
246087.50024414 3357553.18218994 15.00330162 128 128 128
246087.91955566 3357554.27374268 13.04546452 148 153 159
246086.00708008 3357553.21875000 13.16583443 176 177 179
246087.65856934 3357553.70080566 15.49505901 45 124 183
246087.13549805 3357554.77124023 15.12047863 128 128 128
246086.29150391 3357551.91387939 15.13611698 116 196 233
246094.18261719 3357556.57080078 13.02348900 94 113 130
246085.73437500 3357553.42974854 15.01956558 128 128 128
246093.07519531 3357555.80865479 13.00175381 180 197 205
246094.53405762 3357554.59271240 13.02957916 201 217 216
246087.27099609 3357554.53546143 15.09264278 128 128 126
246086.53625488 3357552.15295410 15.05330753 128 128 128
246094.22644043 3357555.17810059 12.98679447 185 199 202
246092.83911133 3357554.19897461 15.29683399 128 128 128
246087.11157227 3357552.51202393 13.04521656 208 207 205
246093.03442383 3357555.38415527 12.99123383 186 193 199
246087.61999512 3357553.56042480 15.02875805 128 128 130
246093.92028809 3357556.82025146 12.97747993 43 50 58
246093.13891602 3357554.10827637 15.51844883 177 214 243
246092.95703125 3357555.82061768 15.75994873 18 131 211
246092.78247070 3357555.71099854 15.80337429 30 168 217
246092.46606445 3357555.09313965 13.00587654 170 167 160
246092.93811035 3357555.55883789 15.38302612 128 128 128
246092.73925781 3357556.48437500 13.19989872 100 88 76
246088.14526367 3357553.52423096 15.07832050 43 102 144
246093.61889648 3357555.06445313 15.32067108 128 128 128
246087.45935059 3357554.32910156 13.13059807 112 117 123
246093.12561035 3357555.38757324 15.36145592 128 128 128
246094.49877930 3357555.71575928 15.35286522 128 128 128
246086.46228027 3357554.53881836 15.12253189 128 128 128
246087.73229980 3357553.06335449 13.03466892 199 200 202
246093.62768555 3357555.45959473 15.97987461 58 126 201
246087.12145996 3357552.51513672 15.02149010 129 127 128
246092.72863770 3357555.88269043 15.72265816 22 150 221
246085.69213867 3357552.87384033 15.34638214 14 171 222
246085.93908691 3357553.98187256 13.23753834 224 233 238
246087.24536133 3357553.88604736 13.11118507 177 185 188
246086.83984375 3357553.94567871 13.27750587 166 165 161
246086.76770020 3357553.66217041 13.18302155 178 177 175
246086.42553711 3357553.79211426 13.30046654 162 160 163
246093.96264648 3357556.08294678 13.01073170 153 175 188
246093.21887207 3357555.85241699 15.74553490 255 247 253
246093.64489746 3357555.20550537 16.11605835 4 89 169
246085.21569824 3357553.66772461 15.35784721 23 128 211
246086.87084961 3357554.19525146 15.06591988 128 128 128
246094.35791016 3357555.69537354 15.37730598 128 128 128
246092.95166016 3357555.85858154 15.74170303 21 131 210
246093.30041504 3357556.08135986 13.02534103 125 174 207
246093.74108887 3357555.69433594 12.95796490 172 190 202
246094.38037109 3357555.25939941 15.64686012 143 163 190
246094.58605957 3357556.67553711 13.04435825 86 119 162
246088.25317383 3357553.48669434 15.36128044 22 142 203
246088.19409180 3357553.44232178 15.07233047 44 103 143
246086.56311035 3357554.01348877 15.61329079 29 128 219
246085.80224609 3357553.30291748 15.46136284 93 236 253
246087.70678711 3357553.52038574 15.02835846 127 129 128
246085.85766602 3357553.86499023 15.06810951 128 128 128
246087.76721191 3357553.62744141 15.48783207 19 129 192
246087.42248535 3357554.43945313 13.21822643 122 123 128
246093.96057129 3357554.87384033 13.00199795 199 207 209
246086.26635742 3357553.37945557 14.99065495 128 128 128
246086.39233398 3357554.14074707 15.07628536 128 128 128
246085.73400879 3357554.58819580 13.09486389 70 66 63
246087.98791504 3357553.92077637 15.31233692 84 173 205
246085.21069336 3357553.77636719 15.32969952 70 175 241
246087.80895996 3357553.99206543 13.05088043 168 169 173
246092.75390625 3357556.68066406 13.16532707 141 145 144
246087.58911133 3357554.82458496 13.11730862 54 57 66
246088.24682617 3357553.14465332 13.06734657 179 183 186
246094.63964844 3357553.40808105 13.01048565 184 179 176
246090.68005371 3357556.01165771 12.98369789 116 120 123
246085.60961914 3357553.84112549 13.23993111 104 119 142
246094.48083496 3357554.03765869 13.12654305 211 141 141
246087.34460449 3357552.78002930 15.44083500 81 142 199
246094.50598145 3357555.38586426 15.34664536 128 128 128
246092.56506348 3357554.85961914 13.01378536 168 173 167
246092.27221680 3357555.98040771 15.37770748 128 128 128
246085.96752930 3357552.30590820 15.10881042 177 232 252
246093.02770996 3357554.68072510 15.78169060 29 207 255
246085.71899414 3357554.24188232 15.12142086 128 128 128
246086.80444336 3357553.38537598 14.99942112 128 128 128
246092.47009277 3357555.50781250 13.01043034 157 159 158
246092.83520508 3357556.03509521 13.07875061 139 174 202
246085.67065430 3357553.24188232 15.00208187 128 128 128
246094.48461914 3357556.96929932 12.97911072 116 104 106
246088.35559082 3357553.77575684 13.05274677 152 156 165
246093.03601074 3357554.02416992 13.00218201 161 136 139
246086.15832520 3357554.41546631 15.12218666 128 128 128
246088.20788574 3357553.37359619 13.07763577 171 174 179
246092.26550293 3357555.95623779 13.01802158 148 156 159
246085.74462891 3357553.17718506 13.16007423 180 185 189
246086.99926758 3357553.86505127 15.03269482 128 128 128
246093.48193359 3357555.91070557 15.42672443 128 128 128
246094.05065918 3357553.57159424 13.21684551 163 42 33
246086.94421387 3357553.08709717 14.98475742 128 128 128
246086.87121582 3357554.44775391 13.36313438 120 115 119
246092.71557617 3357554.16589355 15.29475117 128 128 128
246086.79626465 3357554.23547363 15.07291985 128 128 128
246087.40124512 3357555.49481201 13.11105442 65 74 81
246088.04223633 3357553.01367188 13.03651714 187 191 192
246086.57165527 3357554.79333496 15.19062901 120 179 211
246085.88610840 3357552.49078369 15.11382675 148 171 179
246086.81689453 3357553.12945557 15.82325077 22 132 221
246088.16662598 3357552.99804688 15.26836109 78 154 203
246092.87890625 3357554.29205322 15.64255047 47 175 222
246087.48291016 3357554.41564941 15.09066677 113 150 169
246094.26367188 3357555.54797363 15.68537140 92 136 175
246087.63952637 3357554.38616943 15.29904461 107 177 203
246084.95837402 3357554.09979248 13.11114502 85 81 78
246094.11572266 3357555.79986572 15.73933697 28 131 189
246094.25830078 3357554.62860107 15.71219540 86 193 229
246094.39721680 3357554.12261963 13.14919281 219 162 153
246094.28393555 3357556.50994873 13.03940582 102 126 150
246094.63317871 3357556.15356445 13.05108738 133 165 188
246087.19140625 3357553.69830322 13.07880592 193 192 190
246087.36853027 3357554.07916260 13.12398338 112 125 144
246092.28710938 3357555.11633301 15.53413582 117 202 222
246087.13769531 3357555.31231689 13.33446026 22 22 24
246086.33752441 3357554.62292480 15.13921261 128 128 128
246094.19042969 3357555.05621338 15.74397469 58 125 178
246094.18371582 3357556.49420166 13.03222942 103 126 144
246093.31835938 3357554.15692139 15.31574154 181 183 180
246086.97155762 3357553.46087646 15.90756798 42 113 195
246092.52124023 3357556.15942383 15.53764057 138 169 189
246094.33654785 3357556.13336182 15.59846783 89 160 202
246094.34448242 3357553.54925537 13.18033504 218 97 89
246092.90917969 3357554.46417236 15.68265152 46 205 247
246093.29907227 3357554.48089600 15.72410774 116 166 227
246088.04638672 3357553.26306152 15.43398762 157 215 255
246093.64221191 3357554.35076904 15.64180279 232 230 244
246085.45227051 3357553.70367432 15.07375336 128 128 128
246093.04638672 3357555.64013672 15.39313221 128 128 128
246086.81823730 3357554.87805176 15.31548882 57 184 229
246094.01513672 3357555.67498779 15.80580044 21 125 188
246086.95080566 3357555.24530029 13.32171249 43 39 40
246092.73193359 3357555.85675049 13.07093811 162 180 194
246093.54650879 3357554.53240967 15.74087811 236 69 123
246092.79626465 3357555.22113037 15.75528049 255 236 251
246092.33532715 3357555.17297363 15.56042767 189 255 255
246092.85632324 3357556.14562988 15.45033836 201 225 235
246094.07653809 3357554.45782471 15.29135036 163 172 171
246093.75830078 3357556.61798096 13.00110626 79 68 62
246094.04809570 3357555.11596680 15.32683086 128 128 128
246094.58447266 3357554.18298340 13.11693096 167 177 166
246094.23657227 3357556.58520508 13.02668190 94 111 131
246094.56188965 3357554.65429688 15.32075500 135 154 168
246092.95312500 3357555.53515625 15.38005161 128 128 128
246092.58203125 3357554.22308350 12.97117233 210 204 206
246087.26477051 3357553.44042969 13.06001568 189 187 188
246092.49890137 3357556.25042725 13.05715275 123 134 152
246086.44104004 3357554.12109375 13.30019283 73 58 53
246087.09045410 3357555.08831787 13.31539154 27 31 40
246085.01452637 3357553.66461182 15.28101158 50 126 201
246087.73010254 3357554.39703369 15.18863678 176 203 210
246087.97973633 3357554.38049316 13.04689217 131 136 142
246087.59082031 3357553.34655762 15.57827568 87 166 235
246092.27844238 3357555.08367920 15.31352615 128 128 128
246094.20458984 3357553.82769775 13.16299438 201 38 39
246093.95483398 3357554.74804688 12.99823189 203 208 211
246085.53881836 3357553.72100830 15.06865978 128 128 128
246093.38317871 3357555.59283447 15.38698769 128 128 128
246094.33825684 3357555.53179932 12.96105099 165 182 190
246086.54174805 3357552.87207031 15.64566326 26 230 241
246086.97509766 3357552.48248291 15.44373322 12 104 203
246086.00878906 3357554.14880371 13.21830750 111 102 107
246093.66821289 3357554.76696777 15.30910110 128 128 128
246092.09838867 3357555.30474854 15.31875706 128 128 128
246086.61840820 3357555.08502197 13.20781040 66 124 174
246092.39025879 3357555.56121826 13.02276039 159 159 159
246093.16894531 3357554.38281250 15.67814064 24 169 234
246086.83691406 3357552.75402832 13.06128025 204 204 204
246087.84765625 3357553.07092285 13.02861595 197 198 200
246093.96691895 3357555.11962891 15.87018681 23 117 189
246094.10900879 3357554.59539795 15.71327877 75 199 233
246087.95434570 3357553.33319092 15.02673149 128 128 128
246093.04821777 3357554.29083252 15.34183121 186 188 185
246086.80358887 3357553.86163330 13.25600815 161 160 158
246094.05517578 3357555.96905518 15.41838169 128 128 128
246086.51831055 3357553.70318604 15.77243900 22 151 235
246086.05017090 3357554.84649658 13.06580925 196 187 180
246094.17260742 3357554.63580322 13.01199532 215 219 218
246086.24755859 3357551.91174316 15.25293159 55 175 235
246086.85522461 3357553.77825928 15.02416134 128 128 128
246087.03723145 3357553.35003662 13.06695843 187 186 182
246087.00585938 3357555.15643311 13.32276440 52 53 57
246085.60314941 3357554.19464111 13.16543579 112 82 80
246087.42053223 3357554.73498535 15.29130459 125 189 214
246094.37658691 3357553.77526855 13.14379025 216 53 58
246086.90026855 3357553.32012939 15.89433670 24 126 208
246085.44616699 3357553.69152832 15.40073776 28 168 221
246086.62109375 3357554.96575928 13.25734138 114 213 254
246092.79016113 3357555.36199951 15.77597618 70 212 236
246086.14294434 3357554.42352295 15.12395191 128 128 128
246086.30383301 3357553.92492676 15.57112122 232 239 255
246093.73901367 3357554.95458984 15.97430420 33 140 218
246086.53735352 3357553.62689209 13.25402451 174 174 174
246087.71545410 3357553.48315430 15.02632809 127 129 128
246092.14746094 3357556.18218994 13.04019737 132 139 147
246087.62280273 3357553.13372803 15.49331188 14 109 201
246087.10205078 3357554.86694336 15.13029099 128 128 126
246087.52355957 3357554.29290771 15.07181835 152 177 184
246092.99719238 3357555.54016113 15.89533901 36 181 226
246093.13244629 3357556.58282471 13.18791580 237 167 159
246092.78942871 3357555.10394287 15.72955418 245 132 162
246093.94653320 3357555.61474609 12.96091080 170 189 196
246085.63073730 3357553.35931396 13.17621422 180 180 178
246085.93420410 3357552.58282471 15.02028465 215 230 235
246094.59204102 3357556.72937012 13.04759884 124 139 172
246085.18359375 3357553.50103760 15.10305500 128 128 128
246092.18847656 3357555.49615479 15.33729553 128 128 128
246087.81298828 3357554.24145508 15.17723656 160 189 197
246093.41845703 3357555.58929443 15.87940884 16 118 200
246093.82617188 3357554.98968506 15.31117249 128 128 128
246085.29394531 3357553.69653320 13.23840714 112 110 115
246086.02832031 3357554.01275635 15.07833481 128 128 128
246085.85717773 3357552.70416260 15.34400654 26 144 206
246085.77087402 3357554.69299316 13.07335091 87 79 76
246086.03759766 3357553.40435791 15.00190639 128 128 128
246086.20898438 3357553.11065674 13.15543747 202 204 201
246086.77197266 3357553.61737061 15.94915676 78 165 234
246085.67834473 3357553.16906738 14.99297905 128 128 128
246093.29492188 3357554.72351074 13.00646877 190 197 205
246093.98950195 3357555.23522949 12.98371220 188 203 208
246086.64111328 3357553.59790039 15.88300228 27 151 223
246086.08435059 3357552.89904785 15.45660973 79 131 155
246093.80810547 3357555.27764893 12.98925018 181 194 202
246094.46655273 3357554.99279785 15.63154697 106 155 188
246086.30395508 3357554.73223877 13.12177944 68 63 59
246093.63146973 3357556.11376953 15.44580555 129 127 130
246094.05078125 3357554.98455811 13.00352478 187 198 200
246086.54809570 3357552.99426270 14.97004128 128 128 128
246093.55017090 3357555.27154541 16.14461517 2 89 169
246088.16796875 3357553.75775146 13.07600307 162 167 173
246087.53247070 3357554.76580811 13.17313957 86 77 80
246094.25402832 3357554.02648926 13.15196037 252 251 249
246092.80468750 3357555.36297607 12.98354149 191 196 200
246087.91284180 3357553.42205811 13.04693413 179 183 186
246086.39379883 3357552.69458008 15.54851055 25 213 242
246087.62084961 3357553.53271484 13.04808807 192 194 193
246087.21630859 3357554.55480957 15.42262363 41 146 201
246093.51428223 3357553.85992432 13.09880924 203 96 86
246093.14416504 3357557.23193359 12.98197746 69 118 150
246092.64624023 3357556.69476318 13.13650036 139 146 152
246093.35461426 3357555.31170654 15.35180378 128 128 128
246086.66650391 3357553.84564209 15.03193855 128 128 128
246086.16027832 3357552.00549316 15.24256420 47 173 234
246086.25158691 3357553.85797119 15.58730030 29 132 211
246094.45458984 3357555.18127441 15.33473492 128 128 128
246087.41491699 3357554.40045166 15.07441235 124 129 133
246094.39782715 3357555.79077148 12.96488857 161 185 197
246087.38232422 3357553.91497803 15.51758289 116 49 66
246093.58740234 3357554.71972656 13.01146221 175 182 190
246087.32128906 3357554.73895264 15.33030319 75 165 202
246092.77478027 3357554.93280029 15.30475426 128 128 128
246086.83251953 3357553.81048584 13.22066307 178 177 173
246092.97680664 3357554.92889404 15.81990242 114 234 251
246086.42687988 3357553.07922363 13.09356117 204 204 202
246094.39489746 3357556.68157959 13.03053284 100 119 152
246087.33813477 3357552.37835693 15.29455757 26 124 211
246086.57910156 3357552.50238037 15.54475880 83 210 245
246094.27233887 3357556.26824951 13.06078053 124 152 173
246093.95544434 3357554.78015137 15.83640480 47 165 229
246086.05041504 3357553.42974854 13.18773079 155 156 158
246092.21130371 3357554.71838379 15.43348694 43 179 241
246093.05688477 3357555.41577148 12.99083805 188 195 201
246094.46667480 3357555.49200439 12.95849133 169 186 193
246094.26989746 3357554.86663818 12.98581696 205 213 216
246094.39868164 3357556.62536621 13.03663540 89 112 146
246085.88220215 3357554.15216064 15.10275364 128 128 128
246087.25927734 3357552.48132324 15.34381866 125 207 255
246094.35290527 3357554.08093262 13.14957333 212 157 150
246093.60595703 3357556.93768311 12.94496536 72 73 75
246087.42175293 3357554.73413086 15.29094124 125 189 214
246086.66381836 3357553.88385010 15.03644466 128 128 128
246086.18090820 3357552.78387451 15.48304844 148 222 249
246087.12207031 3357552.61785889 15.44928932 110 146 206
246093.52429199 3357555.81494141 15.41470051 128 128 130
246094.54724121 3357554.24725342 13.11979389 206 211 204
246086.34460449 3357553.82916260 15.04017639 128 128 128
246086.41491699 3357553.06750488 13.09526634 204 204 202
246093.95983887 3357554.91589355 15.87700272 9 101 176
246086.05688477 3357553.75952148 13.23165321 176 180 183
246087.16662598 3357552.55364990 15.01833534 128 128 126
246094.40966797 3357554.88110352 15.31428909 135 146 148
246087.12255859 3357555.18304443 13.31795788 1 5 6
246085.55358887 3357552.92681885 15.08857441 216 235 239
246094.61279297 3357556.65362549 13.04202557 85 128 173
246093.34741211 3357555.56921387 15.88235188 18 128 207
246086.44970703 3357552.72344971 14.98072147 128 128 128
246093.98181152 3357555.49139404 12.96208572 162 179 186
246092.80383301 3357554.43371582 15.64722252 43 203 239
246087.44104004 3357553.37518311 15.01351261 128 128 128
246094.59887695 3357554.76806641 15.59549427 109 180 210
246094.23083496 3357554.95660400 15.73396969 75 143 190
246085.99707031 3357553.76959229 15.56176662 7 154 232
246085.96948242 3357553.35040283 14.99854851 128 128 128
246094.12854004 3357553.64215088 13.20061493 177 52 34
246094.02038574 3357554.04962158 15.40646553 182 195 201
246092.54406738 3357555.68347168 13.05805492 164 170 170
246093.72277832 3357556.01177979 15.43372154 128 128 128
246094.31445313 3357555.96276855 15.39026546 128 128 128
246092.35839844 3357556.43243408 13.06378841 144 145 147
246086.48876953 3357553.15612793 13.08416748 199 199 197
246086.18786621 3357553.99810791 15.06860542 128 128 128
246086.12902832 3357552.31964111 15.39180565 26 174 246
246086.43835449 3357552.77368164 15.57444382 37 226 248
246087.42260742 3357552.79083252 13.06886959 193 193 191
246093.99560547 3357555.43493652 15.36680698 128 128 128
246092.70007324 3357554.55883789 15.61232662 37 211 245
246092.48461914 3357554.48846436 15.28895473 128 128 128
246092.91650391 3357554.00946045 13.00896454 153 134 136
246092.42407227 3357556.17803955 15.47872448 194 195 190
246085.85473633 3357553.93316650 15.07673836 128 128 128
246092.98181152 3357555.49932861 12.98567581 187 194 200
246087.52075195 3357553.86718750 13.07174683 174 179 182
246086.23950195 3357553.50671387 15.71197319 97 246 253
246085.20141602 3357553.56146240 15.09387875 128 128 128
246085.16833496 3357553.49688721 15.10786629 129 127 128
246086.78308105 3357553.00744629 13.05794716 201 201 199
246092.85656738 3357555.99639893 13.07885742 148 180 201
246092.09631348 3357555.37268066 15.32322407 127 129 128
246092.94519043 3357555.59802246 13.00797749 178 187 192
246093.38085938 3357556.83233643 12.99669647 98 98 106
246094.11682129 3357555.19274902 15.33640003 128 128 128
246092.80053711 3357555.41998291 12.98498726 194 199 203
246092.29699707 3357555.03320313 13.01156044 164 161 156
246087.34558105 3357552.68304443 15.39783669 79 148 190
246087.89282227 3357553.72796631 13.06208992 177 178 182
246093.19726563 3357556.78485107 13.06227303 61 56 63
246085.18334961 3357553.61694336 15.33840370 31 126 206
246092.99475098 3357554.76354980 15.80018806 17 210 241
246092.34094238 3357555.89569092 15.61106777 34 192 221
246087.13757324 3357554.69628906 15.41227722 42 143 199
246087.28198242 3357552.88775635 13.06434155 197 197 195
246085.93713379 3357552.26812744 15.26098919 98 182 228
246086.47314453 3357552.68481445 15.57282543 57 227 252
246092.24353027 3357555.34930420 12.97799969 167 168 163
246087.03918457 3357552.74218750 15.53588200 202 187 230
246092.26623535 3357555.22174072 15.32266521 128 128 128
246093.59008789 3357554.57336426 15.31653023 184 184 182
246087.62719727 3357552.68939209 15.01499653 127 129 128
246094.19885254 3357554.33209229 15.28241444 165 175 176
246093.92895508 3357556.12664795 15.60575581 89 174 211
246093.80334473 3357555.72906494 15.40346050 128 128 128
246086.73022461 3357552.50866699 15.01210308 128 128 128
246094.11389160 3357553.70587158 13.20578003 238 105 96
246087.98962402 3357553.09338379 13.03679276 186 190 193
246093.18920898 3357554.32043457 15.34379673 185 187 184
246092.99145508 3357555.21722412 15.34021759 128 128 128
246086.38183594 3357552.96221924 15.59932423 145 242 251
246093.99780273 3357554.93029785 15.31428623 128 128 128
246087.64233398 3357554.25952148 13.04561424 138 141 146
246087.15002441 3357553.37408447 15.78346157 27 108 190
246085.54077148 3357553.99084473 13.19612312 118 129 149
246094.69421387 3357553.60345459 13.01515102 182 182 184
246086.52062988 3357554.05987549 15.06130123 128 128 128
246093.92065430 3357554.37066650 13.04597664 105 137 178
246093.74633789 3357555.58294678 12.96552849 169 183 194
246087.40002441 3357552.97399902 13.06423759 194 194 192
246086.79467773 3357554.98876953 13.33531952 19 124 181
246092.70715332 3357554.64581299 15.62616253 26 214 251
246093.21545410 3357554.78662109 15.87310410 24 173 216
246092.70227051 3357555.03717041 15.67515373 255 225 231
246093.15466309 3357556.74444580 13.11596394 69 39 41
246087.61315918 3357552.67547607 15.01619625 127 129 128
246086.47778320 3357552.41143799 13.08288193 196 198 193
246087.01269531 3357554.61462402 15.46842194 40 122 178
246092.86682129 3357554.88421631 13.00592041 198 202 205
246085.57495117 3357553.81433105 15.07656002 128 128 128
246088.22082520 3357553.24279785 13.07264423 179 183 186
246093.66723633 3357554.96826172 15.99606323 18 134 211
246093.27453613 3357554.00012207 15.44458771 232 232 230
246086.97973633 3357554.25518799 15.06942081 128 128 128
246093.75756836 3357555.39941406 12.98076344 171 184 193
246086.99462891 3357554.64471436 13.39983654 136 136 136
246093.64807129 3357555.64538574 12.96624756 169 186 196
246093.38488770 3357554.00238037 15.43509483 226 226 224
246092.69006348 3357554.17486572 12.97606087 189 179 180
246094.57507324 3357556.21759033 15.48674011 126 182 207
246086.77038574 3357552.47387695 13.06360149 201 200 198
246086.09765625 3357554.45208740 15.31854439 114 200 217
246087.99035645 3357553.28607178 15.45715141 157 221 255
246093.67907715 3357556.07659912 15.64808083 73 161 209
246087.39953613 3357554.84991455 15.22829819 162 199 215
246087.87695313 3357553.21875000 15.01419640 128 128 128
246086.71166992 3357554.36297607 13.32156086 166 157 150
246087.87866211 3357552.77166748 15.01838493 174 179 183
246092.12829590 3357555.55517578 15.49767017 52 176 227
246086.14526367 3357552.20690918 15.08173275 134 210 242
246092.38342285 3357555.77685547 15.37039375 128 128 128
246093.20971680 3357554.04083252 13.01238346 160 124 128
246087.80212402 3357554.16461182 13.04736233 170 171 176
246086.19677734 3357552.15069580 15.08358860 106 191 228
246086.21313477 3357553.89990234 15.05508900 128 128 128
246085.92565918 3357552.33367920 15.14951134 181 228 248
246092.30395508 3357555.97924805 15.37971878 128 128 128
246093.70312500 3357554.91802979 15.93967152 15 138 216
246092.62512207 3357554.89434814 13.01726723 166 168 165
246086.95239258 3357555.02233887 13.34406471 25 40 59
246085.91186523 3357553.57482910 15.02941990 128 128 128
246094.30200195 3357554.24859619 15.52676868 118 219 231
246093.51599121 3357555.62890625 12.96675587 164 181 191
246094.05798340 3357554.75830078 12.98780537 211 215 216
246094.58374023 3357554.44305420 15.32485294 138 160 173
246087.22973633 3357555.15100098 13.26372147 17 18 20
246086.43981934 3357552.45648193 15.51980686 64 208 243
246094.46313477 3357556.28887939 13.07847118 125 157 180
246087.24914551 3357555.43786621 13.29645824 69 72 77
246093.06921387 3357554.19226074 15.57575798 58 176 222
246087.20251465 3357553.77355957 15.03190327 128 128 128
246086.60339355 3357553.13989258 13.07245255 197 197 195
246086.40686035 3357553.82092285 15.65873528 23 136 232
246086.36328125 3357552.45715332 15.00840092 128 128 128
246086.73486328 3357552.95629883 15.75533009 10 124 194
246087.36999512 3357554.01214600 15.48758793 236 243 255
246094.11938477 3357555.04956055 12.99820518 184 195 199
246086.14587402 3357554.22570801 15.09910965 128 128 128
246087.25219727 3357554.20507813 15.05893326 128 128 128
246093.63708496 3357555.81451416 15.41457272 128 128 128
246088.49816895 3357553.26428223 15.18943787 78 167 225
246087.63671875 3357553.06341553 15.46450520 10 108 195
246086.26928711 3357552.87512207 13.11780930 200 201 203
246092.60546875 3357556.46289063 13.16046619 225 225 215
246085.67297363 3357554.16082764 15.30866909 27 139 223
246086.37695313 3357554.67791748 15.27068520 41 151 210
246087.62792969 3357554.29675293 15.11418343 147 185 198
246087.03430176 3357553.79077148 13.13387489 175 176 171
246092.74401855 3357555.88201904 15.40178585 128 128 128
246088.19116211 3357553.16381836 15.35943127 43 117 182
246085.28662109 3357553.09606934 15.20368195 154 197 231
246085.92102051 3357553.92633057 15.07283497 128 128 128
246086.28015137 3357553.24432373 14.97885323 128 128 128
246085.76660156 3357553.72503662 13.22217846 131 134 149
246092.67651367 3357554.24273682 12.96981335 206 202 203
246087.12109375 3357554.82788086 15.12599468 128 130 129
246093.82812500 3357556.68194580 12.98311901 64 62 67
246093.84460449 3357556.17871094 15.52591515 127 187 213
246087.50048828 3357552.95758057 13.05732918 192 190 191
246087.23815918 3357553.72058105 15.02954865 128 128 128
246086.27990723 3357554.05822754 15.50884438 230 161 179
246092.70690918 3357555.98095703 15.40645790 127 129 128
246093.26452637 3357555.19628906 16.05382156 69 228 250
246087.50305176 3357553.04809570 15.48909473 12 103 196
246087.15576172 3357553.15692139 15.67885876 19 104 195
246085.86254883 3357553.78143311 15.51219845 3 160 231
246092.31408691 3357554.32751465 15.40590858 125 212 232
246085.52709961 3357554.33251953 13.12007141 86 74 76
246093.13195801 3357554.98785400 13.00185776 190 197 203
246086.55554199 3357555.06866455 13.17464542 80 155 194
246093.62890625 3357554.95300293 15.98403740 18 135 214
246085.94494629 3357554.38220215 15.12852192 128 128 128
246092.57641602 3357554.15234375 15.29228687 128 128 128
246092.70288086 3357555.85302734 15.73733139 30 165 233
246093.12536621 3357555.25390625 15.34472275 128 128 128
246085.87670898 3357553.80853271 13.22735500 221 232 236
246085.52172852 3357554.10565186 15.27781773 2 113 205
246094.45996094 3357555.09747314 15.62601376 127 168 198
246086.34838867 3357553.18914795 13.13496685 213 213 211
246092.73168945 3357557.30358887 12.97335148 85 150 188
246087.18627930 3357553.26837158 15.71732616 14 103 197
246085.45117188 3357554.04229736 15.11325169 128 128 128
246087.43054199 3357553.67346191 15.58380318 19 94 162
246087.71508789 3357554.63623047 13.07502747 115 118 127
246087.59716797 3357554.63580322 13.14187336 111 111 119
246087.64428711 3357553.92681885 15.05191135 128 128 126
246093.35510254 3357556.05029297 13.01868057 129 174 203
246086.56445313 3357552.66284180 14.99049950 128 128 128
246094.22973633 3357556.18798828 13.04018307 132 160 174
246088.18261719 3357553.88708496 13.05965996 156 159 166
246085.68237305 3357553.60455322 15.44859600 11 147 225
246087.14208984 3357552.59631348 15.01290989 128 128 128
246086.59375000 3357554.79315186 15.15614319 135 184 214
246087.10815430 3357554.19635010 15.05857182 128 128 128
246093.56665039 3357556.13983154 15.60729790 96 149 191
246085.92248535 3357554.32427979 15.12233734 128 128 128
246087.60339355 3357553.87457275 15.43606758 113 136 190
246092.63916016 3357556.51776123 13.18866825 194 194 186
246092.14965820 3357555.39459229 15.50062275 26 173 227
246087.10205078 3357553.48345947 13.06740665 194 193 188
246094.45568848 3357555.55145264 12.95969772 169 186 193
246092.92749023 3357554.55303955 15.29668903 128 128 128
246094.13256836 3357556.17901611 13.03273678 134 160 173
246094.30834961 3357555.02294922 12.98627377 182 191 196
246093.09985352 3357555.08581543 15.92860985 88 221 238
246092.83190918 3357555.43627930 15.80916977 72 227 255
246086.62817383 3357553.42089844 15.91996288 89 222 231
246086.52307129 3357553.99597168 15.05383873 128 128 128
246094.34338379 3357555.49761963 15.64557076 98 140 180
246086.52795410 3357552.08538818 15.06377316 128 128 128
246094.49707031 3357554.76348877 15.31210995 135 152 160
246093.21069336 3357557.30004883 12.97321224 77 120 154
246086.43981934 3357554.57537842 13.20329285 53 38 33
246086.18737793 3357553.56811523 15.69203186 53 217 245
246086.31555176 3357551.83258057 15.25054932 58 173 230
246086.68371582 3357553.07360840 14.97793102 128 128 128
246093.87792969 3357555.51794434 12.96295452 165 180 187
246087.84118652 3357553.77239990 15.05258083 123 128 132
246093.29028320 3357554.02758789 13.02557850 169 127 129
246092.64477539 3357554.48223877 15.29189587 128 128 128
246093.37597656 3357554.00689697 15.37814522 193 195 194
246093.96179199 3357554.70001221 15.79092407 52 179 232
246087.79870605 3357553.94720459 13.05154037 168 169 173
246086.98168945 3357552.63507080 15.50780106 12 102 198
246093.82507324 3357555.77593994 12.95847321 167 185 195
246086.12829590 3357553.87762451 13.26002979 194 199 205
246087.84216309 3357553.70355225 15.43665981 32 133 189
246086.38342285 3357553.22888184 15.69728565 98 250 255
246085.19238281 3357554.11767578 13.13902569 74 73 78
246094.50305176 3357555.60986328 15.35049725 128 128 128
246087.11572266 3357553.42376709 15.80936050 51 129 211
246087.88220215 3357554.02618408 15.13010693 129 163 188
246094.48791504 3357556.87530518 13.02065945 93 95 107
246087.21655273 3357552.83563232 14.98795033 128 128 128
246094.42761230 3357553.39038086 13.05863285 226 119 125
246093.15563965 3357554.61846924 12.98971558 186 189 194
246094.12158203 3357554.16027832 13.14114666 211 220 229
246094.54687500 3357555.18017578 15.33368397 128 128 128
246093.92968750 3357553.61090088 13.27031803 173 62 69
246092.54394531 3357556.81292725 13.07537746 239 250 255
246092.36853027 3357554.80834961 15.28943920 128 128 128
246085.33288574 3357552.98779297 13.11889172 191 176 153
246086.21289063 3357552.18103027 15.06563473 121 190 221
246092.55920410 3357555.82031250 13.06277847 167 175 178
246085.70666504 3357553.31683350 15.42663670 70 229 251
246086.38110352 3357553.24957275 15.70306301 98 250 255
246087.01098633 3357553.11724854 15.71443653 22 123 211
246093.33496094 3357555.94006348 15.70383167 217 76 95
246092.77050781 3357554.31439209 12.96371841 213 208 212
246094.38146973 3357556.20092773 13.05349255 138 165 186
246093.58996582 3357554.19573975 13.06157017 152 135 145
246085.35888672 3357553.85620117 15.36309338 45 173 236
246094.49731445 3357554.42169189 15.61611652 165 227 240
246094.39990234 3357555.28552246 12.97150040 188 202 205
246093.06530762 3357555.91198730 13.02075195 159 186 205
246094.01379395 3357555.67700195 15.80630016 21 125 188
246092.59436035 3357555.42517090 15.68274307 56 209 241
246093.05322266 3357555.90270996 13.02211285 164 187 205
246093.01562500 3357554.31274414 15.64776611 41 177 225
246086.07348633 3357554.75268555 13.07969189 187 180 174
246087.70007324 3357554.08569336 13.04777622 171 172 176
246086.37390137 3357552.72082520 15.54429054 30 218 247
246094.07482910 3357554.42724609 15.28797436 166 172 172
246092.27734375 3357554.80023193 15.28848648 128 128 128
246087.13244629 3357552.64416504 15.45753384 195 209 254
246094.36425781 3357554.25756836 15.29592419 165 181 181
246087.66284180 3357554.25469971 15.31766129 140 184 219
246087.58422852 3357553.47894287 13.04830265 193 193 195
246086.73864746 3357554.10534668 13.34229946 91 92 96
246087.30126953 3357553.68933105 15.02912903 128 128 128
246086.80957031 3357552.12030029 15.35839367 16 103 198
246093.61767578 3357556.13250732 15.44797325 129 127 130
246092.83117676 3357554.72619629 15.29407978 128 128 128
246086.03100586 3357553.54888916 15.02028370 128 128 128
246088.00109863 3357553.92059326 13.06484604 163 164 169
246093.49182129 3357554.31622314 15.32009888 177 179 174
246093.06701660 3357556.23754883 15.48989582 143 186 205
246092.95703125 3357557.20275879 12.99396515 54 116 155
246087.15625000 3357552.36065674 15.03974724 128 128 128
246084.86267090 3357554.12243652 13.09841347 159 158 154
246086.07995605 3357554.54730225 15.14252567 128 128 128
246092.43139648 3357555.15234375 15.32857895 128 128 128
246087.20825195 3357554.05377197 15.55590725 101 168 213
246093.59863281 3357555.67279053 12.96695709 162 179 187
246086.32495117 3357552.25280762 15.44805622 18 180 242
246087.18383789 3357554.51000977 15.09244537 128 128 128
246087.35314941 3357554.47705078 13.29389763 121 125 126
246093.07897949 3357556.15661621 15.59813213 48 135 188
246094.51782227 3357554.68310547 15.63698673 103 183 216
246087.53369141 3357553.52514648 15.02464676 129 127 128
246088.45446777 3357553.26068115 13.09694099 174 177 182
246087.71911621 3357552.81756592 13.04717064 179 181 180
246085.07421875 3357553.92639160 13.17274284 64 64 66
246093.32788086 3357554.93408203 15.30453968 128 128 128
246086.52087402 3357552.61962891 13.09111404 202 202 200
246087.67504883 3357552.57458496 15.03848648 178 184 182
246086.21203613 3357553.07067871 14.96686554 128 128 128
246085.57080078 3357553.30224609 15.01730824 128 128 128
246088.17700195 3357553.23657227 15.03333473 129 127 128
246087.98840332 3357553.20068359 15.01892757 128 128 128
246085.71386719 3357553.61364746 13.21815681 59 61 76
246093.27111816 3357554.20556641 15.32438278 182 184 181
246085.73168945 3357553.59741211 15.04057217 128 128 128
246087.51879883 3357554.10815430 15.39305687 89 137 185
246087.06152344 3357553.86248779 13.15990925 173 174 176
246086.32507324 3357553.86224365 15.04484367 128 128 128
246087.36376953 3357552.64880371 15.37476921 86 149 190
246093.78869629 3357554.41436768 15.65600014 189 215 238
246092.73657227 3357555.24291992 12.98311424 199 203 206
246093.74255371 3357556.09271240 13.01019764 143 175 196
246093.85595703 3357554.50946045 15.31425381 172 174 173
246088.22363281 3357553.71649170 15.28392220 121 187 222
246086.10961914 3357552.26770020 13.07221508 208 203 197
246085.39599609 3357553.63262939 15.07010937 128 128 128
246087.78955078 3357553.83209229 13.05430412 174 173 178
246087.22314453 3357554.00823975 15.56547356 203 247 255
246087.60754395 3357552.50793457 15.04582405 175 185 184
246086.05871582 3357552.92382813 15.45545769 141 184 203
246094.05883789 3357556.20483398 15.57311630 113 178 210
246087.94287109 3357553.75378418 15.06788063 97 136 165
246086.18237305 3357552.71447754 15.48151207 73 201 238
246092.55017090 3357555.25677490 15.64171505 255 235 247
246087.85070801 3357553.57055664 13.04845810 188 192 195
246092.57861328 3357556.45837402 13.14128876 245 243 231
246086.88610840 3357553.02258301 14.97954845 128 128 128
246093.57702637 3357554.37139893 15.31987667 175 177 172
246086.43139648 3357554.08801270 15.06777191 128 128 128
246093.08947754 3357554.07977295 15.50134087 154 192 211
246092.69348145 3357554.32727051 12.96218872 210 208 211
246092.55725098 3357554.66522217 15.28939819 128 128 128
246088.00500488 3357553.07080078 15.36744022 48 130 188
246092.82165527 3357556.16876221 15.45667934 201 223 234
246087.84558105 3357553.97290039 15.09779835 127 164 190
246086.25952148 3357554.39233398 15.37430000 61 143 190
246086.91955566 3357552.45605469 15.45242786 7 95 193
246086.75842285 3357553.42376709 13.11206055 182 182 180
246086.06860352 3357554.04388428 15.45913124 121 194 239
246087.83374023 3357552.89581299 14.99715137 128 128 128
246092.46484375 3357555.14782715 15.59287548 200 224 236
246092.69555664 3357556.17205811 13.07503796 119 150 181
246087.03796387 3357554.08111572 15.04746151 128 128 128
246093.95080566 3357555.02716064 15.89295578 31 119 190
246085.62207031 3357554.05285645 13.19276524 87 76 82
246092.33691406 3357555.47021484 15.34523201 128 128 128
246085.34729004 3357553.56158447 15.06584740 128 128 128
246087.95922852 3357553.41870117 13.05190659 178 182 185
246085.90002441 3357553.21960449 14.98564720 128 128 128
246087.09338379 3357553.73767090 15.74163723 9 94 174
246094.23071289 3357556.76196289 13.00889969 143 145 157
246093.33898926 3357553.92419434 13.04088211 178 108 108
246087.18322754 3357553.63970947 15.02342701 128 128 128
246086.64672852 3357553.89520264 13.31282616 136 135 133
246093.95166016 3357556.43432617 13.02458191 106 136 160
246086.43566895 3357552.02429199 13.06833553 192 188 185
246093.53833008 3357554.94213867 13.00789356 179 188 195
246087.90515137 3357553.63800049 13.05835342 179 183 186
246087.32690430 3357553.54278564 15.68451405 11 97 184
246093.42761230 3357555.27874756 13.00212193 182 195 203
246094.07214355 3357555.30804443 12.97388172 179 194 201
246087.70349121 3357554.36505127 15.28468037 130 188 210
246086.24902344 3357552.81903076 15.51494026 183 239 255
246094.66162109 3357554.73590088 12.98756981 191 207 206
246093.43725586 3357553.99145508 13.05805779 211 159 145
246087.51452637 3357553.25634766 13.04597187 189 189 187
246093.90466309 3357554.36309814 15.29370499 169 174 170
246093.05554199 3357555.85412598 15.74419117 30 131 203
246086.62377930 3357553.28674316 13.07529449 209 210 205
246087.72534180 3357553.52911377 13.04388428 194 198 199
246092.15234375 3357555.83679199 15.35944843 127 129 128
246094.45666504 3357556.15924072 15.36716843 128 128 128
246086.27307129 3357553.98919678 15.53528881 255 238 249
246088.44775391 3357553.16967773 15.21900177 121 186 226
246092.27380371 3357554.70062256 15.28406811 128 128 128
246087.33068848 3357554.66564941 13.33932304 147 141 141
246087.16333008 3357553.76757813 15.03063488 128 128 128
246086.12304688 3357552.51684570 15.44917107 33 181 241
246087.15295410 3357553.59490967 13.07315254 196 195 193
246092.23437500 3357556.10571289 15.54891872 147 187 195
246092.57873535 3357556.30865479 13.10594082 161 157 158
246087.70153809 3357553.43560791 15.57177258 5 104 171
246085.55871582 3357554.04956055 15.32027149 13 142 234
246093.90100098 3357555.46997070 15.88763905 6 82 166
246087.72570801 3357553.32006836 13.03910446 186 190 189
246087.77917480 3357553.42864990 13.03947067 182 186 187
246086.45898438 3357552.39428711 15.01794243 129 127 130
246085.95788574 3357554.45684814 15.13721466 128 128 128
246094.05163574 3357554.47137451 13.03702354 206 209 224
246087.58825684 3357554.14941406 15.35940647 114 158 205
246087.41357422 3357554.30657959 15.40134525 44 147 190
246092.85449219 3357555.55047607 15.83536339 19 160 205
246092.43774414 3357554.81365967 15.53819752 28 189 233
246086.09777832 3357552.72052002 15.44346046 80 198 236
246094.08203125 3357554.99542236 13.00134850 186 197 199
246093.04565430 3357554.81359863 15.84160423 31 210 233
246093.03283691 3357556.66253662 13.17642593 139 50 56
246087.27062988 3357552.99981689 13.06770515 198 200 195
246086.57861328 3357554.62341309 15.37149429 8 161 228
246093.81555176 3357554.52563477 15.31921482 174 176 175
246092.45581055 3357555.96533203 15.38874817 128 128 126
246092.92529297 3357556.07836914 15.42790890 124 129 132
246093.60473633 3357554.29754639 15.61550331 157 165 204
246094.27050781 3357555.49865723 12.96144581 170 187 194
246086.47534180 3357553.43829346 15.82027054 119 253 255
246084.63720703 3357554.09320068 13.10768700 163 163 161
246085.20056152 3357554.39929199 13.10466099 189 190 185
246093.73046875 3357555.11486816 16.05365562 8 87 164
246092.48486328 3357556.61749268 13.10183525 133 143 153
246085.54663086 3357554.24566650 13.14059925 77 63 63
246086.06701660 3357552.53295898 13.10478020 207 205 208
246085.41369629 3357553.93286133 13.21928120 110 120 132
246091.69555664 3357556.16986084 12.97450638 132 123 118
246086.88610840 3357554.80639648 13.36905193 165 168 173
246087.00000000 3357554.39544678 15.08499432 128 128 128
246085.73217773 3357553.36541748 15.01165390 128 128 128
246087.04370117 3357554.96533203 15.34132195 107 141 179
246087.98107910 3357553.83013916 15.34696102 62 162 198
246094.11669922 3357556.19757080 15.58946037 146 201 231
246086.63427734 3357554.78247070 13.33046246 2 19 45
246094.78320313 3357553.48706055 12.97922611 178 177 175
246087.17675781 3357552.45495605 13.04617977 209 208 206
246087.23669434 3357554.78021240 13.33552170 101 102 104
246093.97143555 3357554.08209229 15.35388947 186 185 181
246087.78295898 3357553.67028809 15.46746349 25 130 188
246085.99316406 3357552.51483154 15.38796902 26 172 231
246092.76171875 3357554.64001465 15.64766788 22 209 244
246094.10046387 3357553.53936768 13.19543171 229 111 99
246086.20190430 3357554.20361328 15.09356689 128 128 128
246093.78808594 3357554.21905518 15.28615284 165 167 164
246085.50476074 3357553.30932617 13.17257881 104 107 116
246086.00219727 3357553.41589355 15.57997704 94 247 255
246087.07873535 3357552.54064941 15.01752186 128 128 128
246094.02185059 3357555.22637939 15.82589817 40 108 169
246086.61071777 3357553.33837891 13.10433102 201 202 197
246086.17187500 3357553.56774902 13.22423458 163 164 166
246092.25634766 3357554.98645020 15.49717045 13 160 211
246092.82592773 3357555.93243408 13.07523537 154 181 198
246086.39184570 3357553.41058350 15.76420689 101 242 252
246094.19860840 3357556.26177979 15.41590405 200 200 198
246086.27246094 3357554.54687500 15.32152843 25 156 212
246086.50903320 3357552.84899902 15.62113571 28 230 242
246087.69177246 3357553.83538818 15.43186665 91 142 195
246094.28918457 3357556.52777100 13.03786087 99 121 145
246085.89758301 3357552.42993164 15.31750965 24 156 230
246093.79333496 3357554.37487793 15.63335800 188 208 233
246093.56945801 3357556.10125732 15.63476276 148 173 204
246086.14733887 3357552.64270020 13.12070370 195 197 196
246092.07885742 3357555.98962402 13.01062870 142 149 155
246092.03784180 3357555.96081543 15.45886040 132 185 191
246088.15161133 3357553.38085938 15.41778183 23 143 204
246094.35620117 3357554.29168701 15.29555798 166 180 181
246086.37060547 3357553.59045410 13.26251316 168 168 168
246086.80383301 3357552.36022949 15.03068066 128 128 128
246092.28247070 3357556.67950439 13.01495361 123 137 148
246092.99377441 3357555.66650391 13.00401020 184 193 200
246093.00952148 3357554.50506592 15.71212006 10 170 222
246086.93676758 3357554.83343506 15.38984203 147 212 240
246087.81616211 3357554.26770020 15.19872856 176 199 207
246086.99438477 3357554.74035645 15.12503624 128 128 128
246086.85681152 3357554.04913330 15.04947186 128 128 128
246087.66418457 3357552.82891846 13.05083752 173 175 174
246087.66638184 3357553.24932861 15.52569675 8 101 179
246087.15173340 3357553.10345459 15.65649223 35 96 185
246092.94812012 3357556.17218018 15.58386707 45 154 211
246088.29296875 3357553.49810791 13.09431744 160 163 168
246086.62207031 3357552.34918213 15.50574780 1 100 181
246092.52941895 3357555.82318115 13.06100368 169 174 177
246086.06530762 3357552.56420898 13.10894680 197 195 196
246094.49804688 3357556.64428711 13.04337883 95 124 158
246085.40490723 3357554.13006592 13.12224960 57 60 65
246093.98571777 3357554.26184082 13.09050274 66 118 191
246086.41333008 3357552.10369873 13.06741238 196 197 192
246093.49340820 3357556.33782959 13.09106636 165 179 216
246085.72680664 3357554.31420898 15.26711464 40 139 220
246086.95495605 3357554.25225830 13.35577965 72 72 72
246094.00769043 3357556.28308105 13.04969120 111 142 162
246085.82263184 3357553.24163818 15.46121025 103 239 255
246093.79919434 3357554.04656982 15.40811253 226 227 221
246085.38989258 3357554.07379150 15.21502018 2 97 187
246093.24548340 3357554.52203369 15.74788380 24 165 237
246094.31079102 3357554.91198730 15.70371437 93 164 206
246093.96899414 3357555.42962646 12.96493721 164 179 186
246085.75085449 3357552.77612305 15.33487606 9 158 224
246094.37341309 3357556.34399414 15.48275948 188 202 205
246093.48352051 3357554.79254150 15.30561352 128 128 128
246086.05639648 3357552.07086182 15.16987419 82 181 222
246086.82897949 3357552.84637451 15.65925789 10 117 211
246086.58618164 3357553.02117920 15.72420406 31 218 237
246093.33703613 3357554.55133057 15.30414486 128 128 128
246093.10754395 3357554.75579834 15.84524155 34 207 239
246085.90661621 3357553.16174316 15.47539902 181 239 250
246092.96691895 3357555.12438965 12.99546719 174 179 183
246093.53149414 3357555.77929688 15.41023159 128 128 128
246092.15991211 3357556.30914307 13.06462574 199 185 174
246087.05102539 3357553.91973877 13.19131851 155 159 160
246085.34509277 3357553.23852539 15.07117748 128 128 128
246085.03247070 3357553.50756836 15.15972805 13 56 107
246087.06127930 3357555.12463379 13.32983685 34 37 44
246092.17700195 3357555.32733154 15.50846958 18 172 236
246086.35766602 3357553.41876221 14.99232388 128 128 128
246094.39062500 3357555.43322754 15.36072540 128 128 128
246087.97314453 3357553.25585938 13.04420280 181 185 188
246087.89331055 3357553.34930420 13.04062748 182 186 189
246085.39843750 3357554.09008789 13.13018322 50 53 58
246094.16259766 3357555.62054443 15.73226261 35 120 175
246093.55749512 3357556.15667725 15.59562302 107 152 194
246087.74707031 3357553.84082031 15.41690922 69 137 186
246087.40148926 3357552.39038086 15.04590034 177 187 186
246094.54431152 3357555.70111084 15.58931160 66 147 194
246093.15478516 3357554.59185791 15.75924301 2 162 236
246093.54626465 3357556.85882568 12.95790577 89 84 81
246085.89013672 3357552.76818848 14.96867943 217 215 216
246088.21252441 3357553.12152100 13.06206131 182 186 189
246085.78039551 3357552.87670898 14.98051643 200 210 209
246092.77148438 3357556.35217285 13.14486027 206 179 170
246085.90673828 3357552.66241455 13.10613251 193 189 180
246085.96386719 3357552.84851074 14.95411682 128 128 128
246085.91955566 3357553.35015869 13.17089748 166 167 171
246093.15283203 3357554.03906250 15.47328472 186 196 198
246087.23767090 3357553.82830811 15.03599453 128 128 128
246094.42419434 3357556.32110596 13.08288002 123 153 177
246093.29431152 3357555.09796143 13.00284386 180 189 196
246086.01965332 3357552.11218262 13.06653786 194 187 179
246093.58544922 3357554.17175293 15.29733753 173 175 172
246086.07678223 3357553.75256348 13.23357773 170 171 175
246085.76708984 3357553.99157715 13.22252941 116 116 118
246087.48742676 3357555.21459961 13.11314583 54 64 73
246092.85876465 3357555.51324463 13.00615501 180 188 191
246088.10632324 3357553.71301270 15.34606171 66 155 195
246087.06530762 3357553.23107910 15.75063229 15 113 204
246087.05017090 3357553.22735596 13.06330490 196 197 191
246087.30773926 3357552.61389160 15.38051796 82 144 191
246094.07678223 3357555.81646729 15.75801563 29 132 190
246094.38659668 3357554.74218750 15.68668461 93 176 216
246092.78588867 3357554.78057861 15.67580128 50 220 246
246086.40344238 3357554.32739258 15.44349289 194 222 255
246086.31909180 3357552.13287354 15.40667343 19 177 240
246092.17199707 3357554.92864990 15.46005249 16 169 237
246085.79931641 3357552.97277832 14.96018982 128 128 128
246085.81091309 3357552.39172363 15.17164993 138 200 221
246093.49255371 3357554.64111328 13.00995064 175 182 190
246087.04956055 3357552.37249756 15.03566170 129 127 128
246085.97924805 3357553.06512451 15.47090626 239 211 233
246094.32727051 3357555.48724365 15.65465450 62 98 134
246093.10742188 3357555.44390869 15.36852741 128 128 128
246092.63195801 3357556.46643066 13.17911625 178 176 164
246092.85131836 3357555.56835938 13.01553822 176 183 189
246086.03259277 3357553.03875732 14.96080303 128 128 128
246094.31689453 3357555.29449463 15.67087078 159 155 178
246093.00708008 3357556.29339600 13.09988594 221 231 240
246093.01867676 3357556.37567139 13.11365700 239 216 200
246094.35913086 3357553.71356201 13.16031837 210 96 85
246088.37609863 3357553.10437012 15.22324085 102 171 212
246094.36608887 3357554.36828613 15.29712963 159 173 176
246084.90698242 3357554.20538330 13.08599567 159 158 153
246086.84216309 3357552.58081055 13.06326485 203 204 199
246087.54687500 3357553.71228027 13.05509663 173 173 173
246094.48181152 3357555.60827637 15.35436726 128 128 128
246085.04162598 3357554.17633057 13.10336494 163 159 156
246087.85546875 3357553.50994873 15.50156689 3 122 188
246086.26940918 3357553.39984131 13.21291065 180 180 180
246085.29394531 3357553.42578125 15.33246613 10 153 223
246094.63732910 3357554.20874023 13.10589027 117 172 151
246085.52160645 3357554.01428223 13.17903328 130 139 154
246086.55895996 3357554.61212158 13.27519608 33 19 16
246094.41247559 3357556.28350830 15.53809547 109 176 203
246086.51806641 3357552.29949951 15.03091431 128 128 128
246092.91357422 3357555.55920410 15.86325073 71 211 247
246092.47436523 3357556.04553223 15.39674759 209 216 222
246087.54846191 3357554.19262695 15.36363029 108 164 213
246093.20959473 3357556.73175049 13.10057163 46 28 28
246087.50817871 3357553.19042969 13.04585171 187 187 185
246087.75634766 3357553.67687988 13.04603481 180 181 183
246085.66613770 3357552.80035400 15.07949352 214 230 230
246092.43139648 3357555.27453613 15.60764217 92 201 222
246086.26354980 3357553.88208008 15.57971668 62 142 203
246086.17150879 3357551.90698242 13.07332897 213 210 205
246092.56359863 3357555.08605957 13.00383568 248 248 246
246086.61267090 3357554.24340820 15.53941154 10 153 232
246085.60192871 3357553.81579590 15.40450668 9 155 232
246093.88171387 3357556.65820313 12.98893261 49 53 64
246093.37670898 3357556.87341309 12.98427486 94 103 110
246086.66418457 3357554.27465820 13.31734943 103 86 76
246087.28222656 3357553.75830078 15.03282738 128 128 128
246085.11279297 3357553.44775391 15.26467419 15 94 169
246094.42089844 3357556.63275146 13.03778839 88 112 146
246092.73315430 3357554.18817139 12.97504616 189 179 180
246087.81860352 3357553.73095703 15.04808235 129 129 129
246086.40014648 3357553.08038330 13.09639168 209 209 207
246093.37829590 3357554.42901611 15.34168530 183 185 182
246094.50878906 3357556.31994629 15.47070789 172 192 199
246093.59838867 3357555.25164795 15.34412003 128 128 128
246085.97558594 3357553.13018799 15.48929405 232 209 225
246093.14294434 3357554.59002686 15.75880241 3 165 237
246092.64477539 3357554.06634521 15.37195969 167 168 163
246093.98913574 3357556.15295410 13.02371502 138 164 177
246094.59851074 3357555.63330078 12.96050835 174 192 204
246087.46899414 3357554.08966064 15.05701828 128 128 128
246085.99121094 3357552.36999512 15.34290028 28 161 228
246086.45141602 3357554.58624268 15.12899113 128 128 128
246086.98291016 3357553.91339111 13.21050835 162 162 160
246085.94763184 3357553.17034912 15.49255371 221 248 255
246093.99011230 3357555.92541504 12.98339844 165 187 198
246086.85266113 3357554.29327393 13.37236691 70 71 75
246086.08532715 3357552.36254883 13.08298492 211 215 216
246086.24133301 3357553.90167236 15.56550980 133 187 225
246086.68127441 3357554.16259766 13.34213543 87 83 82
246093.60021973 3357555.05029297 13.00827980 170 181 187
246093.51037598 3357555.56872559 15.38388348 128 128 128
246094.56701660 3357556.23712158 13.07008076 130 162 187
246094.12414551 3357556.07196045 15.68133068 68 143 185
246085.49450684 3357553.01190186 13.12090874 119 108 106
246086.04992676 3357553.74816895 15.04423332 128 128 128
246087.22424316 3357553.21948242 15.68157482 14 109 199
246092.39477539 3357557.27172852 12.95831299 116 133 149
246086.21215820 3357553.92572021 13.27709770 178 181 186
246093.95556641 3357554.30566406 13.07494640 89 135 197
246086.60522461 3357553.21215820 13.06965923 208 208 206
246085.92700195 3357554.41186523 13.12250710 60 60 60
246093.93566895 3357554.42498779 15.64109325 129 196 225
246092.81384277 3357554.35736084 15.64575100 61 205 240
246093.81408691 3357556.01599121 15.43243694 128 128 128
246093.36853027 3357555.58319092 15.38579178 128 128 128
246088.05639648 3357553.50311279 15.43591595 14 134 194
246094.47277832 3357554.91308594 12.97703552 191 200 205
246086.57702637 3357552.47552490 15.53785706 79 206 239
246092.19396973 3357556.51751709 13.04313183 223 229 227
246086.59033203 3357552.48071289 13.07844639 200 200 198
246088.52697754 3357553.35736084 13.11293602 173 176 181
246093.86791992 3357554.15307617 15.29337215 159 160 155
246086.90185547 3357554.53454590 15.10416317 128 128 128
246094.12536621 3357556.66571045 13.00882435 57 68 86
246087.30053711 3357554.22344971 13.21042156 98 100 112
246085.86059570 3357552.82904053 14.95707417 212 211 209
246087.33032227 3357553.05358887 15.56528950 77 126 185
246094.05090332 3357553.45635986 13.20409489 172 73 68
246093.32824707 3357554.84838867 13.00568295 191 198 204
246094.56823730 3357555.46710205 15.56545258 143 181 217
246093.89331055 3357554.92163086 15.90449810 38 139 221
246087.04357910 3357553.21582031 14.99477291 128 128 128
246092.16381836 3357555.07116699 15.48703384 0 162 231
246086.46630859 3357551.71716309 15.31945229 139 214 245
246092.83544922 3357554.93957520 15.72967243 186 231 236
246092.70434570 3357556.22674561 13.09479618 248 249 251
246087.99377441 3357553.90759277 15.31520653 79 172 205
246087.86303711 3357552.75109863 15.02359867 179 182 187
246094.16833496 3357554.55541992 13.03787422 220 221 223
246093.63073730 3357554.31481934 15.62348270 192 194 219
246093.66955566 3357555.82550049 15.41577530 129 127 128
246094.31311035 3357555.18133545 12.98387623 185 199 202
246087.63867188 3357552.66748047 15.01775455 127 129 128
246094.24853516 3357555.39013672 15.36063862 128 128 128
246092.57421875 3357556.42901611 13.13457489 251 244 228
246094.30236816 3357554.19464111 15.49734688 130 223 238
246087.86450195 3357553.87341309 15.36879635 40 144 179
246087.65270996 3357554.30456543 15.13116360 148 186 199
246093.88195801 3357554.68402100 13.00243473 194 204 206
246094.54101563 3357554.52136230 15.64167500 99 179 212
246094.05615234 3357555.60467529 15.79089832 17 119 181
246087.33789063 3357553.11962891 15.58940315 21 101 186
246092.85839844 3357555.65985107 13.02957249 170 179 186
246093.41516113 3357555.78381348 15.41087627 128 128 128
246086.17761230 3357553.98614502 15.51228333 235 253 255
246092.60375977 3357555.91162109 15.69984531 31 164 229
246086.01354980 3357553.94696045 15.48719311 15 144 227
246086.32812500 3357552.39196777 15.01828003 129 128 126
246093.25219727 3357554.18664551 15.32366657 181 183 180
246087.95056152 3357553.44531250 15.48460674 12 138 199
246086.03088379 3357552.32727051 13.07224274 221 221 219
246088.33190918 3357553.77789307 13.05518341 151 155 164
246093.85278320 3357555.07342529 15.96034050 23 112 192
246086.17358398 3357552.08422852 15.34048939 25 169 242
246088.09082031 3357553.47167969 13.06956577 166 169 174
246092.09594727 3357555.46606445 15.32934761 128 128 128
246088.01806641 3357553.23480225 13.04800510 180 184 187
246086.30383301 3357553.59893799 13.25193882 170 171 173
246086.05761719 3357553.20520020 13.16737366 177 178 180
246092.44970703 3357553.97570801 15.40037918 166 175 170
246093.79895020 3357554.37750244 15.63398933 186 212 237
246085.01501465 3357553.71331787 15.17067146 121 156 194
246087.58654785 3357553.77301025 15.04073524 127 129 128
246093.57165527 3357556.08563232 15.64581203 148 173 204
246086.64929199 3357552.92474365 14.96820736 128 128 128
246085.30065918 3357553.32220459 13.16741085 212 219 229
246093.84692383 3357556.73016357 12.97985649 51 54 63
246093.01391602 3357555.09283447 12.99718475 181 186 190
246093.42321777 3357555.66101074 15.83824539 10 116 200
246094.20654297 3357554.35430908 15.28328133 164 174 175
246092.68969727 3357555.33062744 12.97918797 197 201 204
246086.79711914 3357555.12097168 13.27864075 78 135 178
246085.54052734 3357554.02972412 15.32616329 13 144 232
246086.18432617 3357554.20397949 13.22512722 60 35 41
246092.34887695 3357555.17913818 15.32505226 128 128 128
246092.33251953 3357554.47747803 15.28624153 128 128 128
246088.19763184 3357552.88800049 15.21547222 88 150 189
246093.81884766 3357554.34844971 15.61490154 182 200 224
246087.24816895 3357554.52526855 15.41890907 39 150 203
246092.35656738 3357555.44842529 15.58845615 42 202 234
246087.11425781 3357552.57611084 15.01445770 128 128 128
246086.29760742 3357553.14514160 13.13694096 210 210 208
246087.91979980 3357553.91241455 15.33718777 64 159 189
246093.45068359 3357554.11425781 15.32381535 180 182 179
246087.37915039 3357553.20562744 15.00191402 128 128 128
246094.47790527 3357556.47534180 13.07131195 108 143 173
246087.75939941 3357553.49700928 13.04181004 189 193 194
246093.56774902 3357554.58068848 15.30819511 128 128 128
246093.87292480 3357556.14898682 15.44390011 128 128 128
246086.85021973 3357552.78985596 15.62581825 17 120 213
246094.19836426 3357554.49694824 15.65181446 100 209 229
246086.01330566 3357552.46417236 13.08964729 212 216 225
246086.29919434 3357554.73443604 13.11911869 68 63 59
246093.86730957 3357555.31524658 12.98194504 180 195 202
246087.51977539 3357552.70709229 13.06757259 196 196 194
246086.15527344 3357551.88873291 13.07374382 214 211 204
246085.26806641 3357553.21191406 13.15394211 243 245 244
246094.16638184 3357555.84747314 15.40219688 128 128 128
246094.46630859 3357555.27691650 15.34503365 128 128 128
246087.58886719 3357553.91564941 13.06729126 175 180 184
246094.21044922 3357554.79791260 15.75552082 57 148 193
246086.72497559 3357552.02728271 15.36711311 15 100 193
246092.73156738 3357555.20434570 15.33878136 128 128 128
246093.50024414 3357555.13043213 16.17797279 42 140 203
246086.17700195 3357554.13104248 15.44842720 204 224 255
246092.13122559 3357555.66839600 12.98754692 165 167 166
246092.79724121 3357555.77294922 13.05242825 168 182 191
246092.79943848 3357556.16308594 15.45448208 201 223 234
246086.86865234 3357553.51293945 13.09328079 187 186 182
246086.17565918 3357553.60626221 13.23030949 171 172 174
246093.38208008 3357554.21813965 13.03113461 202 181 188
246093.27026367 3357554.33129883 15.64695835 49 149 209
246086.84948730 3357552.84149170 13.05678463 206 206 204
246092.93420410 3357555.75836182 13.03146362 173 187 198
246092.93469238 3357554.91363525 15.78963566 108 235 250
246087.17150879 3357552.54913330 15.01896954 128 128 126
246092.01599121 3357555.95916748 15.43206406 163 198 200
246086.41198730 3357553.04315186 15.64497757 87 228 238
246086.13781738 3357554.38250732 15.11908531 128 128 128
246093.59497070 3357555.39080811 15.36155033 128 128 128
246087.55700684 3357554.04449463 15.38859653 86 123 175
246087.45678711 3357553.70526123 15.55882549 69 120 185
246088.31591797 3357553.77105713 13.05777264 151 155 164
246093.89660645 3357556.09088135 15.62942600 71 164 207
246092.64135742 3357554.52893066 12.98421478 171 173 172
246086.38317871 3357552.56213379 15.54083157 56 213 244
246085.10363770 3357554.19891357 13.10430622 126 125 121
246085.42895508 3357554.02264404 13.16355324 89 98 107
246084.96923828 3357554.27856445 13.07705116 157 152 146
246092.35119629 3357555.84387207 13.03635311 157 165 167
246093.30932617 3357555.78955078 12.96209621 176 195 209
246086.39013672 3357553.10021973 13.09675217 212 212 210
246094.28100586 3357556.11669922 13.02802086 147 173 186
246088.26940918 3357553.23815918 15.36443615 146 214 255
246086.82006836 3357554.30004883 15.57423210 24 147 207
246092.96826172 3357557.24243164 12.98770618 57 128 172
246087.13110352 3357555.27783203 13.33122921 0 0 0
246093.98461914 3357554.83276367 12.99806309 203 208 211
246087.52282715 3357553.51110840 15.02355385 129 127 128
246087.87475586 3357552.78503418 15.01335812 174 179 183
246085.68469238 3357553.90850830 13.22511768 78 89 109
246093.79443359 3357554.56518555 15.73888302 142 201 233
246094.55700684 3357556.24542236 15.48732567 134 182 202
246093.14428711 3357557.35021973 12.95676327 149 174 194
246086.09863281 3357552.03479004 15.16915131 74 184 235
246087.70910645 3357552.67810059 15.01838017 183 185 184
246092.26184082 3357555.43762207 12.97695827 173 175 170
246093.08068848 3357554.03491211 12.99859238 163 132 138
246094.16870117 3357556.83117676 12.99710464 93 97 108
246086.95080566 3357553.29180908 15.84273148 15 117 202
246093.80053711 3357555.85577393 15.78849030 31 128 196
246092.25769043 3357555.95245361 15.57335281 52 212 238
246087.26269531 3357554.88397217 15.31130600 101 177 211
246085.93786621 3357553.31384277 13.16909409 170 171 173
246087.24157715 3357555.44256592 13.30493641 62 63 67
246086.06860352 3357552.74627686 14.96830750 128 128 128
246094.28027344 3357554.84118652 15.72242260 81 160 203
246087.66748047 3357553.69604492 13.04997540 178 178 178
246092.43957520 3357556.83007813 13.04158401 132 144 156
246093.26098633 3357554.02960205 15.36238480 181 183 180
246090.48144531 3357555.98828125 12.98792839 76 92 105
246086.27185059 3357553.32653809 15.66836452 113 247 255
246094.58178711 3357554.88311768 15.59244537 115 175 203
246092.84106445 3357556.36700439 13.15189075 254 232 221
246093.48144531 3357555.92285156 15.42824078 128 128 128
246093.32812500 3357554.76263428 15.30293751 128 128 128
246086.51416016 3357554.10400391 15.56105137 220 207 255
246092.79382324 3357556.58905029 13.18208599 111 111 103
246093.65246582 3357555.45574951 12.98243618 176 189 198
246094.20458984 3357554.50518799 15.28693390 157 167 168
246086.87963867 3357554.38830566 13.36821365 93 97 100
246086.63537598 3357553.17956543 15.81815052 52 223 243
246087.08886719 3357552.76037598 13.05403614 194 193 189
246087.40747070 3357552.69610596 15.38212872 56 129 174
246093.15173340 3357555.16375732 12.99863148 184 192 195
246093.34448242 3357554.97137451 15.30919933 128 128 128
246085.83166504 3357553.25848389 14.99376869 128 128 128
246086.21191406 3357552.68603516 14.97877884 128 128 128
246086.67456055 3357554.20227051 15.07291508 128 128 128
246086.85095215 3357552.90277100 13.05442333 206 207 202
246086.61291504 3357552.39770508 13.07240391 201 201 199
246087.99548340 3357552.99237061 13.03034115 188 192 193
246086.02038574 3357553.06732178 13.15780544 189 193 194
246088.41748047 3357553.61822510 13.06364155 148 152 161
246093.80200195 3357555.79803467 15.41049671 128 128 128
246093.50952148 3357556.35986328 13.09376240 182 190 229
246087.02392578 3357553.41192627 15.00608540 128 128 128
246086.67736816 3357553.47869873 13.13347244 186 185 183
246087.39184570 3357552.72778320 15.39724827 111 187 236
246093.57336426 3357554.06848145 15.48676300 237 237 235
246093.94421387 3357556.18695068 15.45322132 145 198 212
246088.00476074 3357554.01959229 15.22421741 151 181 205
246092.97473145 3357554.16967773 15.34306526 169 171 168
246094.22778320 3357555.09661865 15.72432709 114 153 196
246092.54675293 3357554.13952637 15.29181194 128 128 128
246087.42053223 3357552.69720459 15.00877666 128 128 128
246085.06201172 3357553.47296143 15.14066601 28 49 78
246088.36303711 3357553.46319580 15.29702854 42 147 205
246093.88964844 3357554.72167969 13.00380611 195 204 209
246086.06127930 3357553.64965820 15.62096977 4 178 238
246086.34741211 3357553.91107178 15.04983807 128 128 128
246094.35656738 3357555.02587891 12.98310566 180 191 193
246086.86254883 3357552.92065430 13.05453396 205 206 201
246094.01110840 3357553.90820313 13.16143703 232 139 157
246087.00781250 3357554.07586670 15.65176868 25 123 196
246092.89648438 3357556.04333496 15.42347908 127 128 130
246093.86462402 3357554.19781494 15.27781868 165 166 161
246094.11596680 3357555.17108154 15.77243519 154 177 221
246092.55114746 3357556.45349121 13.12495613 244 240 229
246093.88391113 3357554.69970703 15.80096817 47 177 229
246093.67321777 3357556.14477539 15.59961796 87 171 217
246092.48364258 3357554.37854004 15.28947926 128 128 128
246094.30102539 3357556.40454102 13.05615234 112 140 162
246087.59863281 3357553.79040527 13.05676079 176 180 181
246087.48815918 3357554.12249756 13.06960392 131 138 146
246087.22863770 3357554.92602539 15.12839699 128 128 128
246092.59667969 3357554.54370117 15.29071712 128 128 128
246087.02856445 3357553.63153076 15.85295773 4 90 177
246086.08142090 3357553.98266602 15.48951626 59 148 204
246087.54138184 3357554.42047119 15.11269569 136 173 191
246085.15771484 3357553.69860840 13.21123791 191 194 199
246086.94384766 3357553.78662109 13.16150379 192 193 187
246093.52221680 3357554.52874756 13.01199532 165 172 180
246093.12658691 3357554.31231689 12.98970890 208 197 201
246093.80114746 3357556.00372314 15.43143368 128 128 128
246092.50537109 3357555.92840576 15.38936138 128 128 126
246093.57080078 3357554.69049072 15.30770779 128 128 128
246094.23425293 3357554.45935059 15.28664875 159 169 170
246087.66845703 3357553.61248779 13.04802608 187 189 188
246087.40258789 3357552.61248779 15.35331249 155 221 255
246094.60961914 3357555.35839844 15.55397511 128 169 197
246093.78564453 3357556.17730713 15.51407528 129 186 213
246094.32666016 3357553.48529053 13.14284420 255 146 139
246093.54907227 3357556.03240967 15.43908119 128 128 126
246087.05908203 3357554.42297363 13.38093281 126 121 125
246092.69860840 3357556.12158203 13.06858540 126 161 189
246086.71374512 3357553.81158447 15.78272247 25 123 212
246087.42004395 3357554.85107422 15.19535160 178 205 214
246086.86987305 3357552.78491211 13.05663300 202 202 202
246093.81115723 3357555.62738037 15.89137363 46 121 186
246094.27746582 3357556.41583252 13.04999924 114 140 165
246086.77893066 3357553.53039551 13.11483669 192 191 189
246094.62182617 3357554.92364502 15.57208729 115 169 195
246086.23242188 3357553.02551270 15.54616356 215 173 195
246086.80847168 3357553.42272949 13.09954166 180 181 176
246087.74743652 3357554.09295654 15.32443810 141 180 213
246086.02478027 3357553.37567139 15.58403111 93 242 249
246092.36376953 3357555.84259033 15.37382793 128 128 126
246087.21569824 3357553.28723145 15.71496582 13 102 196
246085.96154785 3357554.41149902 13.12367058 54 54 54
246086.54675293 3357552.40539551 13.07772255 196 196 194
246093.07714844 3357556.68469238 13.18159962 142 60 64
246087.15295410 3357553.49011230 15.79975700 10 88 173
246092.86877441 3357554.74835205 15.71668720 44 222 248
246086.97485352 3357555.00915527 15.25074196 112 189 219
246086.61425781 3357552.95239258 15.71236897 65 224 243
246086.18518066 3357554.40222168 15.34885502 165 223 245
246086.14855957 3357552.02398682 13.06985760 211 207 198
246092.25891113 3357554.81481934 13.00150299 167 166 164
246086.22363281 3357553.45764160 13.21787930 173 175 174
246087.11938477 3357553.90484619 13.16160107 168 172 175
246086.63952637 3357553.79003906 15.02636719 128 128 128
246093.81030273 3357554.83331299 15.88539028 40 158 230
246092.33569336 3357555.99591064 15.60285568 39 180 223
246093.14929199 3357555.88287354 15.73067665 244 255 255
246094.62084961 3357554.51141357 15.60908604 101 178 208
246093.61376953 3357554.35150146 15.31475830 174 176 171
246093.50170898 3357554.19750977 15.56736851 252 253 255
246084.80065918 3357553.94824219 13.12720108 91 91 91
246093.34765625 3357555.27917480 16.12041855 71 187 234
246086.79016113 3357553.10247803 14.98212242 128 128 128
246088.43286133 3357553.26275635 13.09528828 176 179 184
246093.78417969 3357554.67413330 15.31883240 172 172 170
246094.14501953 3357556.50079346 13.02802658 103 126 144
246093.14599609 3357554.72259521 15.83502960 22 179 230
246086.54382324 3357555.05230713 13.17383480 80 155 194
246088.23937988 3357552.95812988 15.22107792 91 159 198
246093.59350586 3357554.81793213 13.01057243 176 185 192
