246108.14440918 3357404.19454956 15.60591793 190 182 203
246108.11743164 3357404.61209106 15.02361393 185 185 195
246104.49072266 3357400.09194946 15.80730343 106 117 123
246108.16162109 3357408.71566772 16.42586899 167 234 242
246108.22119141 3357404.13540649 17.00958061 186 185 201
246108.16894531 3357408.68643188 17.26248169 164 220 243
246105.76892090 3357400.81088257 16.73593903 34 75 137
246108.22460938 3357405.66748047 15.52833462 195 203 222
246108.11987305 3357404.94149780 15.43301487 218 231 240
246104.48730469 3357399.74923706 15.64972019 170 175 169
246104.39392090 3357400.42788696 17.12857056 83 142 198
246104.43945313 3357399.71542358 14.90364265 121 123 122
246108.13757324 3357405.20516968 14.99910545 201 226 230
246105.82373047 3357399.29708862 16.75355530 46 59 91
246104.54895020 3357399.98968506 14.90336514 121 125 126
246104.23876953 3357400.99316406 14.94065762 97 99 98
246104.14733887 3357400.36621094 15.31032658 123 126 105
246104.83544922 3357398.45220947 17.42029953 164 193 223
246104.07312012 3357401.08953857 14.91468334 93 93 91
246108.28063965 3357410.51013184 16.17936516 227 236 243
246108.11901855 3357404.84457397 15.55331898 221 234 243
246107.57055664 3357403.28747559 14.70816517 92 94 93
246108.11071777 3357404.46884155 16.82242012 255 241 238
246108.17480469 3357408.72653198 15.16225910 213 211 199
246108.40844727 3357410.35531616 17.48052025 137 138 143
246104.77905273 3357400.14245605 14.87101650 128 133 137
246105.02587891 3357397.83108521 14.75452614 121 123 120
246108.20812988 3357409.61782837 15.85524654 210 206 203
246108.44689941 3357409.35476685 14.61072159 38 42 45
246104.50354004 3357399.60220337 15.69612503 176 179 172
246105.69689941 3357398.55630493 14.77968311 168 159 154
246108.37805176 3357406.41012573 17.58483315 64 65 67
246108.32153320 3357410.43591309 15.89533901 169 173 174
246104.48889160 3357400.25448608 17.22407150 82 140 188
246108.14306641 3357404.64694214 16.60135460 211 219 238
246104.80444336 3357400.48294067 14.85703945 118 125 135
246108.23449707 3357408.89080811 16.50182533 200 205 199
246104.84289551 3357398.12329102 17.35845375 80 146 206
246104.45104980 3357400.10128784 14.90738964 119 123 124
246103.97570801 3357398.79974365 16.76749229 63 124 181
246103.94274902 3357399.81317139 16.25682449 165 153 139
246104.13085938 3357400.77651978 15.82914925 118 127 122
246105.75244141 3357400.15435791 16.82789230 48 90 166
246103.97229004 3357400.30032349 16.72673035 128 154 191
246104.82080078 3357399.59860229 14.81589794 97 98 100
246108.16271973 3357404.30450439 16.29590988 204 181 189
246108.19335938 3357409.34484863 14.78239250 195 200 206
246103.95153809 3357397.92709351 16.70665359 148 163 184
246105.88085938 3357400.94049072 14.74677849 67 71 80
246105.19165039 3357397.85037231 17.17725182 93 141 181
246104.73986816 3357398.68984985 16.16373444 155 155 153
246104.02026367 3357400.03158569 16.29776573 100 81 77
246108.20422363 3357410.07559204 16.74990082 214 227 235
246104.41931152 3357400.16378784 17.16912270 108 153 194
246104.01330566 3357398.94317627 14.73151207 120 120 118
246108.22424316 3357410.30468750 17.38836861 163 219 242
246108.24279785 3357410.03521729 15.56443024 200 207 213
246108.19567871 3357404.00784302 16.05903244 151 151 161
246104.28613281 3357399.29217529 14.85658455 117 119 116
246105.82092285 3357399.27923584 16.82504272 69 90 137
246105.24462891 3357398.94250488 17.00487137 48 104 179
246103.94714355 3357398.76889038 16.33052826 124 121 128
246105.80126953 3357400.13897705 16.63958359 88 94 108
246104.04333496 3357400.18750000 16.81448364 110 145 187
246104.88781738 3357400.88406372 16.98107910 113 143 179
246108.22412109 3357409.87701416 16.08981133 217 218 220
246105.55541992 3357400.94558716 14.74440098 163 160 153
246108.11804199 3357404.93630981 15.91132736 217 237 246
246104.20983887 3357399.40585327 15.66405678 163 156 146
246105.59008789 3357399.02990723 16.98147774 24 79 146
246108.33361816 3357404.69186401 17.45464325 200 202 214
246108.19689941 3357410.01330566 15.86776829 223 232 239
246104.53295898 3357400.08108521 17.21117401 97 145 193
246105.17114258 3357397.69226074 14.76154804 130 131 126
246104.60437012 3357400.97039795 16.90916634 88 138 207
246104.45312500 3357399.34817505 14.82892513 107 111 114
246104.51892090 3357397.81790161 14.77381611 134 134 134
246105.39172363 3357398.95721436 17.03389740 67 120 188
246108.25769043 3357410.11712646 15.60816956 205 214 221
246108.17907715 3357404.29510498 14.81770134 132 134 146
246108.30761719 3357409.05511475 17.56152153 239 239 249
246105.42871094 3357398.44595337 16.62284470 132 146 159
246104.77746582 3357398.06381226 14.81877327 121 121 121
246105.88000488 3357399.89910889 14.79394436 77 78 82
246103.91369629 3357400.54290771 16.64691353 181 190 189
246108.21325684 3357406.35464478 17.61186028 251 255 255
246108.23291016 3357408.07931519 14.79742718 105 115 117
246105.46240234 3357399.37081909 14.75160789 149 148 146
246104.70166016 3357399.06231689 16.86470985 51 102 181
246108.17822266 3357408.29241943 15.07871723 174 180 178
246104.20104980 3357400.08331299 16.98583031 105 154 195
246108.32995605 3357410.36782837 15.99580288 186 189 194
246103.94287109 3357399.11755371 16.81387711 66 128 185
246108.21472168 3357409.71270752 15.94305134 205 205 203
246103.91442871 3357399.90493774 16.44344521 141 139 153
246108.26354980 3357410.49301147 15.54312229 211 218 228
246108.19348145 3357410.02255249 16.75304985 122 141 174
246108.28942871 3357410.26168823 16.82706451 230 238 241
246108.35083008 3357407.27160645 17.60084534 170 175 168
246105.10583496 3357400.10177612 16.20310593 153 152 157
246103.98107910 3357399.73446655 16.15119934 154 147 128
246108.15844727 3357407.66558838 14.93196392 211 239 243
246105.47741699 3357398.79898071 14.80740738 193 184 175
246104.19982910 3357398.16220093 16.33006859 149 145 142
246104.76269531 3357398.38671875 17.44685745 90 138 176
246108.31201172 3357404.41915894 17.43845558 221 217 231
246108.18994141 3357409.51428223 14.62575722 168 175 185
246104.20043945 3357399.90551758 16.97413445 100 158 195
246108.11633301 3357404.61944580 15.05147362 179 179 189
246104.41503906 3357399.05410767 14.77721691 110 110 110
246104.19604492 3357400.91207886 16.28290176 107 149 187
246104.10180664 3357400.38522339 16.22692108 103 99 96
246108.11303711 3357403.75155640 16.52489281 186 217 235
246108.11901855 3357404.82983398 16.33432198 211 241 241
246108.16271973 3357408.80801392 16.66028023 167 226 240
246105.27954102 3357399.69027710 14.78319263 93 92 97
246108.19726563 3357409.71716309 15.97042370 210 205 211
246104.02673340 3357398.62658691 16.16813087 166 164 152
246104.27258301 3357398.51956177 16.07028198 150 148 149
246108.18762207 3357408.94296265 15.78033543 211 89 68
246105.39428711 3357397.74697876 17.10001945 94 136 161
246103.98303223 3357397.92648315 16.76286697 140 162 199
246108.21325684 3357406.78125000 17.56096268 208 237 251
246104.32434082 3357399.15814209 14.80682755 113 113 113
246108.19030762 3357409.42337036 14.84598732 208 212 221
246108.17846680 3357408.90591431 15.18676662 208 199 190
246108.24230957 3357407.89352417 14.90407276 192 220 231
246108.20605469 3357409.48678589 15.96779442 216 202 199
246108.11999512 3357404.65029907 16.85567284 245 241 238
246108.35498047 3357408.05480957 15.72948551 172 182 181
246108.28186035 3357409.85101318 17.17308235 199 212 218
246104.61914063 3357400.15704346 16.00758934 116 128 140
246104.77343750 3357400.14642334 17.26272202 81 141 195
246108.19567871 3357409.79077148 16.99594116 43 48 78
246105.54553223 3357398.23037720 14.75663185 140 136 133
246105.40771484 3357400.75881958 17.04726028 37 94 173
246104.12060547 3357400.12307739 16.17027283 156 133 127
246105.50183105 3357399.96066284 14.77088928 169 168 166
246108.19909668 3357410.14422607 16.05059433 225 236 240
246103.90136719 3357399.68701172 16.47404099 92 105 137
246105.22924805 3357398.80773926 17.13260841 69 118 195
246108.10986328 3357404.54699707 17.27810287 235 238 247
246108.40393066 3357410.43273926 17.51247978 150 151 156
246108.23913574 3357404.58523560 17.05644417 204 217 226
246105.31652832 3357400.73043823 16.56749344 136 150 163
246108.14819336 3357403.71112061 15.04428864 206 209 218
246105.40686035 3357398.56533813 14.80569267 191 186 180
246108.14086914 3357404.80044556 16.12249947 200 209 216
246105.65258789 3357399.81570435 16.48962593 123 128 124
246105.20520020 3357397.39645386 14.75948143 163 162 157
246108.22399902 3357410.33215332 17.25804710 174 219 242
246108.20715332 3357410.36935425 15.45453548 246 236 237
246108.20361328 3357409.22549438 16.25420570 218 208 199
246108.22485352 3357409.20043945 16.63433647 209 214 207
246104.36010742 3357400.66598511 15.13004017 118 119 111
246105.69055176 3357399.49545288 14.78619957 82 82 80
246108.21716309 3357410.27377319 16.90742874 227 246 253
246104.47473145 3357399.23239136 14.79923534 112 113 117
246108.17651367 3357409.25103760 15.18179226 211 212 217
246105.11486816 3357397.66500854 16.95623589 143 156 162
246105.39245605 3357398.52871704 16.56843758 134 144 154
246103.95275879 3357400.72702026 15.16221905 83 83 73
246108.27294922 3357410.11773682 15.95380116 209 216 222
246105.68688965 3357399.79815674 16.90569878 62 112 183
246108.18127441 3357408.99923706 15.29863834 200 189 185
246105.24645996 3357397.78585815 14.75609684 163 164 158
246105.08068848 3357400.47436523 16.38396645 114 123 132
246104.66955566 3357398.76361084 17.18380356 48 99 178
246108.41528320 3357410.30584717 17.39652061 175 175 183
246108.19958496 3357403.76968384 15.40732670 141 144 153
246104.18322754 3357400.41540527 15.55802059 133 134 102
246108.32141113 3357404.55432129 14.74625397 51 52 54
246108.19934082 3357409.25640869 16.06926918 224 203 198
246105.25378418 3357397.72357178 17.04940796 111 156 185
246108.19067383 3357409.45590210 15.56491089 205 203 206
246108.35986328 3357407.90866089 15.26649570 194 200 198
246108.19152832 3357409.10025024 15.37545490 172 121 128
246105.68859863 3357398.77587891 14.76886559 183 176 168
246104.79602051 3357400.91555786 16.92469788 94 132 177
246108.34448242 3357408.30194092 16.58885193 170 173 164
246103.90710449 3357399.68322754 16.73146248 59 120 175
246104.67712402 3357398.10961914 17.34757233 66 141 198
246105.56677246 3357398.96697998 17.00780106 28 80 137
246105.30505371 3357399.13235474 16.31009865 119 123 122
246104.32922363 3357398.49017334 16.09284973 149 147 148
246108.11096191 3357404.45184326 16.90239334 254 239 232
246105.75280762 3357400.05624390 16.58789253 96 103 113
246104.35766602 3357400.40371704 17.09523582 85 141 198
246104.88415527 3357397.73281860 16.72797585 138 139 134
246105.53234863 3357400.54968262 14.79000854 99 137 158
246104.54382324 3357397.62365723 14.74848652 108 108 106
246105.59851074 3357400.23962402 16.43552208 144 145 139
246104.11071777 3357401.01010132 14.98410988 57 57 55
246108.35705566 3357408.18075562 16.41389465 167 169 158
246108.16198730 3357408.65777588 15.94399166 208 231 239
246108.22387695 3357410.41494751 16.53896332 217 229 243
246105.33190918 3357398.47473145 16.54974174 144 153 162
246108.15600586 3357404.87588501 14.98788357 143 146 155
246103.96301270 3357400.15457153 14.80434608 107 108 103
246104.32275391 3357398.84164429 15.86084747 158 157 155
246105.00524902 3357399.32507324 16.05340958 178 175 168
246108.21472168 3357409.65820313 16.02122116 219 218 214
246104.10437012 3357397.85360718 16.52796555 148 156 167
246108.20861816 3357409.93579102 17.36763954 144 223 238
246105.57849121 3357399.08178711 16.52830505 84 99 104
246104.57775879 3357400.80667114 14.83026695 94 85 76
246104.12231445 3357400.65551758 15.56332111 113 112 110
246108.13659668 3357404.89813232 17.62010193 252 255 255
246108.19421387 3357410.35629272 14.78066158 239 229 238
246104.29821777 3357398.28750610 16.24425316 156 153 148
246108.22277832 3357409.90957642 15.63749313 206 217 223
246108.26440430 3357405.11123657 16.55001640 198 212 225
246108.23754883 3357404.83395386 16.79758835 199 216 232
246108.24877930 3357408.17370605 14.76134396 89 94 100
246104.16760254 3357399.26296997 15.67896366 201 195 183
246104.19995117 3357399.61614990 15.54856014 220 220 208
246104.83081055 3357397.67306519 16.76297569 138 138 136
246108.11779785 3357404.72915649 15.70691395 222 236 245
246108.38732910 3357407.49093628 15.17725468 188 197 194
246105.03112793 3357397.98507690 16.62764740 161 161 159
246104.94873047 3357398.89251709 16.17052841 157 158 152
246108.36108398 3357407.49774170 15.10154057 191 200 199
246103.84118652 3357399.44937134 14.71273899 112 112 110
246108.12268066 3357404.71685791 16.79967499 238 242 241
246103.90270996 3357399.96286011 16.54237747 111 124 158
246108.25073242 3357410.12161255 15.37999344 196 201 207
246108.15649414 3357403.74209595 16.30440521 189 203 216
246108.26599121 3357410.13409424 15.75456142 216 219 224
246104.73937988 3357398.07809448 16.45631981 164 163 159
246104.04199219 3357398.12530518 14.75830555 97 98 100
246104.28686523 3357397.55096436 16.85549355 175 197 211
246108.18688965 3357409.32861328 15.58007908 196 119 129
246108.38916016 3357410.31649780 14.76624107 81 80 88
246105.34704590 3357398.22137451 17.19084930 39 85 145
246104.23681641 3357398.42471313 16.15935326 151 150 146
246103.96704102 3357398.18838501 16.78717041 156 176 209
246103.87121582 3357397.80371094 14.76095200 95 96 98
246104.15307617 3357397.59552002 14.82368088 107 109 108
246105.71655273 3357400.58422852 16.80812263 37 91 177
246104.98876953 3357398.77917480 17.13935089 45 97 180
246105.07604980 3357400.80697632 14.79370785 91 90 96
246105.31445313 3357399.48751831 16.84324265 65 118 194
246105.65686035 3357400.27514648 16.85918045 37 95 179
246108.20263672 3357408.60244751 16.02738953 203 206 195
246105.73779297 3357399.31939697 14.78689194 94 93 91
246104.45471191 3357400.62963867 17.16105080 68 138 198
246103.84167480 3357398.73486328 14.70176506 209 208 206
246108.21923828 3357409.90921021 14.82158661 206 208 220
246104.40893555 3357398.39529419 17.15402222 118 175 220
246104.75305176 3357400.83679199 16.64746475 133 167 194
246105.35302734 3357398.62219238 16.50788498 137 146 153
246104.17578125 3357398.22879028 16.95907211 93 149 206
246104.09240723 3357401.19247437 16.69867516 96 155 221
246104.99707031 3357400.29568481 17.33212662 105 142 194
246104.69592285 3357399.88632202 15.85673141 130 135 138
246104.98596191 3357399.91824341 16.05619240 162 161 157
246105.69335938 3357399.01449585 16.68602562 80 93 110
246108.18395996 3357408.90219116 15.79400539 220 83 67
246104.94775391 3357398.46618652 16.36366272 171 170 165
246105.46545410 3357398.70462036 16.54923630 120 132 148
246103.97180176 3357399.41656494 14.77493000 96 92 91
246108.18859863 3357408.37033081 15.19984436 192 199 192
246103.90515137 3357400.41821289 16.60671234 174 169 176
246104.08886719 3357399.28594971 16.83088684 50 95 160
246104.73693848 3357398.24615479 14.83449459 121 121 121
246105.48620605 3357398.45471191 16.80499649 93 118 148
246108.33874512 3357409.78851318 17.27821159 162 176 187
246108.10510254 3357404.30584717 17.03137779 249 223 224
246104.09545898 3357398.92828369 15.97633743 128 125 108
246104.56042480 3357399.39562988 16.78659439 35 58 126
246108.21105957 3357410.49911499 14.73923016 226 225 239
246108.14135742 3357404.88845825 15.10477066 211 218 228
246108.37622070 3357410.23077393 17.25321388 220 226 238
246104.90075684 3357398.21472168 17.41539955 65 126 181
246104.02551270 3357398.83566284 16.84397316 70 132 191
246104.17138672 3357397.68780518 16.63524055 140 149 164
246108.13671875 3357405.19299316 14.92140007 221 239 239
246108.24584961 3357410.55242920 17.35113907 199 232 251
246105.63183594 3357399.15518188 14.76301956 110 106 103
246103.89746094 3357397.70089722 14.76118469 107 109 108
246108.18298340 3357404.39755249 14.80801201 113 113 125
246108.18481445 3357404.72927856 16.71916199 205 218 235
246105.38684082 3357400.22192383 17.08037376 49 107 180
246103.82910156 3357399.92416382 14.71223164 102 102 104
246108.19750977 3357409.48919678 15.71173000 209 203 203
246108.18505859 3357408.45050049 15.64472008 208 208 196
246104.47631836 3357400.37072754 16.06856728 125 142 150
246103.94836426 3357398.56808472 16.35237312 150 144 148
246104.10888672 3357400.34164429 15.45358276 163 169 123
246104.06591797 3357399.71008301 14.84392452 112 113 108
246105.66735840 3357398.94537354 16.71762276 81 97 123
246104.79541016 3357397.74270630 16.69791794 146 147 142
246104.89501953 3357398.03335571 17.28878593 67 132 188
246104.95092773 3357398.22439575 16.47597885 183 179 176
246104.18017578 3357399.71655273 16.91722488 58 122 183
246104.30957031 3357397.44436646 14.80206966 102 104 103
246105.48876953 3357398.39212036 16.83339310 84 111 141
246104.79089355 3357398.01379395 16.51335716 161 160 156
246108.23327637 3357409.92422485 15.82484150 210 218 221
246105.55126953 3357399.88534546 16.41579437 144 144 136
246108.12390137 3357404.85836792 15.22342300 227 231 242
246108.31347656 3357404.56823730 17.38727951 229 225 240
246104.74963379 3357398.30410767 14.82316494 117 117 117
246108.19360352 3357409.45730591 15.64535427 207 203 202
246108.15563965 3357408.06680298 17.49922752 154 219 241
246103.87170410 3357399.67147827 16.63472176 64 108 157
246108.09960938 3357404.21215820 17.31864929 240 241 245
246108.32861328 3357406.73516846 17.59155655 158 163 167
246108.31140137 3357408.75656128 16.78242111 185 195 194
246108.19714355 3357409.47775269 16.26194763 226 209 201
246105.62658691 3357398.87908936 16.80181503 72 97 127
246104.20898438 3357398.08483887 16.98540497 63 133 195
246108.15930176 3357408.80841064 16.73973465 161 225 237
246105.78027344 3357399.89025879 14.78030682 78 80 77
246108.18066406 3357408.93521118 15.46879292 200 177 171
246108.19885254 3357409.60244751 15.60845280 206 207 211
246108.15197754 3357408.36602783 17.37681580 158 212 236
246108.29418945 3357410.48178101 15.74349403 206 207 211
246104.76953125 3357400.87783813 14.83258533 82 80 81
246104.45227051 3357400.27777100 14.89182472 112 126 137
246104.66052246 3357397.35427856 14.77321529 117 119 118
246108.17529297 3357408.83703613 17.51968575 167 205 226
246105.66955566 3357399.00308228 16.66064644 85 97 113
246104.83117676 3357398.80551147 16.15443611 152 152 150
246108.14916992 3357406.79989624 15.17916775 213 230 238
246105.71472168 3357399.60183716 16.54137611 81 93 105
246105.59375000 3357397.87185669 16.91858292 82 102 113
246104.87841797 3357398.45422363 16.33633232 169 168 164
246108.13256836 3357405.55554199 15.40314007 194 210 225
246108.26525879 3357405.08905029 14.93408775 96 101 107
246103.97448730 3357398.88571167 16.78809929 64 123 179
246108.33935547 3357404.72796631 17.23579407 207 219 233
246104.29406738 3357400.40841675 15.67541885 120 123 116
246103.89208984 3357399.73660278 16.48386383 94 104 129
246108.19897461 3357404.13470459 16.79709816 196 184 198
246105.24389648 3357399.87203979 16.21371841 172 174 163
246105.29711914 3357398.88748169 16.37217331 149 153 152
246105.25402832 3357400.96176147 16.97655296 125 161 209
246108.16357422 3357404.12902832 15.74148750 194 186 207
246103.91906738 3357399.24328613 16.46748352 117 127 139
246105.27673340 3357398.98901367 14.78560448 165 164 159
246108.25415039 3357410.08166504 15.68192387 217 225 228
246105.83300781 3357399.54452515 16.79312134 25 47 88
246108.21630859 3357410.21975708 17.04229355 192 229 248
246108.37121582 3357408.15283203 16.30481529 178 181 170
246108.19543457 3357409.46255493 14.78964233 202 207 213
246104.12231445 3357400.30291748 15.02589703 126 133 99
246108.39526367 3357409.54367065 17.50432396 208 211 218
246104.67553711 3357398.06494141 16.44837952 162 161 157
246108.20214844 3357409.07327271 15.96425343 222 115 105
246105.09118652 3357399.01751709 14.74812603 93 93 93
246105.64196777 3357400.70007324 14.78647232 70 107 133
246103.94934082 3357400.67459106 15.09565830 84 89 83
246108.23681641 3357408.85458374 16.48746681 199 206 199
246108.13964844 3357407.50973511 17.45538902 148 215 244
246104.96826172 3357398.28070068 17.42218781 135 166 213
246105.63354492 3357399.56271362 16.87894630 67 121 195
246104.82226563 3357400.02307129 16.02875328 97 103 115
246104.38464355 3357398.20190430 17.13548660 62 137 204
246108.14221191 3357406.67587280 15.16589165 188 206 216
246108.16772461 3357409.48709106 16.63747215 244 245 231
246108.24438477 3357408.22671509 15.82358646 166 171 165
246105.62402344 3357400.01501465 16.46195793 133 134 126
246104.44641113 3357400.94268799 17.05244446 65 118 198
246108.35400391 3357409.62374878 14.64063740 71 73 85
246108.28649902 3357410.38589478 15.08058453 129 131 144
246105.32067871 3357398.68417358 16.46382523 137 145 148
246108.19274902 3357410.17376709 16.25933838 226 244 246
246105.46716309 3357400.74282837 17.00170708 33 95 172
246108.11975098 3357404.85546875 15.99025249 218 241 247
246105.25109863 3357400.98617554 16.92208290 130 162 203
246104.45104980 3357400.93499756 14.82557964 52 53 47
246105.26367188 3357400.38113403 17.17167091 55 109 179
246104.33679199 3357397.71307373 14.77392960 111 113 112
246108.18640137 3357408.42349243 15.15674686 197 199 194
246105.03051758 3357398.30975342 17.41861725 40 76 136
246108.38000488 3357409.63119507 17.32719803 165 176 178
246108.30114746 3357408.02023315 15.21710205 164 172 174
246103.92089844 3357398.52764893 16.44763947 145 138 146
246108.19824219 3357410.29211426 14.93991184 236 241 245
246107.97790527 3357403.54779053 14.69690800 87 88 92
246108.22143555 3357410.34780884 16.96660995 227 241 252
246108.18701172 3357409.23272705 17.10122490 164 225 243
246108.13110352 3357405.39944458 14.90887165 201 235 244
246105.37036133 3357398.34179688 17.12940216 51 87 135
246108.28881836 3357405.09237671 16.62238693 197 210 226
246108.22399902 3357410.21194458 14.81102753 158 157 165
246104.72924805 3357398.41378784 17.43041229 83 131 169
246105.06091309 3357399.87728882 17.07877922 66 136 205
246108.17285156 3357408.70288086 15.27120972 215 207 196
246104.40380859 3357398.42279053 16.14871025 145 143 144
246104.42541504 3357398.06192017 17.17248535 76 146 208
246108.17919922 3357406.32977295 17.61676788 225 238 244
246103.96765137 3357400.08193970 14.76859951 107 109 106
246105.81176758 3357399.29818726 16.69536972 56 68 90
246108.31237793 3357407.97671509 14.75555515 58 66 69
246105.21496582 3357398.87768555 17.05999565 57 109 185
246108.24267578 3357410.13729858 16.63811684 192 207 210
246108.31689453 3357404.93743896 17.57071304 218 213 220
246104.30004883 3357399.63333130 15.58611488 166 173 166
246105.29663086 3357399.09378052 16.88981056 56 114 188
246104.10754395 3357400.37155151 15.06720543 133 141 100
246108.13293457 3357404.62094116 14.90423489 175 178 187
246108.31896973 3357410.01522827 17.27199364 177 185 187
246108.11120605 3357404.44573975 17.03673744 254 237 229
246104.17749023 3357401.00051880 14.99835682 73 78 74
246108.20288086 3357405.58474731 15.17763042 95 105 117
246108.15283203 3357406.80807495 15.04326248 186 214 225
246108.17309570 3357408.26119995 14.70520782 202 228 241
246105.59619141 3357399.89373779 16.44702911 139 138 133
246104.26757813 3357400.16738892 14.93035126 126 129 122
246108.22814941 3357410.40963745 17.03046989 229 242 251
246108.15661621 3357403.74682617 15.78587532 229 242 250
246108.37707520 3357407.02005005 17.60272408 130 134 135
246108.19177246 3357409.95913696 16.04336548 216 230 239
246104.00012207 3357401.16848755 14.89458370 96 98 95
246104.78466797 3357400.71008301 14.84411526 85 86 90
246108.38220215 3357408.71624756 16.80857849 168 178 179
246104.14550781 3357400.56939697 15.59551907 127 125 100
246104.18444824 3357400.85388184 16.17147446 68 106 142
246108.22412109 3357408.96862793 16.40909767 200 209 204
246103.91552734 3357399.99768066 16.61879730 94 117 159
246108.11804199 3357404.77435303 15.84973145 209 221 233
246103.85253906 3357399.39520264 14.70919895 114 113 111
246108.10034180 3357404.25280762 17.34199524 225 233 236
246108.22729492 3357408.34710693 16.15535355 188 191 180
246108.13964844 3357404.44912720 15.80922508 183 186 201
246108.18176270 3357409.85195923 16.81949043 170 180 190
246108.32617188 3357405.39935303 14.96695423 61 66 70
246104.31689453 3357399.12893677 16.88482285 43 95 168
246108.20056152 3357410.24029541 14.97127438 212 219 227
246105.17065430 3357400.83752441 17.10093880 108 153 210
246104.63269043 3357399.10961914 14.76295471 112 113 115
246105.01074219 3357397.70190430 16.82934952 145 145 143
246105.40673828 3357400.23565674 17.06179237 50 108 181
246104.09326172 3357398.22576904 16.31159210 149 142 136
246108.22558594 3357410.48648071 14.84570789 233 240 248
246105.43554688 3357399.45593262 16.84205246 28 82 154
246108.15209961 3357404.51684570 16.74125862 211 223 239
246108.23803711 3357408.30593872 15.95401096 187 190 179
246103.88793945 3357398.55374146 16.64115524 172 169 188
246108.36059570 3357410.55236816 17.50033188 226 233 239
246103.90356445 3357398.60842896 14.68814945 167 166 164
246108.19384766 3357409.96411133 16.74538612 176 190 203
246108.15039063 3357405.35073853 15.89361954 192 214 237
246108.18395996 3357409.41879272 15.16549110 214 222 235
246108.32055664 3357405.18020630 17.59133339 242 237 243
246105.26501465 3357399.71252441 14.78680325 69 70 75
246104.15649414 3357401.00497437 15.00824547 52 54 51
246104.68530273 3357400.35229492 16.20298195 133 150 157
246108.14697266 3357404.11380005 15.41739750 172 165 181
246108.15405273 3357407.00177002 15.08451176 201 232 237
246108.14819336 3357406.75491333 15.11176395 197 217 226
246104.51440430 3357400.69192505 14.86075592 115 99 83
246108.21484375 3357408.40240479 16.08896065 197 200 189
246108.21081543 3357405.35620117 16.07008934 185 197 211
246108.13159180 3357403.74377441 16.37094498 228 248 255
246104.94067383 3357398.75610352 17.17275238 37 92 175
246104.03601074 3357400.47183228 15.33741760 121 127 91
246104.76464844 3357397.74032593 17.07750702 89 137 185
246108.19213867 3357410.18719482 16.47052383 218 237 244
246108.17773438 3357405.00765991 16.38003349 205 219 230
246104.71923828 3357399.65710449 14.83414936 121 122 124
246108.20153809 3357409.43200684 16.12806129 218 192 195
246108.21118164 3357408.55474854 16.10944557 201 207 195
246105.13891602 3357397.85260010 17.17616272 93 141 181
246104.16625977 3357400.93542480 16.25909233 68 110 152
246108.19213867 3357403.81695557 15.63446999 211 204 212
246108.21923828 3357410.37591553 15.64924145 239 234 238
246108.25000000 3357410.43365479 15.77634239 242 237 241
246105.31420898 3357399.86364746 16.25414848 173 174 160
246104.66516113 3357400.06597900 17.21538734 78 139 196
246105.18212891 3357397.87200928 14.75192261 130 130 128
246105.35913086 3357399.64492798 16.95223808 49 117 188
246105.67150879 3357399.26962280 16.56186485 80 98 110
246105.39160156 3357398.83569336 16.45245552 140 148 150
246108.43005371 3357407.38800049 15.21605778 170 182 180
246105.24597168 3357398.98043823 16.96806908 51 107 182
246105.35107422 3357398.10296631 17.20422173 44 82 144
246108.23437500 3357408.65698242 16.42512512 208 214 204
246104.52429199 3357399.26916504 14.79880047 110 111 116
246105.01428223 3357398.20120239 14.77699184 124 124 122
246103.93383789 3357400.59112549 16.69456673 172 192 216
246108.27111816 3357409.18154907 16.90175819 191 201 200
246108.18139648 3357409.99880981 15.67130089 239 239 247
246105.81054688 3357399.88156128 16.64544868 40 56 90
246105.29089355 3357399.85806274 17.08958626 73 132 192
246108.24584961 3357405.54751587 17.61892891 188 184 185
246108.12219238 3357404.79098511 15.49742889 200 216 231
246104.55895996 3357399.78289795 16.99712753 51 120 187
246104.48022461 3357397.57809448 16.80837059 123 132 139
246104.51135254 3357400.34854126 14.87988949 109 130 151
246105.17724609 3357400.27780151 17.24288750 61 105 176
246104.18359375 3357397.43981934 14.82110023 110 112 111
246107.40600586 3357403.17471313 14.71548176 93 93 93
246104.39147949 3357400.39782715 14.93061066 120 140 164
246105.48901367 3357400.14187622 16.99480820 47 105 179
246104.96801758 3357398.13034058 16.52888107 181 177 174
246104.24426270 3357399.00860596 15.76527119 169 168 163
246108.22363281 3357410.41802979 16.30821800 217 235 237
246104.09863281 3357399.25097656 15.99961185 127 120 110
246108.19909668 3357409.61273193 16.08189774 231 213 211
246105.01232910 3357399.49450684 14.79541016 81 82 86
246103.96533203 3357398.18856812 16.78483772 156 176 209
246105.69116211 3357399.84252930 16.51567650 117 121 122
246105.42431641 3357399.26773071 16.37336540 103 111 113
246108.31823730 3357409.02969360 17.55280495 198 200 212
246104.06591797 3357398.86767578 16.03733063 133 129 117
246105.04528809 3357399.89288330 14.82601357 126 126 126
246108.13354492 3357404.77136230 14.96296787 189 189 201
246105.64074707 3357400.03906250 14.75648785 99 101 100
246104.96081543 3357397.97390747 16.60021591 161 162 157
246108.18762207 3357408.49810791 14.78728199 164 164 166
246104.11755371 3357400.28582764 15.36406803 120 126 92
246108.11718750 3357404.66976929 17.60666847 236 253 255
246108.28869629 3357405.18515015 16.49013519 197 209 223
246108.19677734 3357409.66531372 15.46887016 196 207 213
246108.20129395 3357404.37509155 17.60836792 254 255 251
246104.27673340 3357400.34460449 15.58941460 103 103 91
246108.19409180 3357406.50741577 17.60017586 243 250 255
246104.40136719 3357400.58557129 16.20118332 118 150 173
246104.28051758 3357399.97686768 15.60178947 107 105 82
246108.28369141 3357410.19665527 16.50675583 201 210 215
246108.21435547 3357409.83773804 15.78803921 205 217 217
246104.65466309 3357397.70205688 17.05211639 81 124 166
246108.17932129 3357408.97726440 14.91665077 214 219 223
246108.22021484 3357409.61923218 16.25818634 213 208 205
246104.46862793 3357398.56756592 17.20338631 107 162 219
246104.29223633 3357400.14440918 15.90185261 156 136 125
246104.14086914 3357399.25521851 15.84619236 139 131 118
246104.33166504 3357399.31143188 14.85030270 115 117 116
246105.45593262 3357399.43457031 14.75083733 143 142 140
246105.14318848 3357398.27584839 14.77324581 117 117 115
246108.20080566 3357409.84832764 17.13868332 178 211 226
246105.82629395 3357399.35379028 16.73981857 65 78 95
246104.20080566 3357398.79782104 15.90076256 146 144 119
246104.45629883 3357398.53637695 16.09197998 141 141 141
246108.17687988 3357409.03948975 15.26711082 236 217 219
246108.19616699 3357409.67904663 17.23028755 175 233 247
246104.29919434 3357399.58840942 14.91642761 129 131 130
246104.55383301 3357398.65841675 16.08591080 148 148 146
246108.18457031 3357408.00656128 17.55479622 195 235 245
246104.66650391 3357398.83230591 17.10709763 46 102 179
246105.38806152 3357398.04534912 17.17394447 55 90 132
246105.37658691 3357400.07458496 14.78085327 171 171 171
246104.15222168 3357398.03231812 16.93705177 70 135 199
246104.79479980 3357398.40002441 17.44782448 133 174 202
246104.14538574 3357399.55337524 14.90005493 117 116 114
246108.18225098 3357408.95910645 15.49735260 201 176 171
246108.12145996 3357404.84054565 15.20142937 201 217 230
246104.59924316 3357399.21954346 16.79444695 51 97 174
246108.13720703 3357403.83892822 17.66318512 254 255 255
246108.22241211 3357409.58084106 16.40096664 226 224 212
246105.66101074 3357400.48165894 16.85025024 34 92 176
246108.30029297 3357404.32876587 17.41905022 213 213 225
246104.76989746 3357399.53680420 16.82434845 54 114 187
246104.78076172 3357400.30374146 17.36632347 133 174 204
246108.15734863 3357405.15600586 16.13209343 204 220 233
246103.93896484 3357400.13473511 16.63601685 111 124 156
246108.21069336 3357410.15176392 16.83599663 224 241 249
246105.31188965 3357398.10751343 16.69999504 145 154 163
246104.21337891 3357400.68902588 16.95343971 112 165 215
246104.28857422 3357400.15872192 15.38714314 91 97 95
246105.23925781 3357398.32897949 17.26587105 45 89 154
246104.27258301 3357400.67794800 15.31957531 152 148 139
246108.13500977 3357405.30502319 15.05755424 196 225 233
246104.99597168 3357398.08517456 14.77489758 119 121 118
246105.28845215 3357400.91699219 16.65403748 164 172 174
246104.43444824 3357400.99932861 16.66205025 121 153 192
246105.47998047 3357397.93563843 14.75833321 174 173 171
246108.37084961 3357405.75296021 17.56819725 115 113 114
246104.53173828 3357397.60928345 16.91701508 99 125 152
246105.05786133 3357399.78775024 17.01742554 53 127 192
246108.20886230 3357404.71774292 16.83430672 206 219 235
246108.17077637 3357408.78976440 15.15073681 213 211 198
246104.17932129 3357399.76651001 14.89973640 118 120 117
246104.88317871 3357398.89282227 14.74176598 124 124 124
246104.93212891 3357397.91290283 17.19615364 71 128 181
246108.26354980 3357404.15435791 14.80354977 57 57 65
246108.22424316 3357403.74209595 17.17270660 186 201 220
246108.13061523 3357405.47607422 14.92291355 198 235 243
246105.49841309 3357398.56442261 16.83867645 71 99 123
246108.25402832 3357410.45123291 15.67267418 237 235 240
246108.18798828 3357408.96313477 16.54283714 182 230 240
246108.21032715 3357408.11859131 14.79215240 106 113 119
246103.91687012 3357397.87121582 14.76759911 92 93 95
246105.04675293 3357398.65060425 14.78683281 183 182 180
246108.18945313 3357408.95034790 15.87901688 232 107 87
246108.25781250 3357404.88470459 16.80624771 196 214 228
246105.98303223 3357400.76654053 14.80049896 118 160 185
246104.98107910 3357399.51565552 14.79909706 83 84 88
246104.66882324 3357400.10317993 16.01939392 92 108 131
246105.08105469 3357399.23092651 16.80842018 58 104 181
246104.36645508 3357400.63278198 16.21699333 119 151 176
246104.78747559 3357398.25851440 16.38352394 172 171 167
246106.04174805 3357400.85195923 14.75191307 51 67 83
246105.64904785 3357399.00613403 16.90906143 49 90 142
246108.15771484 3357407.57943726 14.75474262 205 237 232
246103.87255859 3357397.43011475 14.77161598 100 100 100
246108.26293945 3357408.11477661 14.76298618 93 98 102
246108.21728516 3357410.29641724 16.81996918 232 242 251
246108.21276855 3357408.91781616 16.21973038 204 206 201
246104.09667969 3357400.19097900 15.42259121 171 177 141
246108.33251953 3357410.35116577 16.07059479 207 216 223
246108.19384766 3357405.21618652 14.98804092 159 161 174
246104.16064453 3357400.21914673 15.38457012 140 143 122
246103.92456055 3357400.83679199 16.49301338 80 88 101
246103.99316406 3357398.94180298 16.19636154 114 114 112
246108.19238281 3357409.12313843 15.91990852 208 174 172
246108.16882324 3357408.59671021 15.61831570 207 209 196
246104.55273438 3357400.86242676 17.11816216 64 123 199
246105.00964355 3357397.37915039 14.76823521 118 119 114
246108.14428711 3357406.56140137 14.71023369 206 237 242
246103.99963379 3357397.79229736 16.78038406 82 123 175
246105.39855957 3357400.74221802 14.76860523 134 134 136
246105.73388672 3357400.92080688 14.74666691 66 64 69
246108.32666016 3357408.67474365 17.57735443 137 127 128
246108.28430176 3357407.86337280 14.91633797 171 182 186
246105.02636719 3357399.64974976 16.07786751 182 179 170
246108.17260742 3357406.76550293 17.54467773 170 211 231
246103.92858887 3357400.96200562 16.67766762 88 130 188
246104.20251465 3357400.45623779 15.72877502 127 133 149
246104.35314941 3357400.28045654 15.84680367 131 141 150
246103.87475586 3357397.42196655 14.77303982 102 100 101
246108.13159180 3357405.77816772 14.93238735 204 236 247
246105.06176758 3357397.67852783 14.76346779 121 121 119
246108.19055176 3357408.89480591 14.84450722 194 198 199
246104.15954590 3357399.18859863 15.75649261 149 144 125
246104.15844727 3357398.00387573 16.94277191 69 134 200
246104.30419922 3357399.44613647 16.81033516 34 75 139
246108.27465820 3357410.50588989 16.79279137 245 239 241
246105.07019043 3357398.20660400 16.54004288 180 176 173
246105.47399902 3357398.86325073 17.06352043 34 83 142
246108.20410156 3357409.06054688 16.46062660 215 241 238
246104.70812988 3357399.39770508 16.77732468 15 55 127
246105.34375000 3357398.31622314 17.18010521 42 87 152
246105.37219238 3357397.92474365 17.19228363 53 85 126
246105.22314453 3357401.10025024 14.74330902 82 82 80
246104.19482422 3357400.09729004 16.97847748 95 149 195
246105.21594238 3357400.41284180 16.40178871 93 102 119
246105.44812012 3357397.97463989 17.10336494 55 80 110
246105.34094238 3357400.45037842 14.77043915 116 119 124
246108.31506348 3357410.12594604 17.54012299 255 254 255
246104.47790527 3357397.60879517 16.92387199 98 120 143
246108.20874023 3357409.21893311 16.34943390 214 210 201
246108.18322754 3357409.63186646 16.29385567 245 237 234
246108.18200684 3357409.33758545 17.06943130 161 229 248
246105.50769043 3357400.62039185 14.76939678 102 116 125
246104.14208984 3357399.62719727 16.87745094 60 113 181
246108.39672852 3357407.00991821 17.60308838 92 94 93
246108.21655273 3357410.35693359 16.24183846 221 239 239
246104.58044434 3357399.24490356 15.83924389 189 189 181
246104.08520508 3357401.13418579 16.83603287 83 151 216
246105.24255371 3357400.62222290 16.49825859 120 132 146
246104.59301758 3357398.89761353 15.98211479 155 155 153
246104.62854004 3357400.19384766 14.88308430 114 121 129
246108.19250488 3357408.95703125 16.11350441 205 147 146
246105.54711914 3357399.75885010 16.98032761 59 108 177
246104.33935547 3357398.23049927 17.09608078 60 137 205
246108.12182617 3357404.73226929 15.19858932 233 237 248
246105.32604980 3357400.37194824 14.76360989 96 104 107
246108.12805176 3357406.18270874 17.54868317 165 212 232
246108.35083008 3357410.42184448 16.19043922 199 208 217
246108.27490234 3357403.93179321 17.38254738 178 179 184
246105.09960938 3357398.80554199 17.10849380 49 102 182
246104.93591309 3357401.05401611 14.82817936 77 77 75
246108.20483398 3357407.61950684 17.57763672 228 248 255
246108.21093750 3357409.81228638 15.10276031 216 222 234
246105.27526855 3357397.53991699 14.76295376 175 172 167
246104.04626465 3357401.15792847 16.37866211 26 62 122
246104.31457520 3357400.43368530 15.38167381 131 123 120
246105.82348633 3357399.81661987 16.70319748 26 44 80
246105.04089355 3357400.13858032 14.82915878 111 112 116
246105.76306152 3357400.86926270 14.75040340 63 63 71
246104.99414063 3357399.79357910 16.05964851 166 165 160
246108.14648438 3357404.85620117 17.62405777 252 255 255
246108.14111328 3357405.05999756 14.71905422 218 218 226
246103.96850586 3357400.60449219 15.05552864 86 86 76
246105.41552734 3357398.64511108 17.05160522 45 88 143
246103.95397949 3357399.57192993 16.29261971 126 122 123
246108.16674805 3357408.63525391 17.31252098 158 214 239
246104.76892090 3357400.48294067 16.36764717 133 151 163
246108.47863770 3357409.53424072 14.60737514 35 39 42
246105.23876953 3357400.92559814 14.75011826 78 80 79
246103.92663574 3357397.43807983 14.78719330 99 99 99
246105.31933594 3357399.05914307 16.92583656 52 110 184
246108.23925781 3357408.79888916 16.48290253 201 206 199
246104.01013184 3357400.64660645 15.20957088 65 63 42
246103.87475586 3357400.85748291 14.99802017 77 81 82
246108.18847656 3357409.81195068 16.11837769 236 235 233
246108.28613281 3357410.40032959 15.60401726 170 174 183
246104.15173340 3357398.02023315 16.41727257 151 151 153
246104.09936523 3357399.25018311 15.99802399 127 120 110
246104.20446777 3357401.09341431 16.90727234 86 146 216
246108.20019531 3357409.06979370 15.80521107 209 87 82
246105.17358398 3357398.27328491 14.77256393 121 120 118
246104.99597168 3357399.32971191 16.77604294 52 92 164
246108.28540039 3357410.13525391 16.11314011 213 224 226
246108.19848633 3357409.22973633 16.07814980 221 201 194
246103.96728516 3357400.41561890 16.72712517 123 149 182
246104.35974121 3357400.21331787 15.79938507 90 77 68
246108.47021484 3357410.74172974 14.65372753 88 92 95
246108.12304688 3357403.76406860 15.62530041 227 234 242
246108.28759766 3357410.19161987 15.99759960 209 219 221
246105.41247559 3357400.72589111 16.59652710 118 135 153
246104.38012695 3357400.65441895 14.99378109 94 93 91
246104.60961914 3357400.39761353 16.18799400 129 147 157
246104.54980469 3357397.54306030 14.75266457 102 102 102
246104.90563965 3357398.69699097 14.75622749 180 180 182
246105.47131348 3357398.90341187 16.48265648 126 135 134
246104.01928711 3357397.38589478 14.81988430 96 96 96
246108.34497070 3357407.69482422 14.79338837 110 115 121
246108.22644043 3357410.07751465 16.88227272 214 227 233
246104.92517090 3357398.74655151 14.75393486 176 176 178
246105.19970703 3357398.65856934 17.21531296 33 82 161
246108.20812988 3357409.65536499 14.70962334 203 203 215
246104.12841797 3357400.82608032 16.13651085 46 53 59
246103.87805176 3357399.64010620 14.75108719 109 109 107
246104.77221680 3357400.91482544 16.95093536 87 130 185
246105.24194336 3357398.76397705 17.15298462 61 110 187
246108.13598633 3357404.79339600 15.13561821 215 219 228
246104.86425781 3357400.83895874 14.83807087 64 66 65
246105.69616699 3357400.85592651 16.85871506 54 100 188
246105.31298828 3357399.64987183 14.77578831 130 129 127
246104.16442871 3357399.89871216 15.47984409 203 199 187
246108.43029785 3357408.05682373 17.54630089 88 76 86
246105.72058105 3357399.98516846 16.86903763 59 106 178
246104.06066895 3357400.17462158 16.25639153 132 113 109
246104.00366211 3357398.13067627 14.75373554 97 98 100
246108.11633301 3357404.32101440 15.52977085 151 149 163
246104.35083008 3357400.14993286 15.71133518 108 100 87
246108.27062988 3357408.86746216 16.75734901 192 202 201
246108.17504883 3357408.85330200 15.14183331 210 208 195
246104.07067871 3357399.17553711 14.75424290 118 117 115
246104.77380371 3357398.56225586 16.23776436 163 162 160
246108.16271973 3357407.10211182 14.75299168 196 228 243
246108.22973633 3357409.01687622 16.62892723 198 207 202
246108.15783691 3357406.86236572 14.95933342 198 233 239
246103.92907715 3357398.38064575 16.72452545 165 174 203
246104.11938477 3357400.28738403 15.36257362 120 126 92
246108.19726563 3357403.81701660 15.42904758 157 157 167
246108.18273926 3357409.74801636 14.79624748 220 224 233
246108.25244141 3357409.99008179 16.08979988 214 219 223
246108.22460938 3357409.10803223 14.76700783 105 110 116
246108.30383301 3357407.81945801 14.92169666 175 185 187
246108.13610840 3357405.06658936 16.11316872 208 224 237
246103.76220703 3357399.67535400 14.72618294 99 99 101
246104.20568848 3357401.11853027 16.88431740 76 134 207
246108.17517090 3357408.84158325 17.37938499 164 202 221
246108.20581055 3357409.91366577 17.26487350 155 228 247
246104.18273926 3357398.19702148 16.96264076 92 153 210
246108.27770996 3357410.35592651 15.07536221 129 131 144
246105.10290527 3357399.80746460 17.03552818 60 131 195
246108.22473145 3357405.84280396 17.61845779 254 245 248
246104.58105469 3357397.78994751 17.13442612 77 125 173
246108.32641602 3357405.01458740 16.78486252 196 209 225
246105.45617676 3357400.87960815 17.02756500 45 102 181
246108.21301270 3357404.69564819 16.88137627 204 217 233
246105.23205566 3357398.03799438 14.75412083 153 153 151
246108.15393066 3357404.11477661 15.52743053 184 175 192
246105.20617676 3357400.02194214 17.18232155 105 152 206
246105.44946289 3357397.75659180 17.13365746 114 142 163
246104.95007324 3357400.49618530 17.36990356 81 130 196
246104.60595703 3357400.74060059 17.22493172 63 120 191
246105.72387695 3357399.51950073 14.79212475 80 80 80
246108.21862793 3357405.08395386 16.48685455 199 213 224
246104.05908203 3357401.06115723 16.36407089 125 141 156
246105.02258301 3357400.53402710 14.82181454 122 126 127
246104.21667480 3357400.61773682 16.06637001 114 124 116
246108.18066406 3357403.93692017 15.95329285 187 179 190
246108.19177246 3357409.25515747 14.85693741 211 214 221
246105.60351563 3357398.56182861 14.78835487 174 167 159
246104.18237305 3357400.50891113 15.72830391 125 133 144
246105.38916016 3357402.05050659 14.66661739 191 190 185
246105.01721191 3357399.58380127 14.80241489 79 80 84
246103.98632813 3357397.72052002 14.77945232 104 106 105
246108.32800293 3357407.68441772 14.90339279 156 166 168
246104.17639160 3357400.53314209 15.72837734 125 132 142
246104.38977051 3357397.69915771 14.76560116 111 111 109
246108.17260742 3357409.05197144 15.06225681 190 209 224
246104.07580566 3357399.95477295 16.86235046 41 121 182
246103.97302246 3357397.69241333 16.62704468 120 136 162
246108.14013672 3357404.37994385 16.34864044 199 167 172
246108.24316406 3357410.12261963 15.31430340 193 200 208
246108.18835449 3357408.41812134 15.44709301 206 208 197
246108.19201660 3357409.83270264 16.06847763 229 233 236
246108.29150391 3357407.87442017 14.88108349 170 179 184
246103.93286133 3357398.91101074 16.73802567 70 122 179
246104.63220215 3357398.96618652 16.95211411 47 102 182
246105.62854004 3357400.09725952 16.46197891 136 137 131
246104.43078613 3357400.02285767 14.91161251 117 121 120
246108.36169434 3357407.72616577 15.15291691 203 212 211
246104.25659180 3357400.91894531 16.40476990 112 156 195
246104.15686035 3357400.55850220 15.63895798 127 132 138
246108.19213867 3357409.10290527 15.93945217 201 168 163
246105.40319824 3357399.49771118 16.85858917 63 121 194
246108.15588379 3357408.48767090 17.29343224 172 211 228
246104.30285645 3357400.22943115 15.36942291 93 99 99
246104.77893066 3357400.30853271 14.86615753 117 124 132
246104.79187012 3357399.23089600 15.94268131 159 158 153
246105.22363281 3357399.90829468 16.20356560 170 171 163
246105.61303711 3357400.61151123 14.80396080 83 134 165
246104.25134277 3357398.12796021 17.02143097 105 167 224
246104.95788574 3357399.04635620 14.75387955 97 97 97
246105.65808105 3357400.20913696 16.86534691 42 98 181
246108.21752930 3357410.38436890 15.61265182 234 229 233
246105.55322266 3357397.94601440 16.95630074 66 85 99
246104.45312500 3357399.95394897 15.57934093 151 160 155
246108.12670898 3357404.05450439 15.18159771 127 125 138
246108.17834473 3357403.90054321 15.50194359 173 167 177
246104.64904785 3357398.89031982 16.01991844 152 152 152
246104.31909180 3357398.96307373 17.01213837 39 97 170
246104.87731934 3357399.61712646 16.88709450 46 116 186
246108.32165527 3357408.59680176 17.57821274 139 132 126
246105.36804199 3357399.81219482 16.28976631 170 170 158
246105.82031250 3357400.20007324 16.73459244 35 54 96
246103.85559082 3357400.85531616 14.97550201 81 85 84
246104.73864746 3357398.83142090 14.72480774 165 165 167
246108.18237305 3357409.71578979 14.81333923 217 224 232
246108.11828613 3357404.84524536 16.35011673 197 235 238
246105.80590820 3357399.42214966 16.67031097 55 73 93
246105.45898438 3357400.78692627 14.75965881 127 129 128
246104.79711914 3357397.61856079 16.97536659 99 134 176
246104.13452148 3357401.10922241 16.47083092 96 141 198
246105.16198730 3357398.24591064 16.56510544 162 166 169
246108.19543457 3357408.76144409 15.99340916 213 208 202
246108.30944824 3357405.41748047 16.06855774 194 208 221
246104.34692383 3357400.88821411 15.11346436 113 114 116
246108.23034668 3357410.08615112 15.29078579 191 195 204
246103.95288086 3357398.59927368 16.74614143 156 170 205
246105.56030273 3357400.29376221 16.92738914 44 103 181
246108.26538086 3357410.52963257 16.31796646 214 223 230
246108.16577148 3357407.30282593 14.69654751 202 231 235
246104.60937500 3357399.21145630 16.79832840 53 100 178
246108.16467285 3357408.68350220 16.27029037 179 233 243
246105.30859375 3357400.21591187 17.14764214 50 107 178
246104.43713379 3357399.65036011 15.65034676 170 175 169
246104.42443848 3357400.46282959 16.11153603 125 144 159
246104.89025879 3357399.74710083 16.97360039 50 121 187
246105.01794434 3357399.37194824 16.06087303 179 176 169
246104.16296387 3357399.93630981 15.50665665 181 178 163
246108.18164063 3357409.79821777 16.76071548 173 180 188
246108.18261719 3357408.96228027 15.70624542 197 168 164
246105.01440430 3357397.65542603 16.93056870 137 142 146
246104.22692871 3357400.43417358 16.96926498 104 151 207
246108.44177246 3357408.92849731 14.63471889 48 49 54
246105.60253906 3357399.39581299 16.84549141 0 37 119
246104.55590820 3357398.38604736 17.28102112 157 192 220
246104.31933594 3357398.29064941 17.07797813 65 139 202
246104.07946777 3357398.00238037 16.43872070 151 149 154
246108.15234375 3357406.92953491 15.15050983 211 230 237
246105.18371582 3357399.70297241 16.17149734 180 181 167
246104.80749512 3357398.00894165 14.80926037 122 122 122
246108.14733887 3357406.84222412 15.25588131 220 231 237
246104.71520996 3357398.25399780 17.40393639 155 200 233
246108.21618652 3357409.42391968 16.40015221 219 212 204
246108.39392090 3357408.11163330 14.69074535 45 50 53
246104.34667969 3357400.14196777 15.66583252 97 91 77
246108.18444824 3357409.73178101 16.90035629 166 177 183
246104.76000977 3357399.27575684 15.91282368 177 177 169
246105.67504883 3357400.30380249 16.54042244 84 91 107
246103.97485352 3357400.17999268 16.42900085 116 90 103
246108.19470215 3357408.61260986 14.77603722 176 170 174
246108.43884277 3357407.92385864 15.59401894 190 196 196
246103.80554199 3357399.17953491 14.70750046 113 112 110
246108.21166992 3357409.90002441 15.36495113 213 222 231
246104.60986328 3357397.58001709 16.85432053 106 115 124
246105.01574707 3357398.83645630 14.76430702 138 138 138
246108.17407227 3357409.41156006 16.90131378 198 235 241
246103.97741699 3357398.45932007 16.28959465 179 171 169
246104.81884766 3357397.83493042 16.64173698 149 151 146
246104.00244141 3357397.74658203 16.79290009 72 115 168
246104.65881348 3357397.81414795 14.78072548 116 118 117
246105.39819336 3357399.75122070 16.31328773 166 166 154
246108.12219238 3357405.15850830 15.99325085 208 244 244
246108.14916992 3357404.39962769 15.81460953 168 171 186
246104.17736816 3357399.86215210 15.48097706 204 202 190
246108.37475586 3357404.09487915 14.80269623 32 32 34
246105.08264160 3357400.19122314 14.82118320 109 110 114
246108.18920898 3357409.16751099 15.10482311 198 205 221
246108.17639160 3357409.87252808 16.74303818 54 63 106
246104.78417969 3357400.91525269 16.93741608 87 130 185
246104.49902344 3357400.01473999 17.17771912 93 145 192
246104.43652344 3357399.36834717 15.73118019 182 183 177
246104.10852051 3357397.38656616 14.82947826 106 106 106
246104.52246094 3357398.28250122 14.83943081 118 118 120
246105.28894043 3357398.97396851 16.98661613 56 112 186
246105.32629395 3357400.72314453 16.56760216 136 150 163
246103.90832520 3357400.90335083 15.01916695 69 73 76
246104.62438965 3357398.35415649 16.26185799 162 158 157
246108.11657715 3357404.79431152 16.07336044 218 229 231
246108.24645996 3357410.11929321 16.55871964 166 179 185
246104.98205566 3357398.11611938 14.77902317 120 122 119
246104.78173828 3357400.08666992 17.22294617 71 137 198
246105.59130859 3357400.33615112 14.79039001 156 213 243
246104.33898926 3357399.72406006 16.92892075 35 111 171
246104.02087402 3357399.13653564 16.15051842 125 120 117
246104.27978516 3357398.76687622 14.77112198 169 167 168
246108.28137207 3357410.17532349 16.43540382 218 225 231
246108.11828613 3357403.76858521 15.57201099 224 227 236
246104.08044434 3357397.71499634 16.89441109 92 152 212
246108.38513184 3357404.75894165 17.35111809 191 205 218
246104.32165527 3357400.33465576 14.94352341 118 127 126
246104.51293945 3357398.74133301 17.18681908 106 160 222
246104.66333008 3357397.73840332 17.08696175 75 122 168
246108.25183105 3357405.07110596 14.87204170 138 143 146
246108.20275879 3357409.11331177 16.48115730 229 244 237
246105.03686523 3357398.20578003 16.52491188 180 176 173
246104.80371094 3357398.30706787 16.36792183 176 172 169
246104.02111816 3357397.98275757 16.45902443 154 154 164
246108.32373047 3357409.32534790 17.09754753 193 205 205
246108.29992676 3357410.29626465 15.89816475 220 226 226
246104.36657715 3357398.48086548 17.11645699 99 154 208
246108.11804199 3357405.12680054 16.27640343 191 234 240
246105.04248047 3357397.75805664 16.75259399 139 141 138
246105.46008301 3357398.55285645 16.60282898 124 140 156
246108.19323730 3357404.22476196 16.21708107 224 217 225
246108.20019531 3357409.71163940 17.37458420 158 220 245
246105.10485840 3357399.03521729 16.88509178 48 103 183
246108.39733887 3357408.18579102 16.53042603 175 178 167
246108.18237305 3357405.04211426 16.37631798 204 218 229
246108.18676758 3357409.11810303 17.04218864 193 213 220
246105.47583008 3357397.97698975 16.79370308 106 123 130
246108.12866211 3357405.09024048 15.06895542 190 196 208
246105.55297852 3357400.16693115 14.76074600 128 132 135
246108.20312500 3357409.24157715 15.95216846 237 155 159
246108.26147461 3357404.06481934 17.30042648 219 223 235
246108.15551758 3357406.92565918 15.07308865 202 227 234
246104.06945801 3357400.25274658 14.97564220 119 125 99
246104.58666992 3357399.67507935 15.71877193 174 176 175
246104.27343750 3357400.95373535 15.07439041 85 85 85
246104.86059570 3357400.46337891 16.39886665 138 151 160
246104.17236328 3357398.42636108 14.75440598 104 105 109
246108.25000000 3357408.82696533 16.65915871 192 203 197
246108.33666992 3357408.20407104 16.41471100 161 161 151
246105.17065430 3357397.35934448 14.76013660 125 124 119
246104.52209473 3357400.79174805 17.18370628 77 132 197
246103.90637207 3357398.12487793 14.74946690 101 102 104
246108.23120117 3357408.21618652 15.38711071 139 145 145
246105.32739258 3357399.91607666 17.11447525 115 158 211
246103.99377441 3357401.15896606 16.47968292 75 101 134
246104.71984863 3357399.37600708 14.80397797 105 109 110
246104.71557617 3357399.29351807 16.77656364 50 93 171
246108.17810059 3357409.13925171 14.74969292 225 230 234
246105.55847168 3357398.02822876 16.91454124 83 103 112
246108.26000977 3357410.15402222 15.38339520 199 204 210
246108.26110840 3357404.22250366 17.24404907 222 228 242
246108.26208496 3357403.89416504 16.80768013 114 101 110
246108.41772461 3357408.50326538 16.71098137 157 169 167
246104.54382324 3357398.87298584 15.96543884 153 153 153
246108.18176270 3357404.07052612 15.92084694 178 176 190
246108.22900391 3357409.19171143 16.70746613 205 212 205
246108.16137695 3357406.46087646 17.57520103 208 222 235
246108.18688965 3357406.46667480 17.60598564 208 222 235
246105.30529785 3357398.84902954 17.10898399 75 123 197
246104.31140137 3357400.47869873 15.93210697 125 135 127
246108.23876953 3357403.90640259 16.57761765 121 101 110
246105.76306152 3357399.60147095 14.79138279 83 83 85
246104.71301270 3357397.68051147 17.03276253 100 137 179
246108.12048340 3357404.96948242 15.53900242 191 214 228
246104.45837402 3357398.66329956 16.02555275 146 146 144
246103.92663574 3357400.66567993 16.46010971 91 91 93
246103.94482422 3357399.82223511 16.26122284 165 153 139
246104.98608398 3357398.77661133 16.24083710 159 161 156
246105.42639160 3357398.00708008 14.74317741 179 178 174
246103.89501953 3357398.38265991 16.64086914 201 198 217
246104.20141602 3357398.19863892 16.30943680 152 148 145
246108.17736816 3357409.55187988 16.40698624 236 232 220
246108.16003418 3357403.74096680 16.31132126 229 243 255
246105.21350098 3357400.81082153 14.76888943 36 38 37
246108.17187500 3357407.28024292 17.53016281 156 212 229
246105.52868652 3357399.03558350 16.49960518 104 118 118
246108.21447754 3357410.12332153 15.07507038 184 188 199
246105.01928711 3357400.38168335 14.82661152 108 114 114
246104.42199707 3357397.98226929 17.16498756 84 144 204
246108.29516602 3357404.71499634 14.76547623 52 53 57
246105.58679199 3357399.59140015 14.76527214 104 103 101
246105.32470703 3357399.94995117 17.12655258 98 138 190
246105.50292969 3357398.66955566 16.83460999 81 106 126
246104.13854980 3357400.70501709 15.45027256 188 186 171
246105.35913086 3357399.65997314 14.77113152 141 140 138
246103.89208984 3357400.88555908 16.61006546 133 150 176
246108.18115234 3357409.30773926 16.64019012 205 207 194
246108.23181152 3357408.22012329 15.41789341 143 147 148
246108.21459961 3357403.90811157 15.07531261 112 112 120
246108.19677734 3357408.64309692 15.97667313 205 206 198
246105.37121582 3357398.87045288 14.81689739 190 181 174
246104.43579102 3357401.05126953 16.84297943 91 140 207
246105.59716797 3357399.64871216 14.76215839 106 106 104
246104.10925293 3357400.14694214 15.43299007 195 199 174
246103.81066895 3357400.54830933 14.90327740 108 109 103
246105.47302246 3357397.42755127 14.75458813 185 184 179
246108.19750977 3357409.45587158 16.27297401 221 201 194
246104.71472168 3357399.69003296 14.83988094 124 128 129
246104.21838379 3357399.26168823 15.66472149 178 177 172
246105.05187988 3357398.14068604 14.77119255 119 119 117
246108.15380859 3357404.88412476 15.03581429 201 208 218
246108.27856445 3357407.52819824 17.59044266 138 144 144
246104.15258789 3357400.56863403 15.62687874 126 129 136
246104.83374023 3357398.59292603 14.75729942 168 168 168
246108.18701172 3357404.41177368 16.04088211 168 172 184
246108.21191406 3357410.16381836 16.88989258 208 231 239
246105.72424316 3357400.20794678 16.57056236 91 97 109
246108.13171387 3357403.74963379 15.68264866 220 229 236
246104.07067871 3357400.83972168 15.42034531 174 162 138
246108.19885254 3357410.22082520 15.59044552 220 215 219
246108.36914063 3357405.68807983 15.30142117 55 58 65
246108.18701172 3357409.55096436 15.14996147 196 204 217
246108.21020508 3357408.80072021 17.57441902 207 227 236
246108.31457520 3357409.64257813 17.18904877 202 215 221
246108.27307129 3357403.82348633 16.83736038 104 103 111
246108.13574219 3357403.73544312 16.98073387 205 228 246
246103.94616699 3357399.28784180 16.80027390 69 117 179
246105.04187012 3357399.28186035 16.79199028 60 99 176
246108.21252441 3357410.13128662 15.04131699 186 190 201
246108.18041992 3357409.27352905 15.39064407 205 201 202
246108.24597168 3357403.97528076 16.86646271 200 192 207
246108.23669434 3357404.02960205 17.62581825 140 141 145
246105.11914063 3357399.94338989 17.13018990 59 130 196
246108.23925781 3357410.01171875 17.06351471 205 221 221
246104.22790527 3357400.40850830 15.59164429 109 113 88
246108.19226074 3357410.22695923 15.33655739 210 210 218
246108.32971191 3357410.49600220 17.53231621 188 189 194
246108.23120117 3357410.51556396 15.27208328 200 209 216
246103.85546875 3357401.02279663 14.95142460 101 102 104
246108.22302246 3357409.36898804 16.65819359 209 211 206
246108.26208496 3357410.06863403 16.41555405 211 223 223
246108.16625977 3357408.38677979 14.75690365 207 230 248
246103.97009277 3357400.76803589 15.17217445 81 81 71
246108.11767578 3357405.55599976 17.58099556 184 214 240
246104.87255859 3357398.04162598 17.29554939 65 135 195
246108.22167969 3357409.52371216 16.44506454 228 224 213
246104.74877930 3357398.98037720 14.73765850 111 111 111
246108.16821289 3357409.47253418 16.78872108 213 226 219
246108.35156250 3357408.00424194 15.48807049 193 195 194
246104.82434082 3357399.12701416 16.83919144 50 102 178
246105.11120605 3357398.26715088 14.77473354 119 119 117
246108.20568848 3357409.33444214 16.17008972 215 204 198
246108.21191406 3357408.39724731 16.28006935 207 211 197
246104.18627930 3357400.30145264 16.93721008 94 142 191
246104.74926758 3357399.75674438 15.88477039 157 159 156
246105.33923340 3357398.46142578 17.15412140 45 85 146
246104.43041992 3357398.43911743 14.81581402 121 121 123
246105.71008301 3357399.18093872 14.77351665 102 98 95
246108.29321289 3357408.23873901 16.29823303 174 176 165
246104.00817871 3357398.68045044 16.81283379 93 140 192
246105.17626953 3357398.80703735 17.11822701 60 111 190
246104.21411133 3357397.85946655 16.52136230 153 158 162
246108.31201172 3357407.96154785 15.18235588 176 184 186
246108.22607422 3357410.51126099 15.25909805 207 214 220
246108.15808105 3357405.16424561 14.98414707 208 229 234
246104.97766113 3357397.93817139 16.62515640 154 154 152
246108.25341797 3357409.99578857 16.04725838 214 219 223
246108.28320313 3357410.48770142 15.64729595 205 208 215
246105.20312500 3357398.12362671 16.64159584 156 160 163
246104.21972656 3357400.59375000 15.96431255 117 139 160
246108.23596191 3357408.36160278 16.06325340 188 191 180
246108.12438965 3357404.76525879 16.80074310 238 239 241
246104.07751465 3357398.16384888 14.75883961 102 103 105
246104.76684570 3357398.24621582 16.37978172 170 169 165
246108.17211914 3357408.20223999 14.72212791 192 225 234
246108.17395020 3357408.70352173 15.23603535 211 207 195
246104.56481934 3357400.38348389 14.87082195 116 140 166
246108.22302246 3357409.81826782 16.28012085 215 220 214
246105.40502930 3357397.48605347 14.75762177 182 181 176
246108.28869629 3357410.35958862 15.56584644 155 159 168
246108.18701172 3357409.31979370 14.92913246 222 225 232
246108.13317871 3357405.83639526 14.91846657 204 234 244
246108.18347168 3357409.04019165 15.43085098 200 182 178
246108.20324707 3357407.70220947 17.58856773 235 255 255
246105.25976563 3357398.35293579 16.56275749 155 160 164
246103.95654297 3357397.80749512 16.58670807 154 166 190
246104.55029297 3357398.11148071 16.38389587 166 165 161
246104.95703125 3357398.45721436 17.40790176 45 88 156
246103.98327637 3357398.98171997 16.82925415 110 162 201
246104.57568359 3357398.63790894 17.29191399 121 170 229
246108.23510742 3357403.90945435 17.64729691 148 148 156
246104.56701660 3357401.02200317 16.77627754 93 138 195
246105.79992676 3357399.25796509 16.84039116 67 97 151
246105.06286621 3357398.38317871 17.40587425 42 83 149
246108.12304688 3357404.74285889 15.35441208 230 237 245
246104.46850586 3357398.24511719 17.20731735 73 139 197
246105.09838867 3357399.83312988 14.81686115 214 213 211
246104.11108398 3357400.47982788 15.19382095 112 118 84
246108.21826172 3357409.46221924 16.41514969 223 219 208
246108.22729492 3357404.01623535 14.91650105 81 82 87
246104.14379883 3357400.73013306 16.15013123 81 88 96
246108.19482422 3357409.14175415 16.07097435 201 173 169
246104.69238281 3357400.49130249 16.32310867 133 152 167
246104.90539551 3357398.23873901 16.44791603 184 180 177
246104.08251953 3357400.45532227 16.24407578 82 80 81
246108.13952637 3357403.72933960 15.39209270 222 226 237
246104.22277832 3357400.50119019 15.44021416 135 131 122
246108.23046875 3357410.25677490 14.86826038 210 207 218
246108.19653320 3357409.76705933 15.96278572 218 221 228
246108.19592285 3357409.23330688 15.44707966 248 209 210
246104.43334961 3357397.81848145 16.55128288 157 158 153
246108.30114746 3357409.04217529 16.92074203 191 201 200
246104.20861816 3357400.05206299 16.99567986 103 155 195
246108.36096191 3357409.74032593 17.56261444 166 168 180
246108.19946289 3357409.43896484 16.26489830 222 197 193
246104.41589355 3357401.14129639 14.82497978 108 109 103
246104.37939453 3357401.06121826 14.83115101 100 99 94
246105.73754883 3357401.01553345 16.83625603 77 112 176
246108.18664551 3357409.13073730 16.96302795 192 207 204
246108.11157227 3357404.75784302 17.27464104 247 242 246
246103.82556152 3357397.70541382 14.75353813 107 108 110
246104.16027832 3357398.33142090 16.24177742 160 157 152
246108.18493652 3357409.53094482 15.24946690 206 216 226
246108.15917969 3357403.73019409 16.71726227 221 238 254
246104.29345703 3357400.52456665 15.13173389 113 114 108
246104.33703613 3357400.44192505 15.29071522 81 81 79
246104.17956543 3357399.53881836 15.86884785 92 89 80
246108.22094727 3357408.65805054 16.24398422 200 210 199
246108.40844727 3357405.15814209 14.89490795 21 22 26
246105.06604004 3357400.64950562 17.25738144 79 132 198
246108.24194336 3357408.87265015 14.70900154 164 164 164
246108.16406250 3357405.42605591 15.01810455 139 146 162
246105.50512695 3357399.81771851 17.01519203 56 103 173
246105.96435547 3357400.77612305 14.80375862 118 160 185
246108.16369629 3357406.70767212 17.55206680 156 204 227
246104.04992676 3357399.98294067 16.83240318 48 124 184
246104.66760254 3357399.77883911 15.77937698 192 195 188
246104.88586426 3357398.50408936 17.38989830 91 123 172
246108.18505859 3357409.33245850 15.51071930 204 148 157
246104.64611816 3357398.25857544 17.37029648 173 210 228
246108.13610840 3357404.16555786 14.99119949 163 165 178
246104.69140625 3357399.77600098 16.99245453 53 124 186
246105.75341797 3357399.31875610 16.85956001 45 83 145
246103.87585449 3357400.88641357 15.00048447 77 81 82
246108.34472656 3357408.75628662 14.63590813 67 68 73
246108.23095703 3357405.61502075 15.65424919 183 195 207
246108.17102051 3357408.71734619 17.41909790 155 211 238
246104.00488281 3357400.52853394 16.31543732 141 137 136
246108.15197754 3357408.20062256 17.31197739 169 219 242
246105.17370605 3357398.34863281 17.31802940 41 85 150
246108.20043945 3357409.48757935 16.02680588 232 206 205
246105.11608887 3357398.28073120 14.77520847 117 117 115
246104.92236328 3357400.83267212 17.08136749 85 132 184
246108.23645020 3357408.98104858 14.76161480 166 170 173
246104.29772949 3357399.91085815 15.63337994 68 62 48
246104.78759766 3357399.97921753 15.97623920 106 111 114
246104.22790527 3357400.32955933 16.97538376 88 140 190
246105.34240723 3357400.10092163 17.12761879 56 104 176
246105.28454590 3357400.63357544 14.78278542 73 74 78
246104.03833008 3357398.73583984 16.84793854 90 146 197
246108.22949219 3357410.13357544 15.17635822 183 192 201
246104.16748047 3357400.68933105 16.12678528 108 113 117
246104.27868652 3357399.71072388 15.78449535 128 123 104
246104.00268555 3357399.29904175 14.76918888 96 95 93
246108.15747070 3357404.40512085 14.85504723 152 154 166
246108.18981934 3357409.39746094 14.83764458 206 211 217
246104.39538574 3357398.45498657 17.14163780 127 178 225
246108.32812500 3357410.46466064 14.88015747 200 204 216
246105.53894043 3357398.77343750 16.71245575 85 100 129
246104.99719238 3357398.71142578 14.77129364 183 183 183
246108.30847168 3357408.18270874 17.59820557 114 112 117
246105.82678223 3357399.41354370 16.82305527 44 60 93
246108.20239258 3357409.35754395 16.10047913 232 195 202
246108.34582520 3357410.39196777 14.80628014 124 126 139
246108.29516602 3357408.22314453 16.15998650 178 180 169
246105.57055664 3357398.84442139 16.65653992 90 100 125
246108.16943359 3357408.74295044 15.27853680 214 206 195
246104.28088379 3357399.60144043 16.85611343 47 115 178
246108.15893555 3357407.41995239 14.73378754 202 233 235
246108.23864746 3357409.94024658 15.96098042 210 218 220
246108.21691895 3357403.73861694 17.09990120 200 216 231
246104.13952637 3357398.13369751 16.92840004 89 148 204
246104.34570313 3357400.56671143 15.28231049 140 135 129
246108.20117188 3357409.53982544 17.50514793 158 210 232
246108.21875000 3357410.38272095 16.31835938 222 240 242
246108.17639160 3357409.00860596 15.42933655 192 87 91
246108.16491699 3357408.09777832 15.13512325 199 227 239
246104.77429199 3357397.65618896 17.01080322 103 138 180
246108.22424316 3357403.76663208 17.46534157 181 192 210
246105.45849609 3357397.92504883 14.75146866 179 178 176
246104.37561035 3357400.23370361 15.53131676 85 116 145
246105.20935059 3357399.55975342 16.18789673 181 178 169
246104.82238770 3357399.22799683 15.95791626 175 174 169
246108.41601563 3357407.31628418 15.10546398 171 183 183
246108.41906738 3357410.27618408 17.40083122 168 168 176
246108.21789551 3357410.28173828 16.93645859 222 242 251
246108.33898926 3357410.58843994 17.41921806 194 216 239
246108.25195313 3357403.84494019 16.59115982 141 135 145
246108.21337891 3357409.85327148 15.45442200 209 220 226
246105.22448730 3357398.27801514 16.58009338 157 162 168
246108.13159180 3357404.80111694 15.15944672 215 219 228
246105.37084961 3357397.55435181 14.76101685 181 180 175
246104.73547363 3357399.87228394 17.07443047 86 151 209
246108.17663574 3357409.42541504 15.12929821 218 224 236
246104.22338867 3357401.09881592 14.84479332 85 87 84
246108.28198242 3357410.28033447 15.42330742 212 216 225
246105.83264160 3357399.80249023 16.73712158 22 44 85
246104.91003418 3357399.73681641 16.96874237 50 121 187
246104.23132324 3357397.62429810 16.67209625 156 166 176
246104.30895996 3357400.40274048 14.98616219 116 124 127
246108.23303223 3357410.61019897 14.65821266 116 119 128
246108.11914063 3357405.09036255 15.95857334 207 223 238
246104.81152344 3357397.64050293 16.80294418 120 120 120
246108.25012207 3357405.29672241 14.96238136 98 102 113
246104.78845215 3357400.25668335 17.33095169 92 140 189
246108.16235352 3357406.91882324 17.56020737 149 205 232
246108.32446289 3357409.49905396 17.17342567 199 210 212
246104.50073242 3357400.33856201 16.05805397 128 141 149
246105.56909180 3357399.64035034 14.75854969 126 128 123
246105.24414063 3357398.55065918 17.23035431 43 88 155
246108.28417969 3357408.92126465 16.82949829 191 201 200
246108.17004395 3357408.77160645 15.63813400 212 202 190
246104.80297852 3357399.63470459 14.81997204 107 108 110
246103.92639160 3357399.22268677 16.42070198 128 130 143
246108.22314453 3357410.33807373 17.15559769 198 233 252
246105.64062500 3357400.14810181 16.47535515 132 132 130
246105.48583984 3357400.17745972 14.75669289 148 148 148
246104.21203613 3357398.74182129 16.99870872 64 135 191
246108.14489746 3357405.09329224 15.08280277 205 219 230
246105.21826172 3357400.49093628 16.43531036 95 106 124
246103.90026855 3357399.04879761 16.70673943 64 115 170
246108.29174805 3357410.59356689 17.41695023 178 214 240
246108.14843750 3357404.96078491 16.26715660 205 222 232
246104.93078613 3357398.81747437 17.09812927 43 98 178
246108.20483398 3357409.79385376 16.58105469 172 185 194
246104.56921387 3357397.72253418 14.76239967 121 121 119
246104.03320313 3357399.15853882 14.74285126 115 115 113
246108.24194336 3357408.99093628 17.57801247 248 255 255
246104.07153320 3357400.99047852 16.31852913 118 132 141
246104.42797852 3357399.48181152 16.80753326 68 106 171
246108.16650391 3357404.00869751 16.34680176 148 133 140
246108.27868652 3357410.51632690 15.20109749 187 196 203
246104.63183594 3357398.22912598 17.35401535 154 198 223
246105.87426758 3357400.74948120 14.81162453 107 167 203
246103.93969727 3357400.45672607 14.97547054 94 99 79
246104.07714844 3357399.07119751 14.74239445 121 121 121
246105.00781250 3357398.50787354 16.37317848 173 172 167
246105.09350586 3357400.83648682 14.78621101 49 50 55
246105.69641113 3357400.03338623 16.87345886 53 103 176
246108.22241211 3357409.82531738 16.24204063 213 218 211
246108.13818359 3357404.60070801 15.94869137 212 219 229
246108.12426758 3357404.61965942 15.87372971 205 215 227
246105.11779785 3357400.33099365 17.28444862 66 111 179
246103.91296387 3357400.66888428 16.49815750 127 128 130
246108.18261719 3357404.63757324 16.80477905 205 218 235
246104.59362793 3357400.85232544 16.56072235 127 161 189
246108.24218750 3357403.98141479 16.96648788 176 178 191
246108.18652344 3357409.47631836 14.83487797 223 231 234
246105.74267578 3357400.01834106 14.77130413 85 89 90
246108.31079102 3357405.07385254 14.88229275 73 77 78
246104.05029297 3357400.23837280 16.27947235 113 99 96
246104.29992676 3357400.42422485 15.01509762 118 120 119
246108.23449707 3357409.24096680 16.77607918 195 204 199
246105.45983887 3357398.45162964 16.95064735 60 92 115
246108.19335938 3357409.32992554 14.85275841 220 224 227
246108.31030273 3357405.66635132 15.28154659 88 92 101
246108.24438477 3357404.17160034 14.80296993 56 57 62
246108.28662109 3357410.12335205 16.34164238 213 220 226
246104.41076660 3357400.71453857 14.95586491 118 114 102
246105.57006836 3357399.06988525 16.96135521 36 93 162
246104.77990723 3357400.52893066 14.85863400 116 123 133
246103.76354980 3357397.94888306 14.75301838 95 96 98
246108.16259766 3357403.74493408 17.23937607 204 225 244
246108.12390137 3357404.99090576 15.99905872 213 242 246
246108.19689941 3357408.66360474 15.98161983 205 206 198
246104.02917480 3357400.05065918 16.29605484 113 93 92
246104.27929688 3357399.49862671 15.61457825 178 180 175
246105.11059570 3357399.12683105 16.16351700 167 168 160
246108.20495605 3357408.86557007 14.78876591 166 170 171
246104.72070313 3357400.35864258 14.87100410 130 138 151
246108.17724609 3357408.92733765 17.44283295 178 209 230
246108.14221191 3357405.04687500 15.09799957 207 219 231
246108.26416016 3357410.33843994 15.00259781 167 167 179
246108.19384766 3357409.16479492 16.59792137 244 255 244
246105.10681152 3357400.55187988 14.80827427 100 101 103
246103.91955566 3357400.33850098 14.90276146 101 107 95
246105.53942871 3357400.71917725 14.76319313 123 128 132
246104.91870117 3357399.36672974 14.79080200 94 95 99
246108.27526855 3357404.95782471 17.59225655 207 202 209
246108.20629883 3357409.96298218 17.19493294 167 232 250
246103.89074707 3357398.46777344 16.59745598 150 147 164
246108.16540527 3357405.54284668 15.71695614 197 217 228
246108.25244141 3357410.52001953 16.14881134 245 254 251
246105.29577637 3357400.38549805 17.14729118 52 109 180
246105.38305664 3357399.87243652 14.78225136 138 137 135
246104.27453613 3357400.07135010 15.56651783 143 144 110
246108.39233398 3357410.54284668 17.45183563 198 206 219
246104.46569824 3357399.27322388 14.80731583 110 111 115
246105.06567383 3357399.63067627 14.80322838 66 67 71
246104.72399902 3357400.38183594 17.41448212 134 178 203
246105.65954590 3357399.25436401 14.77213192 100 96 93
246105.20983887 3357399.45065308 16.19236565 179 179 169
246103.97277832 3357397.35494995 14.80869770 98 98 98
246108.13281250 3357405.45657349 14.88716030 199 236 244
246104.04455566 3357399.69842529 16.06380463 137 131 107
246108.19299316 3357409.22427368 16.51156235 239 245 231
246104.38293457 3357397.81890869 14.77132130 113 115 114
246108.19433594 3357409.40628052 15.73105431 212 198 197
246104.34753418 3357400.52041626 15.28409863 120 115 109
246108.32714844 3357410.47976685 15.87592125 175 176 180
246105.44689941 3357397.44369507 14.75498199 194 191 184
246108.25097656 3357410.48022461 15.99541378 248 252 251
246103.94079590 3357398.12127686 16.74043655 160 174 201
246104.70996094 3357397.58929443 14.75028992 126 128 127
246104.02209473 3357398.19686890 16.34235382 114 99 94
246108.29431152 3357410.21762085 16.03805351 209 219 221
246108.37902832 3357407.60913086 17.59779358 120 124 125
246104.29907227 3357400.37615967 15.86004925 129 141 157
246108.40332031 3357406.29830933 17.58058357 26 26 28
246108.19677734 3357408.98419189 16.27379036 229 249 247
246105.44226074 3357398.02514648 17.09751129 53 77 103
246105.05688477 3357398.02374268 14.76420403 121 121 119
246103.79992676 3357400.01144409 14.70653343 111 111 113
246108.18371582 3357408.59500122 15.19485092 203 205 192
246105.14038086 3357401.05444336 14.77429962 78 79 74
246104.36450195 3357399.86505127 15.55401802 147 156 151
246108.10729980 3357404.40902710 17.20353127 239 229 227
246105.53125000 3357399.93365479 14.76526260 162 164 161
246104.85119629 3357399.27169800 15.95671272 177 176 171
246103.92028809 3357401.10006714 14.94029713 89 91 88
246105.71313477 3357399.35855103 14.78717899 89 87 88
246104.65478516 3357399.54785156 16.82048416 61 116 181
246108.27917480 3357404.47964478 17.26388168 225 225 237
246108.13354492 3357404.26486206 15.63563728 171 168 185
246103.94494629 3357398.82672119 16.31988144 130 129 134
246108.17077637 3357405.27438354 16.05436707 198 214 229
246105.29040527 3357398.89013672 16.36690521 149 153 152
246104.23022461 3357400.53637695 15.92261887 123 140 158
246105.35803223 3357398.17294312 14.75943565 186 187 182
246104.69506836 3357400.35800171 16.21492958 134 151 159
246103.88024902 3357400.51345825 14.94284344 106 109 98
246108.18957520 3357409.54504395 16.29059219 234 225 218
246108.13903809 3357405.78417969 17.59539223 210 231 248
246108.19714355 3357409.14926147 17.52387428 189 224 246
246108.38586426 3357409.60498047 17.45637131 156 161 165
246108.38476563 3357409.18252563 17.13582039 190 201 203
246108.22314453 3357408.85140991 16.31785774 203 210 203
246104.36914063 3357399.46621704 15.66725254 175 178 171
246105.14831543 3357399.16949463 16.82935143 55 104 181
246108.27270508 3357408.74633789 16.67078400 187 198 194
246108.21838379 3357404.83706665 16.70974922 201 217 233
246105.42285156 3357398.41653442 16.63014221 133 147 158
246104.44628906 3357400.98303223 16.64692497 124 152 189
246104.19494629 3357397.88140869 14.77931690 103 105 104
246104.17358398 3357400.51483154 16.15098381 80 82 79
246104.09484863 3357400.01187134 16.14613914 99 76 62
246104.21313477 3357398.62817383 16.99958801 77 144 199
246108.20092773 3357409.70120239 15.03855896 220 228 239
246104.45458984 3357400.20281982 17.19754219 93 144 189
246104.86437988 3357400.22293091 14.85536289 122 125 130
246104.14880371 3357400.32406616 15.33260441 115 119 94
246108.26965332 3357409.95147705 17.55858040 248 255 255
246108.25634766 3357410.11145020 15.44872284 211 216 222
246108.21447754 3357409.67895508 15.98355675 213 213 211
246104.76574707 3357398.64349365 16.19703484 158 157 155
246104.48681641 3357398.86691284 15.93414593 148 148 146
246104.73388672 3357400.72994995 16.54687119 138 166 188
246104.99975586 3357398.74130249 14.76943302 177 177 177
246108.16552734 3357408.60388184 17.34879303 157 212 233
246104.87939453 3357399.12420654 16.83946228 52 104 180
246108.26171875 3357405.03210449 14.83654594 123 127 130
246104.63366699 3357399.38424683 15.81804848 181 181 173
246103.91223145 3357399.61828613 14.76346493 104 104 102
246108.12573242 3357404.32809448 14.93503666 177 178 196
246104.81311035 3357398.06286621 14.81142902 122 122 120
246104.17358398 3357398.95007324 16.97046280 73 137 198
246104.32067871 3357397.57812500 16.70182991 189 193 202
246108.21972656 3357408.38790894 16.09571838 197 200 189
246105.53295898 3357398.97866821 16.51467705 98 109 111
246108.25732422 3357407.94293213 14.86547852 136 149 157
246108.17480469 3357403.73123169 15.58221817 205 209 218
246105.36657715 3357399.29202271 14.75108051 147 147 145
246108.39880371 3357405.52551270 15.95388031 189 199 211
246108.36877441 3357406.46023560 17.58564377 118 119 124
246104.91101074 3357400.15228271 16.17879486 79 94 117
246103.96777344 3357399.28311157 16.30540276 122 120 121
246104.04711914 3357399.77191162 16.84955788 65 130 188
246108.18603516 3357409.31304932 15.61412239 206 194 194
246105.72106934 3357399.77679443 16.53992081 102 106 115
246108.22814941 3357404.59249878 17.60752869 217 221 222
246108.22180176 3357410.49829102 14.91535950 218 231 240
246103.85400391 3357398.05691528 14.75641823 98 99 101
246104.52062988 3357399.79043579 16.99879646 56 123 191
246103.94824219 3357397.86212158 16.57334518 167 178 196
246103.99877930 3357401.18466187 16.49086952 91 120 152
246108.38122559 3357404.78918457 17.47622108 180 184 195
246108.15905762 3357408.24313354 17.52043533 152 206 230
246105.26818848 3357398.77368164 14.82458401 189 182 174
246104.15039063 3357400.20828247 14.95878315 120 124 110
246108.38903809 3357410.72473145 14.64286423 93 98 102
246104.40856934 3357397.74188232 17.06465912 94 128 165
246108.20935059 3357410.21920776 16.71513748 239 246 252
246108.22692871 3357409.29895020 16.70549011 206 211 205
246108.21496582 3357409.50155640 16.25057411 212 204 201
246108.21630859 3357409.12124634 17.53850555 186 218 239
246108.32470703 3357410.59207153 17.45006943 193 222 240
246105.58886719 3357399.18597412 16.90439224 65 122 193
246104.75146484 3357398.09756470 16.44634247 165 164 160
246108.33203125 3357405.65374756 15.62468147 122 128 144
246104.36279297 3357399.33508301 14.84933281 118 120 119
246104.48120117 3357399.46185303 15.72146797 177 178 170
246104.10498047 3357400.41708374 16.22278404 91 90 88
246108.22290039 3357410.26623535 17.42666817 160 218 240
246108.33728027 3357404.14968872 14.77554989 46 47 52
246108.16381836 3357408.66619873 16.04149818 194 237 246
246104.03613281 3357398.91769409 16.10926819 124 121 114
246108.20153809 3357405.23956299 16.19431114 202 216 229
246108.21264648 3357409.24572754 16.42871666 211 211 203
246108.20092773 3357409.39239502 14.70531178 188 195 203
246104.50305176 3357400.72457886 16.38751793 120 154 181
246108.12036133 3357404.87274170 15.45095730 224 234 243
246104.10070801 3357398.65475464 14.74166298 174 172 173
246108.19494629 3357409.02120972 16.55466652 193 239 239
246104.61108398 3357399.96963501 14.89901257 127 131 132
246108.17712402 3357409.51382446 17.13361168 180 238 255
246108.34960938 3357407.43453979 14.81326866 134 139 143
246108.15136719 3357407.38742065 14.87396049 203 238 244
246104.68603516 3357398.58728027 14.75862980 162 162 162
246104.69018555 3357400.73593140 16.52248001 135 165 189
246105.13427734 3357400.27081299 17.27567673 69 108 173
246104.85009766 3357400.42242432 17.43825531 150 185 213
246104.23022461 3357400.45666504 15.63094234 122 127 107
246104.74365234 3357397.82946777 17.14919090 64 127 178
246104.17761230 3357399.46508789 15.57823753 178 180 175
246108.23425293 3357408.37704468 16.41769028 216 220 206
246105.19702148 3357398.31085205 16.55216599 161 164 169
246108.45532227 3357408.52899170 14.66269112 46 47 52
246108.30590820 3357407.87713623 15.05769920 225 234 233
246108.32922363 3357409.04446411 14.64839172 52 57 63
246104.45153809 3357400.09243774 15.53819275 141 172 201
246105.59912109 3357399.90710449 16.96284485 46 103 174
246105.00805664 3357398.50680542 14.79006386 140 139 137
246105.52514648 3357399.71060181 14.75327206 158 157 155
246108.21215820 3357407.23095703 17.57648087 229 255 255
246104.26940918 3357398.17861938 16.31023216 154 150 147
246105.56652832 3357399.77496338 14.75390816 135 135 133
246104.69665527 3357398.80145264 14.72126961 180 180 182
246108.34863281 3357405.49377441 15.01181221 66 70 71
246108.21984863 3357408.59646606 16.21632957 205 211 199
246108.42468262 3357407.76925659 17.58497620 53 55 52
246104.64807129 3357400.71347046 16.47577095 131 162 183
246104.10937500 3357398.80929565 14.75511169 172 170 171
246108.19006348 3357403.73956299 15.91198730 176 180 189
246108.20800781 3357409.35473633 16.21945190 215 204 198
246108.18835449 3357408.21261597 14.92434120 151 155 156
246104.83410645 3357397.61569214 16.92053986 109 118 127
246108.24914551 3357404.27688599 17.14625549 218 226 239
246108.19555664 3357410.04977417 14.74854660 232 232 242
246105.49804688 3357399.90036011 17.03179359 48 96 168
246104.93835449 3357400.63162231 16.51281166 144 158 169
246108.11645508 3357403.83380127 16.16619682 200 229 247
246105.00878906 3357400.60583496 16.47156525 142 152 162
246108.20239258 3357409.92074585 17.05489540 123 155 180
246108.27270508 3357403.86706543 17.40097046 108 111 116
246108.26123047 3357410.53002930 16.35507393 215 224 231
246104.66406250 3357400.91235352 16.67829895 117 146 178
246108.18176270 3357408.94763184 15.75153351 196 171 166
246105.60961914 3357400.95401001 16.69799042 108 124 139
246108.41516113 3357407.80114746 17.58182716 55 55 53
246104.99035645 3357397.30120850 14.76800442 126 126 124
246108.14794922 3357406.31311035 17.57376671 197 224 235
246108.18652344 3357403.87561035 15.80883503 199 192 200
246104.57897949 3357399.32128906 16.79152489 61 90 166
246104.02575684 3357397.96569824 16.83623695 91 134 187
246103.92163086 3357400.82443237 15.05330276 76 79 84
246108.17614746 3357404.78369141 17.62395096 255 255 255
246108.14916992 3357404.26242065 15.73380661 171 169 183
246104.57348633 3357398.59326172 17.30580521 84 132 194
246105.51708984 3357398.71096802 16.77645302 88 110 133
246104.76147461 3357399.81661987 14.85312366 121 122 124
246108.29125977 3357404.13082886 17.48300362 197 196 210
246104.56127930 3357398.86984253 17.07870865 47 107 180
246104.63659668 3357399.78234863 15.73600578 193 196 189
246104.79357910 3357400.75302124 14.84007263 66 66 66
246105.47509766 3357399.05505371 16.45488930 124 134 133
246104.05603027 3357401.14489746 14.89367771 100 102 101
246103.91516113 3357399.76876831 16.72031593 52 119 174
246108.29345703 3357410.48156738 15.73805904 206 207 211
246108.20849609 3357409.54757690 15.96522808 205 200 196
246104.30041504 3357399.53256226 16.83485985 55 115 178
246108.44909668 3357408.86123657 16.98817825 161 175 178
246105.20471191 3357399.76239014 17.01565552 57 128 194
246108.20825195 3357410.27136230 15.64817142 233 229 230
246105.00903320 3357399.17800903 16.07773590 170 170 162
246108.17785645 3357408.80813599 14.87159061 215 215 213
246108.10656738 3357404.47134399 17.61296654 196 214 226
246105.18859863 3357400.64730835 17.20375824 59 109 182
246103.93420410 3357400.85421753 15.06960964 71 72 77
246108.39953613 3357409.46008301 17.46666718 207 214 220
246105.75842285 3357400.48785400 16.76227570 43 86 164
246105.10827637 3357398.75219727 16.30976486 158 160 155
246108.11621094 3357404.66009521 17.09778786 250 236 233
246104.58898926 3357400.79602051 17.19223022 64 124 197
246104.10656738 3357400.07049561 16.16590500 115 90 83
246104.38403320 3357398.97247314 15.84333324 151 150 148
246108.14379883 3357406.67382813 14.71077919 217 246 254
246108.18566895 3357409.06448364 15.55207157 202 178 174
246104.23742676 3357398.84393311 15.83093357 149 147 124
246104.23400879 3357400.80371094 16.19431114 117 158 190
246108.28027344 3357409.41644287 17.04781914 197 208 210
246105.11059570 3357399.31781006 16.12769890 181 181 169
246108.25683594 3357404.69610596 16.99986076 202 215 231
246108.31689453 3357408.44952393 14.68176746 51 55 64
246108.20886230 3357404.19680786 16.95782089 168 166 180
246108.22253418 3357409.34411621 14.68063354 152 159 167
246105.12023926 3357398.69244385 16.34254837 159 161 158
246104.46862793 3357399.88333130 15.60547352 162 171 166
246108.23095703 3357405.57748413 15.75458908 190 204 215
246108.21166992 3357410.02413940 17.34635162 147 220 239
246108.16601563 3357405.43777466 15.02963161 161 168 184
246108.20190430 3357409.26208496 15.72335052 255 161 149
246108.16345215 3357407.91619873 17.53755760 194 234 244
246103.82678223 3357399.24990845 14.70459557 109 108 106
246104.11682129 3357399.04226685 15.93880367 127 124 109
246104.92089844 3357398.19891357 16.47417450 183 179 176
246105.52148438 3357400.56021118 16.56215477 73 89 115
246108.21179199 3357410.04260254 17.31552315 150 221 243
246108.18469238 3357409.15179443 17.37591553 151 208 238
246108.17456055 3357408.84051514 14.92028046 209 208 203
246103.95642090 3357399.26708984 16.32809639 119 117 118
246108.15710449 3357408.34866333 17.40373421 159 215 240
246105.05969238 3357399.21939087 16.10614586 186 186 176
246104.80273438 3357397.83633423 14.77369499 120 122 121
246108.20349121 3357409.25814819 16.07234383 238 181 188
246108.14221191 3357405.70187378 14.75700760 203 237 247
246105.39550781 3357398.77975464 17.11171913 37 82 150
246104.35253906 3357400.65951538 15.19337082 110 110 102
246108.23645020 3357410.44085693 17.42597961 176 211 230
246108.26989746 3357409.29675293 14.67508888 121 126 132
246108.23071289 3357404.58151245 17.01796341 204 216 228
246108.20373535 3357409.13436890 15.77201080 206 82 80
246104.17492676 3357397.82440186 14.78543377 102 103 105
246104.25524902 3357400.97961426 14.96036816 103 109 105
246104.85144043 3357397.69506836 14.75172997 120 122 121
246105.04772949 3357399.95687866 14.83258057 113 113 115
246108.18981934 3357409.39154053 15.00735760 225 240 247
246108.11462402 3357404.65142822 17.17454529 243 235 233
246105.41345215 3357398.35131836 17.05013084 60 88 112
246108.19775391 3357409.26974487 15.99751472 213 192 189
246104.62487793 3357399.04483032 15.93029881 167 166 164
246108.19726563 3357409.57214355 17.49393082 159 207 229
246105.57617188 3357399.64221191 14.75948715 106 106 104
246104.30151367 3357399.49209595 16.82344437 57 108 173
246104.45117188 3357398.60916138 16.05007744 144 142 143
246105.56188965 3357399.61019897 14.75992203 120 121 116
246104.64953613 3357397.91253662 17.22832108 64 130 188
246108.28906250 3357410.26477051 15.75104427 225 230 233
246108.21618652 3357409.15579224 16.46218109 208 210 205
246104.99353027 3357398.54782104 16.34828186 168 167 165
246108.18005371 3357408.93612671 17.03206062 217 228 232
246103.93200684 3357400.39306641 14.94781971 95 102 84
246108.14306641 3357405.99664307 14.82954216 197 229 240
246104.80859375 3357400.18682861 17.28689957 87 142 198
246105.07360840 3357399.42980957 16.09747696 182 179 170
246105.35229492 3357400.30416870 16.39199257 125 128 135
246108.30126953 3357408.08050537 15.41723728 147 153 153
246103.93103027 3357400.83731079 16.48151207 80 88 101
246108.18957520 3357409.43118286 14.84057426 226 231 234
246108.16259766 3357404.04565430 15.61935711 192 181 198
246103.93371582 3357400.86373901 16.48809624 95 104 119
246108.29895020 3357410.42501831 15.40042877 172 179 189
246104.47741699 3357397.32055664 14.77443790 115 115 115
246108.20227051 3357410.16183472 14.88303471 218 218 226
246103.97912598 3357400.41824341 14.99916172 92 101 74
246104.52661133 3357399.30541992 14.80459785 112 113 118
246108.22631836 3357409.89749146 15.80060768 209 219 221
246108.16687012 3357404.88409424 14.96048260 196 200 209
246108.17749023 3357408.88476563 15.56620216 204 181 173
246108.17419434 3357408.94573975 16.80195045 213 230 237
246104.29699707 3357397.97290039 16.44474411 158 158 158
246104.46496582 3357399.95483398 17.12963104 88 142 189
246108.19775391 3357406.13275146 17.61869621 249 255 255
246103.89636230 3357397.88491821 14.76573086 94 95 97
246108.38378906 3357410.43545532 17.28638458 169 171 183
246108.17431641 3357404.03863525 16.22827721 205 198 206
246103.95642090 3357399.24090576 14.72901535 107 107 107
246104.70117188 3357399.28842163 16.77857971 47 90 168
246104.64245605 3357398.74566650 16.09229469 154 154 152
246108.43786621 3357410.61187744 14.70705795 74 79 83
246108.23010254 3357408.90863037 16.43510628 202 208 204
246103.91235352 3357398.39553833 16.69418144 181 183 206
246105.42529297 3357400.63458252 14.77414989 120 121 123
246108.19970703 3357410.06677246 16.76565361 231 245 255
246108.18237305 3357403.73962402 15.83298206 212 219 225
246104.63720703 3357399.90951538 17.10511017 85 147 206
246104.28173828 3357398.25277710 16.26631927 153 152 148
246105.43017578 3357398.79455566 17.08073616 37 82 147
246108.22827148 3357405.32464600 17.61714935 186 181 187
246103.85522461 3357400.88327026 14.97532654 92 96 95
246105.76989746 3357400.55239868 14.87485027 102 213 255
246105.28979492 3357400.20294189 17.16249847 54 108 180
246108.14416504 3357407.74060059 17.50428200 163 219 244
246108.11865234 3357404.79229736 16.35537148 214 238 238
246108.19104004 3357404.16354370 16.79753113 196 182 197
246104.48498535 3357398.40188599 16.17412949 156 152 151
246108.28759766 3357410.39199829 15.63855839 184 187 194
246108.18652344 3357410.01788330 15.71630859 236 239 246
246105.01623535 3357398.73291016 16.27497673 160 162 159
246103.97399902 3357400.81115723 16.72961235 100 142 202
246105.62841797 3357399.08190918 16.57120705 81 96 101
246105.39257813 3357398.14819336 17.13954926 52 86 121
246108.23815918 3357410.28054810 14.92617798 221 219 230
246104.12951660 3357400.77691650 15.82014561 118 127 122
246108.18420410 3357404.82513428 17.62039757 255 255 255
246104.63085938 3357400.94079590 14.82472038 85 84 82
246108.21984863 3357410.38879395 16.41163635 215 232 239
246108.18579102 3357409.41458130 17.29214096 144 221 249
246108.11437988 3357403.85089111 15.93873024 194 211 227
246108.18896484 3357409.26477051 17.29096413 150 217 243
246108.19091797 3357409.08511353 15.84266186 205 172 167
246104.34802246 3357398.89312744 15.85446167 155 154 152
246104.80651855 3357398.47253418 16.29397392 169 168 164
246108.18273926 3357410.01977539 15.65911484 241 240 248
246104.83435059 3357398.84616089 14.73532104 157 157 159
246104.65161133 3357400.06326294 14.89235497 117 122 125
246104.13928223 3357400.05792236 15.44930649 177 178 160
246103.97375488 3357400.92593384 16.45438576 91 103 117
246104.28979492 3357398.90676880 15.82247734 165 164 160
246104.25488281 3357399.34121704 15.65540600 180 181 175
246104.39929199 3357400.81658936 14.93987656 120 122 109
246108.17443848 3357409.56433105 17.10720062 143 184 202
246108.25537109 3357410.45108032 15.70647144 237 235 240
246108.17907715 3357409.39581299 16.53449249 230 220 210
246108.11425781 3357404.61047363 17.12935448 249 238 236
246103.98034668 3357400.56893921 15.05055714 90 92 81
246104.14843750 3357399.15072632 15.72404957 179 174 154
246108.27453613 3357408.09851074 17.58975410 229 230 232
246105.11950684 3357400.78060913 14.79000568 189 189 191
246104.77673340 3357397.37078857 14.77654266 121 123 122
246104.99548340 3357398.89782715 16.19022942 158 159 153
246108.12072754 3357405.10693359 16.09789658 202 242 244
246108.10681152 3357403.77017212 15.36015606 242 245 254
246105.08154297 3357398.23843384 16.53041077 174 173 171
246104.86511230 3357398.60705566 14.75976276 170 170 170
246108.27246094 3357405.58862305 15.75345325 179 191 205
246104.68176270 3357397.56933594 14.75084019 132 134 133
246104.67492676 3357398.61325073 17.32562256 101 133 182
246105.43041992 3357397.66873169 16.94345665 100 112 126
246104.41638184 3357397.60269165 16.92463303 120 141 162
246103.89587402 3357399.54873657 16.60498047 78 121 163
246105.00512695 3357399.88064575 14.82963181 119 119 119
246103.97302246 3357398.17630005 16.40499496 117 104 98
246103.76916504 3357398.63848877 14.69738293 177 176 174
246104.89990234 3357400.63796997 14.83766747 113 116 121
246104.63415527 3357400.76324463 14.83275127 95 89 77
246108.11706543 3357404.78475952 16.39689445 206 236 238
246104.45520020 3357400.89608765 17.11083794 65 121 196
246105.61828613 3357400.42297363 16.88285637 32 91 181
246108.18823242 3357409.55090332 14.77892494 224 229 233
246104.18688965 3357399.77209473 15.90792084 166 155 133
246104.86682129 3357397.41650391 14.77383614 118 120 117
246108.23815918 3357410.48550415 17.19703102 212 235 249
246105.23425293 3357399.12924194 16.85068512 57 114 191
246104.01586914 3357400.33120728 14.99092102 120 127 96
246104.13269043 3357397.72140503 16.61414528 139 148 163
246108.34973145 3357404.43774414 14.73374462 39 40 44
246104.83496094 3357398.00344849 16.53195000 161 160 156
246105.87622070 3357399.76434326 14.79738331 79 80 82
246104.83190918 3357397.74264526 16.70756721 142 142 140
246104.88305664 3357397.85366821 14.77080059 119 119 119
246108.20068359 3357408.20367432 14.79702854 166 178 190
246103.99682617 3357399.86187744 16.19076729 148 135 118
246108.26843262 3357410.14074707 17.00566483 207 220 228
246103.96752930 3357398.54290771 14.69982433 102 102 104
246108.24719238 3357409.97537231 15.93820763 210 218 220
246105.19750977 3357398.13467407 17.31185341 55 87 134
246104.15478516 3357397.52340698 14.82438946 104 104 104
246108.19921875 3357408.87213135 16.05694199 215 206 201
246108.21020508 3357408.54855347 16.09728622 198 204 192
246104.71203613 3357398.27737427 14.83022499 120 120 120
246108.11401367 3357404.97039795 16.42223930 186 229 235
246105.61779785 3357399.96823120 16.45936584 135 134 129
246108.19982910 3357409.01843262 16.24541283 238 234 231
246108.17822266 3357408.07647705 14.77171707 168 197 203
246108.15197754 3357406.90087891 14.85196590 193 236 243
246104.32641602 3357398.60900879 17.08606720 102 162 214
246108.32409668 3357407.82669067 14.84243298 151 154 161
246105.77087402 3357399.12109375 16.70769119 73 90 110
246104.19897461 3357399.28405762 16.82844925 54 88 162
246104.55871582 3357400.57879639 14.85355282 101 96 102
246103.76403809 3357399.01260376 14.70670605 112 108 109
246104.70166016 3357400.51574707 17.37909126 86 146 200
246104.46337891 3357400.05072021 15.57200718 166 195 225
246104.00769043 3357397.95843506 16.80991364 87 134 190
246108.18896484 3357409.57220459 15.12486267 197 205 218
246108.33471680 3357407.67706299 15.03496838 214 224 223
246108.21557617 3357410.20495605 17.04060745 188 229 249
246108.22070313 3357410.30703735 17.07346725 195 226 244
246108.13977051 3357407.49618530 17.42853737 140 207 234
246104.72058105 3357399.76889038 16.98668671 53 123 183
246104.94995117 3357398.16726685 14.78766346 123 125 122
246105.57507324 3357400.81719971 14.75277805 119 120 115
246103.98437500 3357398.20748901 16.81433678 150 176 211
246108.28320313 3357405.26019287 16.35438728 201 210 225
246104.17517090 3357401.09329224 16.90679741 89 150 217
246108.19189453 3357409.55252075 14.72017479 209 214 220
246108.17175293 3357408.86529541 16.96176720 182 225 242
246104.08935547 3357399.01611328 16.93258476 63 122 180
246104.56933594 3357399.05334473 15.90135193 166 165 163
246105.34704590 3357400.10055542 14.77991295 143 144 148
246108.14892578 3357407.09307861 15.06381035 196 221 228
246108.29028320 3357410.36657715 15.43512630 157 164 174
246108.14721680 3357403.73223877 16.96094131 197 214 230
246108.36242676 3357409.66867065 17.54552269 206 209 218
246104.93090820 3357400.45587158 17.39370155 79 120 174
246105.24133301 3357400.52203369 14.78239822 62 67 71
246108.28491211 3357410.40594482 15.56713486 161 165 174
246108.28881836 3357409.18341064 16.94295692 191 201 200
246103.87158203 3357401.04077148 14.94878101 92 94 93
246108.22912598 3357404.62341309 17.60108376 229 233 234
246104.58215332 3357401.07275391 14.81529617 82 84 79
246106.02014160 3357400.85046387 14.75425148 83 101 121
246103.88476563 3357400.82238770 16.63150215 132 156 184
246104.00476074 3357397.57156372 16.71426010 94 114 139
246108.14990234 3357407.01251221 15.18317509 213 234 237
246104.14453125 3357398.42086792 16.94536400 58 128 198
246104.72717285 3357400.05441284 16.00885963 74 85 105
246104.58227539 3357400.85437012 17.11757278 67 126 204
246108.20556641 3357403.74111938 15.95478630 175 176 181
246108.26647949 3357410.26986694 14.78993034 148 145 156
246108.30358887 3357406.71566772 17.60558128 140 145 151
246108.12744141 3357405.34320068 14.73207855 207 234 241
246108.31506348 3357408.82727051 16.83453560 188 200 198
246108.35742188 3357410.45028687 15.99875832 184 187 194
246108.22497559 3357409.79751587 16.40282059 215 225 226
246104.36169434 3357397.96099854 17.11399078 81 141 201
246108.20495605 3357409.08602905 16.18641663 216 205 199
246105.42236328 3357399.51953125 16.33909798 156 159 152
246108.39233398 3357408.45840454 17.54621124 177 168 169
246108.32482910 3357408.07138062 15.63443375 164 170 168
246108.39575195 3357408.09173584 16.04698563 198 201 190
246104.24584961 3357399.52731323 15.71238708 99 95 83
246108.12670898 3357405.24224854 14.78227901 223 237 246
246104.16589355 3357398.64385986 14.75731659 179 177 178
246105.54284668 3357399.93423462 16.40803146 146 148 137
246104.60424805 3357400.26647949 16.06985474 137 146 151
246104.24609375 3357400.54971313 15.99098492 121 142 161
