246092.07617188 3357337.51071167 15.85022545 221 217 208
246092.10192871 3357339.65676880 17.28444862 255 255 255
246092.55004883 3357338.45074463 16.06095505 93 94 96
246092.64636230 3357341.05282593 15.26496983 205 214 219
246092.86901855 3357333.56466675 15.27373600 196 156 167
246093.23608398 3357338.84796143 15.88689518 16 21 24
246093.48352051 3357336.03018188 15.05791283 237 228 229
246092.63085938 3357339.88781738 16.55408859 106 107 111
246093.12963867 3357338.77276611 17.22027206 108 109 111
246093.15942383 3357339.89166260 17.85656738 213 220 230
246093.27783203 3357339.75936890 15.20381165 33 34 39
246093.32434082 3357337.49462891 14.99458027 97 98 100
246092.91918945 3357339.28616333 16.44188690 48 52 55
246092.48852539 3357342.08535767 15.14652061 115 116 121
246093.08215332 3357339.38424683 16.26965332 51 56 60
246092.78063965 3357335.62780762 15.38528442 249 242 250
246093.19445801 3357338.85736084 15.33610916 14 18 19
246093.06164551 3357333.94042969 15.91281891 245 239 249
246093.22851563 3357338.98754883 15.73587704 27 31 34
246093.28137207 3357334.77096558 15.33119297 88 74 73
246092.10168457 3357337.90072632 15.26003551 46 43 38
246092.09033203 3357339.57919312 15.60178947 238 235 230
246092.07751465 3357339.04711914 17.30261421 243 243 241
246093.29724121 3357339.62786865 17.83312225 240 243 252
246093.10656738 3357332.79354858 15.60180378 224 174 183
246093.35363770 3357339.50097656 17.68984413 6 11 15
246092.48193359 3357340.83163452 15.25249577 203 219 235
246092.13366699 3357339.34188843 16.35560608 255 252 245
246092.13964844 3357340.12945557 15.39875317 201 205 208
246093.18481445 3357338.88391113 15.57184601 19 21 20
246092.41076660 3357341.44436646 15.14090157 217 230 236
246093.07446289 3357333.20501709 15.87972641 185 155 157
246092.44055176 3357338.11611938 15.84171391 149 150 168
246093.42822266 3357339.91244507 15.03204918 102 112 121
246093.36267090 3357338.30291748 15.08744812 201 205 217
246093.04272461 3357341.36682129 16.19891357 123 145 166
246092.42431641 3357338.07235718 15.43714809 179 186 194
246092.72412109 3357340.49435425 15.35588455 183 191 204
246093.09875488 3357333.30233765 15.74000168 161 121 130
246093.20153809 3357336.69076538 15.17535686 150 89 105
246092.74194336 3357340.60919189 15.64865780 157 161 170
246092.60888672 3357336.31323242 15.31602859 244 242 243
246093.22155762 3357341.13101196 16.38536263 220 229 228
246093.27600098 3357339.63186646 17.28941154 106 110 111
246092.73767090 3357337.16616821 15.05527878 137 137 139
246092.14855957 3357339.39477539 15.51261330 239 238 233
246092.96777344 3357339.29647827 16.69126320 71 80 79
246093.09631348 3357339.29187012 16.22404099 63 68 74
246092.43774414 3357338.09606934 15.76071739 142 142 152
246092.46594238 3357339.91802979 16.61013031 105 106 108
246093.08959961 3357334.06939697 15.95117569 248 236 248
246092.73535156 3357340.61447144 15.74375629 168 170 182
246092.25610352 3357340.17926025 17.12616158 39 47 50
246093.39685059 3357336.33029175 15.13736153 167 164 171
246093.24291992 3357341.15524292 15.79826069 2 7 3
246092.20983887 3357339.21493530 15.25317383 212 211 207
246092.86950684 3357340.58721924 16.07421494 159 167 178
246091.99633789 3357339.49472046 17.79767227 112 114 113
246092.64331055 3357338.96838379 17.80718422 224 234 235
246092.92578125 3357339.50817871 16.48710251 52 53 57
246092.55273438 3357339.93008423 16.33220100 60 61 63
246092.27929688 3357339.99969482 16.28220940 91 97 97
246092.84277344 3357335.42181396 15.24972725 146 143 150
246093.31054688 3357340.13085938 15.67219639 28 32 33
246093.25048828 3357341.15408325 15.63943577 1 5 6
246092.98181152 3357341.69155884 15.05998039 103 120 130
246092.12438965 3357338.77441406 17.50896454 57 59 58
246092.09765625 3357339.75582886 17.28938484 255 255 255
246092.39245605 3357338.07955933 15.93726063 172 172 182
246093.02722168 3357332.79565430 15.27556324 211 111 119
246093.23535156 3357336.35617065 15.23173523 93 88 95
246093.03881836 3357338.72500610 17.40000534 112 114 113
246092.25195313 3357339.14147949 15.35583687 225 222 217
246093.41552734 3357333.18920898 15.07761288 236 235 243
246093.05078125 3357338.98635864 17.82564354 219 229 231
246092.60058594 3357340.43530273 15.31429005 170 178 191
246093.30224609 3357340.14767456 15.66398048 17 21 22
246092.14562988 3357340.16445923 16.13200378 26 30 33
246092.01708984 3357338.82437134 17.76867294 117 118 120
246092.65502930 3357334.90246582 15.27127838 235 230 236
246093.30285645 3357339.50881958 17.52403069 8 12 15
246093.06311035 3357342.06207275 15.03962135 74 83 90
246093.28210449 3357340.96749878 15.23874378 105 110 113
246093.19628906 3357333.60260010 15.19698811 144 121 131
246092.01562500 3357339.42523193 17.74532700 81 83 80
246092.04650879 3357339.74130249 17.63016129 118 119 114
246093.02819824 3357333.33151245 15.62481308 111 107 106
246093.25378418 3357339.28646851 15.65802860 37 36 41
246092.66882324 3357337.96881104 15.15597057 170 171 175
246092.40808105 3357337.93554688 15.37651634 118 117 115
246093.32849121 3357341.13632202 15.23348999 29 32 37
246093.20422363 3357337.79049683 15.15019512 228 238 239
246093.16503906 3357336.82357788 15.05152225 69 39 47
246093.35913086 3357337.48541260 14.96489048 122 123 127
246093.34143066 3357341.29235840 15.31403065 99 103 106
246092.13061523 3357338.42956543 15.10324001 222 220 221
246093.27856445 3357339.77511597 15.26269913 36 35 40
246092.38208008 3357340.24102783 17.54925537 41 45 46
246092.23999023 3357338.74807739 15.47788811 172 152 141
246092.09887695 3357337.92074585 16.10766220 150 141 134
246092.58605957 3357335.91748047 15.27953529 238 232 236
246092.25549316 3357338.70190430 16.13236237 61 71 81
246092.94018555 3357332.96319580 15.55762386 184 157 164
246092.34375000 3357340.22283936 17.81385231 179 188 195
246092.07031250 3357339.33126831 15.72035408 241 243 232
246092.73901367 3357335.60113525 15.34142494 255 251 255
246093.03869629 3357334.05087280 15.17713642 60 45 48
246092.12060547 3357339.62487793 15.48672390 233 233 225
246092.91210938 3357340.10971069 16.44851685 70 69 74
246092.93298340 3357339.18981934 16.33725548 50 50 58
246093.29943848 3357339.80233765 15.51373577 48 50 49
246092.19152832 3357340.02801514 17.83631134 204 208 219
246093.55017090 3357341.17962646 15.03194427 45 54 61
246092.38012695 3357338.16671753 15.34369850 206 206 218
246093.01562500 3357341.00100708 15.52675915 203 216 225
246092.43005371 3357338.10879517 15.96226406 166 166 178
246092.98950195 3357333.81567383 15.67448044 139 137 140
246092.97204590 3357339.06173706 17.82371902 220 229 234
246092.69458008 3357338.32620239 15.60216522 72 61 59
246093.17358398 3357341.37283325 16.30825806 47 56 61
246093.25915527 3357335.51422119 15.24000645 75 73 76
246093.06677246 3357334.86923218 15.44742107 133 122 128
246092.80993652 3357340.27160645 15.30887699 25 30 34
246092.09362793 3357339.45657349 16.24894905 241 241 233
246093.07202148 3357335.63476563 15.45036125 57 52 48
246092.93896484 3357339.92285156 17.86438179 211 220 227
246093.07641602 3357336.22335815 15.29363346 96 82 82
246093.34521484 3357340.81091309 15.16737556 205 216 218
246093.50915527 3357333.24310303 15.01204681 111 114 123
246092.13427734 3357340.93093872 15.12776661 208 224 237
246092.51953125 3357336.61737061 15.18209934 73 67 69
246092.67736816 3357337.00543213 15.06367207 58 58 60
246092.23059082 3357340.58450317 15.16670322 200 216 232
246092.69238281 3357339.94290161 16.45091438 79 80 82
246092.03393555 3357339.88735962 15.76282978 223 222 218
246093.02185059 3357338.66546631 17.64228821 56 57 59
246093.06237793 3357341.37313843 15.45676613 149 156 164
246092.11706543 3357338.82983398 17.39862061 88 89 91
246093.26269531 3357341.15866089 15.88022137 33 33 31
246092.05200195 3357339.75875854 16.08885956 94 94 94
246092.67346191 3357337.71347046 15.12862968 194 179 172
246092.01354980 3357337.70623779 16.17820168 238 240 227
246093.34582520 3357341.17993164 16.29769707 108 118 119
246092.95910645 3357332.75888062 15.13478661 184 97 105
246093.26269531 3357339.06512451 17.04456711 49 53 56
246092.38903809 3357340.17312622 17.29349518 105 111 109
246093.14233398 3357333.60189819 15.19110107 220 190 200
246093.11853027 3357332.92269897 15.80870342 175 156 162
246092.84228516 3357334.39215088 15.29058838 120 119 127
246093.07019043 3357337.65444946 15.15137386 223 224 219
246093.03503418 3357340.17678833 17.88411331 192 201 208
246092.78686523 3357341.14218140 15.28718376 194 199 205
246093.30346680 3357339.74584961 15.70754528 42 46 47
246092.44738770 3357339.79922485 17.83749199 208 217 224
246093.27734375 3357338.26406860 15.14857388 189 193 205
246093.02514648 3357340.15435791 17.28367996 87 88 90
246093.09497070 3357334.86477661 15.45691681 119 108 114
246092.60791016 3357340.13159180 17.12639618 64 68 67
246093.18981934 3357341.59985352 15.00525951 56 66 78
246092.37451172 3357337.79360962 16.06721497 90 97 90
246093.07397461 3357341.38101196 15.38913727 157 162 168
246092.14086914 3357340.05273438 17.83196831 202 209 219
246093.36352539 3357339.93298340 17.82095337 130 135 139
246092.99169922 3357335.32394409 15.33924961 76 71 77
246093.19775391 3357334.64587402 15.33464146 143 138 142
246092.68945313 3357336.35964966 15.32579803 243 243 245
246093.22253418 3357339.77725220 16.15151024 47 48 52
246092.53063965 3357337.79504395 15.18944073 94 89 85
246092.06726074 3357339.05514526 17.50905609 149 149 147
246093.44152832 3357334.18527222 15.05850410 232 232 240
246092.90246582 3357334.09054565 15.21606350 69 63 63
246093.52453613 3357339.47839355 14.92673016 54 59 65
246092.94897461 3357334.88687134 15.64770031 185 144 162
246093.30236816 3357341.66390991 14.95004177 69 76 86
246093.26611328 3357334.11734009 15.14154911 110 113 120
246092.66418457 3357338.76647949 16.56751633 248 253 249
246092.04382324 3357337.83374023 15.89190197 60 58 46
246093.47155762 3357337.92868042 14.99586296 80 89 94
246093.17309570 3357341.41809082 16.17571640 157 171 182
246093.28149414 3357339.38104248 17.35363960 100 99 104
246093.23718262 3357334.80032349 15.42010880 132 117 122
246092.52185059 3357338.28695679 15.27191257 96 99 104
246092.78747559 3357340.59857178 15.55276680 157 160 167
246093.04638672 3357332.93328857 15.91205025 243 242 247
246093.19750977 3357340.89120483 16.22904396 162 162 164
246093.15905762 3357334.83084106 15.45662117 114 99 104
246093.52551270 3357341.90762329 14.96020699 86 93 101
246092.21679688 3357340.36160278 15.20542812 201 208 224
246092.19738770 3357339.44033813 15.35749435 229 228 224
246092.10339355 3357340.08544922 15.21318817 180 182 181
246093.36938477 3357338.54452515 15.05773735 135 141 155
246093.29931641 3357341.97695923 14.97236061 77 84 92
246092.65844727 3357337.83377075 15.15600204 84 75 70
246092.84545898 3357341.04769897 15.69668674 61 78 86
246092.27050781 3357341.49700928 15.06608963 212 227 234
246093.48583984 3357338.87100220 14.94792366 78 85 93
246093.31738281 3357340.01916504 15.62849903 48 49 51
246093.15625000 3357339.05084229 17.83335686 210 219 224
246092.13281250 3357338.86526489 16.77081490 85 90 86
246091.98107910 3357337.44564819 15.03980160 148 148 146
246092.21520996 3357340.19934082 15.65736675 62 67 73
246092.06445313 3357337.69088745 16.36705589 121 119 107
246092.83728027 3357335.21032715 15.29212284 122 127 131
246092.07568359 3357338.96957397 17.33112144 242 244 243
246093.34057617 3357338.95861816 17.70160294 24 29 32
246091.93603516 3357340.78341675 14.96271420 187 194 202
246092.00366211 3357340.28305054 15.04026604 208 211 216
246092.14794922 3357337.91659546 15.51508713 26 26 28
246093.10913086 3357340.15277100 16.20145035 126 131 135
246093.01452637 3357339.75756836 16.49522400 98 105 111
246091.95349121 3357337.87203979 14.98877621 234 217 209
246092.85668945 3357334.76049805 15.42514229 80 59 58
246091.98168945 3357339.04440308 15.03931236 216 215 213
246093.12414551 3357339.51223755 16.90676308 53 57 58
246092.98779297 3357338.73254395 16.12281418 181 188 196
246092.10888672 3357338.28265381 15.08580494 220 215 219
246093.26977539 3357339.30288696 17.14708900 81 81 81
246092.14221191 3357338.85745239 15.68350697 244 235 226
246092.94323730 3357332.78683472 15.16859913 193 117 127
246092.64709473 3357340.35241699 15.44438553 96 103 109
246093.00927734 3357340.94424438 16.02719498 162 163 168
246092.73339844 3357336.71444702 15.19469833 230 231 236
246092.95446777 3357333.78338623 15.58249855 158 153 157
246092.08215332 3357339.52124023 17.38686371 248 249 251
246093.32800293 3357341.12228394 15.23023510 14 18 21
246092.15307617 3357337.89819336 15.80464745 2 1 0
246093.13134766 3357332.44534302 15.14958954 147 105 109
246093.21813965 3357333.27297974 15.16497135 116 107 110
246093.05432129 3357338.79690552 17.11422920 155 159 160
246092.01428223 3357339.53161621 17.72403526 88 90 85
246092.79504395 3357334.65768433 15.38908863 138 87 96
246092.69018555 3357340.25839233 15.65279293 75 80 86
246092.75646973 3357334.84759521 15.39071274 114 108 112
246092.17968750 3357339.40185547 15.44340897 239 238 233
246092.45275879 3357339.94015503 16.61294365 129 130 134
246092.99194336 3357340.14047241 17.13279152 108 112 113
246092.73986816 3357339.94207764 16.50733376 43 47 50
246092.98254395 3357339.36233521 16.36190796 51 52 57
246093.29504395 3357341.08276367 16.07464600 59 60 62
246092.13964844 3357337.34823608 15.01691055 160 155 151
246092.50683594 3357340.26116943 17.81841850 184 194 203
246092.94482422 3357339.41781616 17.84351730 222 231 238
246093.22827148 3357339.13494873 15.98788548 30 38 41
246092.90722656 3357340.06896973 16.58474922 80 81 85
246093.17248535 3357338.38363647 15.16788197 57 60 67
246092.51501465 3357337.59085083 15.13638878 203 188 181
246092.38110352 3357337.73043823 15.36021614 103 106 99
246093.18103027 3357333.67117310 15.25281334 79 56 62
246093.19702148 3357332.66876221 15.27033806 226 162 179
246092.20507813 3357337.94894409 15.93061256 80 76 77
246092.54321289 3357337.01239014 15.05942440 130 129 134
246092.11242676 3357339.73281860 15.20866776 202 202 200
246092.30371094 3357341.80355835 15.04883194 108 118 127
246092.87548828 3357340.30685425 15.94161606 59 64 67
246093.37292480 3357339.55236816 17.75081253 16 24 27
246093.01818848 3357340.58261108 15.30399418 221 229 232
246092.10009766 3357340.11254883 17.32567596 232 232 240
246092.97534180 3357334.57803345 15.47404099 121 89 92
246093.31372070 3357339.07638550 17.82033920 218 222 231
246092.41418457 3357340.00476074 16.65771866 108 111 116
246093.27600098 3357339.38943481 15.25440121 36 35 41
246092.84570313 3357340.76229858 15.61348248 66 79 88
246093.28527832 3357339.88015747 15.26177979 45 44 49
246093.32897949 3357340.14804077 17.53378105 29 33 34
246093.26245117 3357341.36889648 15.51172447 147 156 161
246092.60595703 3357338.75784302 17.24953079 181 191 192
246093.19677734 3357339.52441406 17.83470917 220 227 235
246093.13427734 3357339.93490601 16.83815193 127 136 135
246092.03723145 3357338.97640991 17.64635277 104 103 99
246092.07336426 3357338.33056641 15.07429886 231 222 223
246092.67456055 3357340.47448730 15.64223766 87 90 97
246093.39831543 3357340.13842773 15.08597660 126 135 142
246092.88574219 3357333.46493530 15.59270668 175 102 111
246092.28552246 3357338.82119751 17.81903839 226 227 229
246092.09594727 3357337.58721924 16.28639793 186 188 185
246092.03881836 3357339.60556030 16.10882187 119 119 117
246092.42932129 3357338.52536011 16.17777443 66 71 77
246092.94958496 3357335.16973877 15.34138393 113 110 121
246092.71142578 3357340.22204590 15.67707443 72 75 82
246092.43518066 3357340.05337524 16.06508827 73 74 78
246092.58154297 3357337.49838257 15.12245083 241 231 229
246092.68676758 3357337.53927612 15.12368011 230 222 219
246092.12536621 3357338.88003540 16.54076004 65 62 53
246092.55139160 3357338.74645996 17.23048210 166 176 175
246092.07971191 3357339.22158813 17.31465721 245 247 246
246092.71020508 3357340.35287476 15.40519714 33 36 41
246092.61914063 3357339.88894653 16.69181252 75 79 82
246093.00891113 3357334.21588135 15.21429443 75 74 79
246092.43249512 3357338.04678345 16.21162987 62 66 78
246093.43640137 3357334.89663696 15.09366703 207 174 185
246092.13391113 3357339.40994263 16.77092361 242 245 236
246091.92321777 3357338.13024902 15.00181198 239 219 210
246092.13354492 3357338.85256958 16.68739700 76 81 77
246091.98925781 3357341.19812012 14.98694038 157 167 177
246092.98754883 3357339.33663940 17.84099388 222 231 238
246093.13220215 3357333.02017212 15.93142986 178 166 170
246092.71533203 3357339.66278076 17.84435654 212 219 225
246092.99316406 3357338.35299683 15.40926552 40 46 44
246093.30590820 3357341.40588379 15.75089550 112 117 120
246093.28869629 3357339.91213989 15.22719860 39 38 43
246092.45080566 3357340.10134888 16.89513016 48 53 56
246092.06164551 3357340.39459229 15.07830429 214 220 234
246093.11889648 3357341.39620972 16.20812035 121 135 146
246092.56713867 3357340.27941895 15.58043957 53 62 67
246092.25537109 3357339.90313721 16.72605324 136 141 144
246093.32324219 3357340.03491211 17.36585426 99 103 104
246093.00732422 3357333.18621826 15.65856838 131 130 135
246092.92248535 3357335.45605469 15.35749340 127 128 133
246092.23388672 3357339.82388306 16.36453247 68 74 72
246093.34924316 3357339.24395752 17.67658424 9 13 16
246093.14929199 3357336.69357300 15.17251205 159 97 112
246092.49450684 3357341.96069336 15.11100292 108 113 119
246092.04687500 3357339.84112549 15.63893795 226 227 221
246093.34594727 3357339.96002197 17.55805206 25 29 32
246092.96350098 3357333.27288818 15.10662460 115 116 120
246093.32507324 3357339.65911865 15.12965202 67 70 77
246092.35400391 3357338.78735352 16.77868843 244 253 250
246092.29736328 3357341.30630493 15.14520645 211 228 236
246092.95520020 3357339.08016968 16.66173363 75 79 82
246092.60180664 3357336.99792480 15.07405567 102 102 104
246092.82836914 3357340.91519165 15.33587742 205 213 224
246093.25854492 3357341.15496826 15.75856304 10 12 9
246093.08374023 3357333.21395874 15.84029198 205 180 184
246091.97436523 3357337.78805542 15.01000118 230 205 198
246093.22241211 3357336.50570679 15.25408649 96 87 92
246093.50073242 3357334.62466431 15.02408504 109 71 82
246092.86254883 3357337.97055054 15.12832928 189 189 197
246092.39672852 3357337.83441162 15.65415573 89 88 83
246093.21166992 3357336.10073853 15.28983021 96 90 90
246093.37585449 3357340.06930542 17.81073761 108 109 114
246092.75231934 3357340.16934204 17.38837814 66 66 66
246092.01525879 3357339.55303955 15.90229130 247 244 239
246093.05932617 3357332.89913940 15.94794273 246 245 250
246093.24987793 3357339.31494141 15.47624016 35 34 39
246092.90783691 3357338.67755127 17.58666801 52 53 48
246092.27551270 3357340.13061523 16.11682320 70 75 78
246093.02624512 3357334.85705566 15.49256992 190 180 189
246092.02038574 3357339.46862793 17.71564102 80 82 77
246092.87292480 3357333.30868530 15.34625053 108 103 107
246092.93701172 3357339.37481689 16.67749977 55 64 63
246092.04223633 3357339.33270264 17.64372253 86 88 83
246092.27172852 3357340.17559814 17.10722733 32 40 43
246092.31628418 3357338.02005005 15.86872005 157 156 162
246093.31982422 3357332.80502319 15.14956284 245 224 231
246093.56298828 3357340.78488159 15.03531170 95 110 115
246093.17504883 3357338.77252197 15.62224674 39 45 43
246093.16320801 3357333.62496948 15.99074268 219 222 231
246092.72119141 3357341.93588257 15.22677898 245 244 249
246093.09448242 3357339.09890747 16.16592407 48 52 61
246092.51147461 3357338.69192505 17.51768875 72 81 78
246093.54333496 3357338.58178711 14.97218037 65 72 80
246091.97924805 3357340.95477295 14.99509335 206 219 228
246092.81066895 3357340.90118408 15.86807537 170 171 176
246092.68444824 3357338.70086670 17.48767090 70 74 73
246093.29846191 3357338.92996216 17.46733665 28 32 33
246093.28442383 3357339.73458862 17.29129791 103 107 108
246092.68359375 3357340.12872314 17.22183609 76 80 81
246092.24414063 3357338.71075439 15.36938953 95 82 73
246092.69702148 3357334.65603638 15.33815765 255 250 255
246092.32678223 3357337.61044312 16.28176880 138 141 146
246092.47253418 3357338.71743774 17.41527748 94 103 102
246093.17761230 3357332.78744507 15.48529148 184 134 143
246092.09228516 3357340.00976563 17.23941231 247 248 253
246093.18713379 3357338.75570679 17.46200180 82 83 85
246092.90588379 3357337.34143066 15.09124470 238 239 241
246092.72363281 3357340.03503418 16.31717300 81 79 82
246092.25048828 3357339.47460938 17.81440163 218 226 228
246092.69421387 3357341.89941406 15.17805672 197 198 203
246093.47375488 3357341.55334473 14.97654915 62 69 75
246092.80212402 3357341.14263916 15.89107609 98 121 137
246092.17639160 3357340.17840576 16.55982018 46 51 55
246092.98400879 3357341.33163452 15.42679024 189 193 196
246092.80029297 3357338.76733398 17.80403519 225 227 224
246092.59814453 3357336.47283936 15.27978039 235 234 239
246092.78381348 3357334.74008179 15.39581299 113 80 89
246093.03356934 3357339.68032837 16.80955887 132 136 137
246092.30334473 3357340.17303467 17.12015724 35 40 43
246093.27307129 3357338.83499146 17.81337166 218 222 225
246093.31921387 3357334.36190796 15.17659664 102 97 103
246092.91088867 3357335.03030396 15.34026718 164 136 150
246092.29614258 3357340.25198364 17.77952385 129 138 143
246092.92480469 3357333.59432983 15.72851372 152 125 130
246091.99487305 3357337.50805664 15.04401970 122 121 116
246093.33593750 3357340.11282349 17.49298477 40 42 41
246092.98596191 3357341.23025513 16.38985634 142 170 184
246092.09631348 3357339.39773560 17.21175003 255 255 255
246092.90405273 3357333.54409790 15.38624763 164 149 156
246092.25830078 3357337.87240601 16.41136932 216 214 215
246092.51672363 3357339.66122437 17.83140564 212 219 225
246092.73413086 3357340.44009399 15.50578117 200 205 209
246092.00500488 3357337.62786865 15.79493904 238 229 222
246092.10900879 3357339.82882690 17.17326355 255 255 255
246093.18273926 3357334.96670532 15.33790684 101 96 102
246092.74096680 3357338.46191406 15.86244488 152 141 147
246093.04504395 3357339.43881226 17.84663010 224 235 241
246092.97839355 3357340.25439453 15.23267651 28 32 35
246092.42236328 3357337.91592407 16.24844742 78 86 99
246092.05297852 3357339.97875977 15.84197998 190 190 190
246093.16418457 3357333.88497925 15.97541523 206 209 216
246092.12719727 3357339.32110596 16.81250763 248 250 239
246092.52282715 3357338.53756714 16.12209320 49 50 54
246093.09570313 3357333.48132324 15.12702942 91 76 81
246093.26110840 3357339.11572266 15.23621750 35 36 41
246092.92895508 3357333.25170898 15.48793602 98 97 103
246093.20190430 3357340.19543457 15.57838440 46 47 51
246092.70336914 3357340.14096069 16.04014397 105 106 111
246093.10620117 3357341.59814453 15.04334068 88 102 111
246093.13122559 3357338.65637207 17.75494003 57 61 62
246092.10363770 3357338.40518188 15.09092522 230 226 223
246092.15466309 3357338.81167603 15.68035126 231 218 210
246092.30456543 3357338.59658813 15.86731911 80 97 115
246093.35766602 3357335.33041382 15.12052822 137 136 141
246092.80712891 3357341.03326416 16.37480164 199 217 239
246092.35632324 3357339.88473511 17.83833694 207 216 221
246092.68725586 3357340.49594116 15.63668823 125 128 137
246093.25476074 3357339.47509766 17.16535759 102 106 105
246093.09179688 3357333.53536987 15.65198517 177 162 167
246092.61621094 3357341.99246216 15.12191200 202 200 205
246092.89489746 3357339.38674927 16.62962151 48 56 58
246092.93200684 3357336.07177734 15.40119648 157 120 128
246092.38854980 3357340.75592041 15.23145103 202 218 233
246092.43835449 3357339.91348267 16.42565536 89 93 96
246093.39746094 3357340.27523804 15.09964466 184 194 204
246093.22460938 3357339.58853149 16.14785004 35 39 42
246093.02502441 3357334.74011230 15.60327530 241 226 231
246093.01074219 3357340.43240356 16.14480400 52 57 60
246092.01318359 3357337.80242920 16.17355728 236 237 223
246092.13562012 3357339.62979126 17.00318527 86 85 81
246093.21594238 3357341.43536377 16.11685944 230 239 246
246092.74584961 3357338.31445313 15.36076736 38 40 37
246093.26977539 3357338.80801392 17.80868530 217 220 225
246093.51464844 3357337.57244873 14.94508553 131 134 141
246093.41857910 3357335.56152344 15.11028385 247 248 252
246092.07226563 3357339.48748779 17.49184418 156 158 157
246093.24743652 3357336.59191895 15.23235035 118 82 94
246093.53613281 3357340.74801636 15.03399754 90 108 112
246092.65771484 3357340.19842529 17.87517929 184 193 202
246092.78210449 3357338.80020142 16.97525406 214 213 218
246092.23339844 3357337.76174927 16.46414757 175 179 182
246092.56152344 3357340.15051270 17.86569023 191 200 209
246093.09875488 3357340.89074707 15.41133404 218 223 227
246093.07104492 3357332.80456543 15.81014729 167 127 136
246092.19604492 3357339.69284058 16.64789963 237 243 241
246092.66735840 3357338.77282715 17.14245796 150 159 158
246093.34680176 3357341.20919800 15.99171066 113 114 116
246092.59631348 3357342.04653931 15.13706493 212 210 215
246092.40136719 3357338.77706909 16.65729713 248 252 251
246091.85864258 3357338.25820923 14.98848915 212 194 180
246092.93127441 3357340.30560303 15.20438576 86 87 91
246093.13439941 3357338.75445557 17.28715134 145 146 148
246093.37011719 3357341.25463867 15.63328648 51 52 54
246092.80822754 3357338.76754761 17.21550751 185 189 188
246092.96948242 3357335.20767212 15.47883224 152 151 156
246093.32263184 3357339.80834961 17.49871635 14 18 21
246093.35729980 3357341.22595215 15.75119305 96 98 95
246093.29077148 3357334.23382568 15.15867043 98 98 100
246093.08020020 3357334.79153442 15.57161903 231 225 229
246092.04382324 3357339.98544312 15.14752865 212 213 217
246092.93688965 3357333.36767578 15.07313251 115 123 125
246092.10705566 3357339.74377441 17.23476982 255 255 255
246092.63232422 3357338.29742432 15.56999874 58 57 55
246093.16113281 3357339.26849365 16.88556671 69 75 75
246092.07214355 3357339.48382568 17.49192429 149 151 150
246093.40002441 3357338.43109131 15.04442883 121 128 138
246092.82287598 3357333.42306519 15.05900192 189 196 204
246093.25732422 3357332.59771729 15.14635944 183 81 95
246092.89477539 3357340.16586304 15.60817528 56 61 65
246093.34460449 3357339.08389282 15.10403824 117 119 131
246092.97387695 3357338.78619385 17.14221382 180 184 183
246093.18347168 3357340.16683960 16.07997894 71 76 79
246092.84887695 3357340.67581177 15.54635811 196 199 204
246093.23339844 3357338.96084595 15.77052879 25 31 31
246092.98291016 3357340.16799927 17.39333916 43 43 45
246092.99316406 3357342.06466675 15.05641556 67 76 85
246093.14636230 3357332.69778442 15.40845490 207 168 173
246093.39562988 3357337.01669312 14.95130634 98 103 106
246092.09985352 3357339.29428101 17.13729858 220 220 220
246093.07006836 3357336.82672119 15.05965900 72 53 55
246092.76184082 3357340.52612305 15.77085114 99 106 114
246093.23681641 3357340.16513062 17.11078072 28 33 36
246093.07751465 3357338.73269653 17.37181854 146 150 151
246092.81188965 3357337.32977295 15.11636162 232 232 232
246093.17846680 3357340.19378662 15.59907722 44 48 51
246092.68103027 3357338.30178833 15.39632511 71 67 66
246093.49218750 3357335.49063110 15.02491379 215 219 222
246093.30200195 3357338.13070679 15.14278126 203 211 222
246092.10339355 3357339.34875488 16.20552254 252 251 246
246092.28149414 3357338.68234253 16.14771271 56 66 75
246093.50073242 3357335.62667847 15.03913689 225 221 222
246092.93774414 3357339.83651733 17.85785294 207 216 223
246092.76086426 3357338.42428589 15.77525711 222 220 231
246092.10876465 3357338.92968750 16.79971886 127 119 116
246092.17102051 3357338.75457764 15.82288265 115 99 100
246093.33691406 3357333.50195313 15.13101196 170 169 177
246092.87951660 3357341.43734741 15.10533810 200 207 215
246092.17138672 3357337.61746216 16.36948776 125 125 123
246092.58471680 3357338.37564087 15.95787525 118 119 121
246093.34899902 3357341.13024902 16.34028053 162 172 173
246092.92993164 3357341.40960693 15.97875118 131 159 173
246093.08215332 3357339.42303467 17.84412575 222 231 238
246092.60913086 3357338.99761963 17.80627823 224 234 235
246092.77246094 3357338.69528198 17.51266861 50 52 51
246093.29846191 3357339.14895630 17.41278267 34 38 37
246092.17395020 3357340.24572754 17.48602676 82 82 84
246092.83178711 3357340.06771851 16.74346733 102 103 107
246093.40856934 3357341.14947510 15.09269428 105 112 122
246093.06311035 3357333.09179688 15.88821125 242 243 247
246091.94726563 3357337.41549683 15.06326866 147 147 147
246093.33032227 3357341.34973145 15.60790253 108 116 119
246093.27355957 3357339.38031006 15.26506424 36 35 41
246092.80200195 3357339.37145996 17.83082390 230 241 245
246092.88415527 3357336.38095093 15.29207420 167 166 172
246092.03234863 3357337.74447632 16.31509209 87 82 63
246092.88488770 3357339.19848633 16.46953964 73 77 80
246092.56469727 3357337.03610229 15.05884457 142 142 144
246093.24438477 3357338.83923340 15.93772125 15 21 21
246093.32519531 3357339.93386841 15.78196144 48 49 51
246092.79113770 3357335.26574707 15.23664951 254 255 255
246092.64868164 3357336.66711426 15.23844528 249 248 253
246093.29223633 3357333.89868164 15.19305325 149 146 153
246092.77233887 3357338.32589722 15.33308029 34 39 35
246093.04492188 3357339.23944092 17.83839798 217 226 233
246092.75146484 3357337.83248901 15.13023758 166 152 149
246093.29309082 3357332.76409912 15.18639469 227 173 187
246092.97399902 3357335.13961792 15.53372765 191 186 190
246092.33520508 3357338.50161743 15.34388065 81 80 78
246092.02514648 3357338.77026367 15.06050968 182 179 170
246093.22167969 3357339.97671509 16.94869232 103 112 111
246093.20727539 3357341.60348511 14.99604225 54 64 76
246092.77319336 3357339.96548462 16.61346436 92 101 100
246093.02734375 3357339.80267334 16.71410370 140 145 148
246093.07092285 3357334.70581055 15.54094601 221 215 215
246093.16259766 3357338.75634766 15.55076122 10 14 13
246092.40576172 3357338.02020264 15.78482819 72 72 64
246093.35021973 3357338.99868774 15.08932877 121 123 135
246093.09753418 3357340.23941040 17.66096687 56 60 63
246093.28015137 3357338.82189941 17.56091118 17 21 22
246093.17846680 3357340.01690674 16.86912918 98 108 107
246093.28149414 3357341.06854248 16.36760902 218 226 228
246092.90441895 3357333.13827515 15.19744110 117 110 117
246092.52734375 3357338.60446167 16.15092659 58 62 61
246092.86987305 3357338.31262207 15.28770447 54 55 57
246092.11535645 3357338.98043823 16.89169312 202 200 188
246093.00439453 3357338.88482666 16.89887238 41 50 47
246092.35937500 3357337.75393677 15.84650421 104 107 98
246092.01025391 3357339.67608643 15.86933422 240 239 235
246092.85070801 3357338.95333862 16.45442390 149 160 164
246092.89611816 3357333.56506348 15.70749283 138 96 106
246091.98840332 3357341.13305664 14.98195267 174 184 196
246092.24438477 3357340.17831421 17.10129356 34 42 45
246093.26794434 3357335.49935913 15.23195839 89 87 90
246093.13378906 3357340.85397339 16.20615959 148 147 152
246093.26354980 3357339.13150024 17.02925110 58 64 64
246092.44775391 3357339.41967773 17.81020164 228 240 240
246093.03796387 3357341.99386597 15.03779793 71 80 89
246092.81909180 3357340.72070313 15.75325203 78 88 98
246093.19104004 3357334.95693970 15.35028362 98 87 93
246092.50695801 3357338.28710938 16.03362274 128 129 133
246092.39880371 3357338.46179199 15.68280029 95 113 137
246092.07189941 3357340.33184814 15.09435940 216 223 233
246092.04248047 3357337.46405029 15.00676060 86 85 81
246092.82629395 3357340.76116943 16.12682915 44 58 71
246092.83349609 3357340.15704346 15.50613976 51 56 60
246092.95800781 3357335.21221924 15.45198536 152 153 157
246092.79858398 3357340.87957764 16.20421410 33 58 89
246093.01306152 3357333.81289673 15.77873039 184 161 171
246092.45007324 3357340.91595459 15.25299072 202 220 234
246092.82067871 3357333.41934204 15.16256332 224 225 230
246092.88806152 3357341.13330078 15.59588814 81 86 90
246092.44714355 3357338.20434570 15.55359840 123 127 130
246092.32006836 3357338.56787109 15.72803593 104 112 125
246092.54772949 3357338.67645264 17.58025169 47 53 51
246092.88720703 3357338.66485596 17.63712120 50 51 46
246092.88623047 3357335.06988525 15.37447357 211 191 203
246093.21032715 3357335.87649536 15.36623383 160 147 156
246093.29199219 3357339.86709595 15.38918209 48 48 48
246092.89526367 3357340.94894409 15.51383781 72 76 85
246093.33825684 3357339.06558228 17.60048294 14 18 19
246092.64575195 3357339.25604248 17.81330109 230 241 243
246092.84716797 3357336.19317627 15.34561729 192 191 196
246092.00561523 3357337.69692993 15.35069942 250 241 224
246092.42785645 3357338.77182007 16.85907173 249 255 253
246093.32434082 3357341.02062988 16.29481125 119 120 122
246092.95849609 3357340.17355347 15.46933079 55 56 60
246093.21606445 3357339.11471558 17.83781815 216 221 227
246092.40893555 3357342.00143433 15.12112713 100 105 111
246093.11499023 3357334.59011841 15.34114552 229 208 217
246093.42077637 3357341.29656982 15.63278675 82 89 97
246092.22949219 3357338.45745850 15.16818523 147 144 139
246093.02355957 3357332.98764038 15.80681992 221 224 233
246092.79821777 3357340.72769165 15.40240383 208 217 224
246093.27954102 3357339.39358521 15.91540718 33 34 38
246093.08435059 3357333.64639282 15.68310452 173 169 170
246092.24609375 3357339.86004639 16.76302147 136 141 144
246093.00109863 3357336.12683105 15.31741905 112 87 90
246091.93725586 3357338.76745605 15.02406693 207 203 192
246092.48950195 3357340.63507080 15.24542236 193 206 222
246092.09448242 3357338.85919189 17.21530724 127 129 128
246093.35241699 3357341.60501099 14.94359684 65 72 80
246093.24975586 3357339.05178833 15.92110062 27 32 36
246093.21130371 3357338.82443237 16.09467316 21 32 36
246093.33288574 3357340.02493286 17.82902145 205 209 218
246092.92553711 3357335.88067627 15.58123016 194 155 156
246092.49829102 3357338.26498413 15.24414730 88 93 96
246092.27050781 3357339.05117798 17.81332779 224 232 234
246092.38439941 3357337.83486938 15.88470554 89 91 80
246093.06958008 3357333.12915039 15.87982559 239 237 242
246092.20629883 3357338.79306030 16.77322960 226 249 243
246092.03137207 3357337.59521484 16.02066612 255 251 251
246092.41247559 3357340.05642700 16.07111740 73 77 80
246093.07043457 3357333.27972412 15.90376091 180 129 125
246093.06481934 3357337.63867188 15.14836502 227 229 226
246092.76354980 3357338.45303345 15.82192898 169 162 169
246092.45520020 3357338.29095459 15.68592930 68 81 97
246092.53857422 3357338.42138672 16.06383514 106 110 113
246092.19104004 3357339.39746094 17.82160759 217 227 229
246093.28430176 3357340.17840576 17.49335861 19 20 22
246092.02160645 3357337.77947998 15.94896698 213 211 198
246092.24328613 3357339.29794312 17.81384087 218 228 230
246092.15893555 3357339.55612183 15.24844837 218 219 214
246093.01086426 3357338.50003052 15.71942425 171 175 186
246093.25549316 3357339.05673218 17.01832962 49 53 56
246092.91992188 3357338.65792847 17.66711235 51 52 47
246092.08789063 3357339.85717773 17.35828781 255 255 255
246093.35205078 3357339.40548706 17.68494034 8 13 16
246091.88928223 3357338.15591431 14.98961544 235 217 203
246093.31408691 3357340.11407471 17.37171173 95 96 98
246093.09814453 3357339.23986816 17.84200859 218 227 234
246092.83789063 3357336.75402832 15.13162041 205 206 210
246092.23071289 3357339.79232788 16.73994064 117 122 125
246092.08618164 3357339.50518799 17.34200668 253 253 255
246093.14392090 3357341.37860107 15.49755192 139 148 155
246093.01574707 3357340.61068726 15.33395958 228 236 239
246093.01696777 3357340.82461548 15.47980022 211 216 219
246092.26696777 3357337.96496582 15.81258869 88 88 90
246092.13952637 3357339.11047363 17.82953835 224 233 238
246093.27099609 3357339.47811890 15.57196903 42 41 46
246092.05590820 3357339.61450195 17.55283165 140 142 139
246093.33337402 3357341.16714478 15.21563721 71 74 79
246092.15515137 3357340.15945435 15.67089081 81 89 91
246092.91369629 3357338.08987427 15.14384747 176 182 194
246093.47534180 3357337.81808472 14.95911980 78 88 90
246092.94348145 3357332.98168945 15.55946350 210 191 197
246092.54626465 3357337.33001709 15.11774445 244 242 247
246092.11975098 3357339.40957642 16.88319016 250 251 243
246092.70068359 3357341.21255493 15.21878910 181 188 194
246091.89721680 3357338.56277466 15.02008247 240 226 217
246092.30407715 3357340.04290771 16.40518188 64 65 67
246093.13598633 3357340.19677734 15.92005634 54 59 62
246092.13195801 3357339.55905151 16.98445892 86 87 81
246092.75793457 3357340.54830933 15.92399120 133 137 149
246093.46484375 3357339.64553833 14.96709728 82 91 98
246092.99536133 3357333.23803711 15.61201191 115 113 118
246092.08740234 3357337.86859131 15.27510643 47 43 34
246092.46240234 3357338.76196289 16.47363281 247 247 245
246092.32434082 3357337.60025024 15.31889915 217 215 202
246092.12072754 3357339.23046875 16.85236931 242 248 238
246092.82641602 3357340.76278687 15.71644306 71 85 98
246092.34472656 3357337.70037842 16.00376320 128 134 122
246093.01123047 3357335.29495239 15.31536484 56 57 61
246093.30944824 3357341.44165039 15.87525558 110 114 117
246093.15197754 3357332.92428589 15.26974773 208 141 158
246093.01660156 3357333.10357666 15.61752224 139 139 147
246093.27612305 3357339.33160400 15.27459717 35 34 40
246092.51745605 3357339.23236084 17.80711365 235 247 247
246092.27026367 3357340.27056885 17.60353851 42 48 48
246092.81042480 3357338.80718994 16.92026520 255 255 255
246093.58361816 3357340.69549561 15.00701427 72 90 94
246093.32080078 3357339.02960205 17.52120399 19 23 22
246092.57080078 3357339.92376709 16.35419464 74 75 77
246093.23034668 3357339.17062378 15.59935188 37 37 39
246093.19885254 3357337.30902100 14.98627377 121 125 126
246092.73168945 3357334.32586670 15.22762203 244 243 249
246092.81713867 3357340.89614868 15.72079754 180 186 200
246092.70434570 3357339.97882080 16.39991760 46 47 49
246092.37500000 3357338.85360718 17.81468582 218 224 224
246093.26757813 3357341.39773560 15.13780212 136 145 154
246093.25854492 3357339.24462891 15.87671471 31 32 36
246092.87609863 3357336.74441528 15.13346386 195 196 200
246092.29895020 3357338.59954834 15.71049786 123 123 133
246093.34484863 3357339.35623169 17.66238594 7 11 14
246092.35534668 3357337.62774658 16.15657997 210 210 202
246093.08996582 3357333.21194458 15.15148258 125 118 125
246093.26220703 3357339.27664185 15.86581326 32 33 37
246092.51464844 3357340.00540161 16.18101311 62 62 64
246093.34179688 3357336.33911133 15.17969322 108 103 110
246093.56018066 3357341.97537231 14.96667194 85 92 100
246092.09729004 3357339.09017944 17.03423882 195 186 179
246092.03430176 3357338.94851685 15.06609917 221 221 219
246092.82897949 3357339.60522461 17.84817696 214 223 230
246092.66650391 3357340.39688110 15.39664650 132 136 145
246093.00219727 3357336.92977905 15.02311230 65 60 64
246093.02563477 3357332.59103394 15.05546856 242 115 122
246092.22009277 3357341.64965820 14.98796272 110 121 127
246093.25427246 3357339.30346680 17.83297539 223 232 239
246092.91284180 3357333.20440674 15.12011242 102 97 104
246093.25744629 3357339.54101563 17.21331215 108 114 114
246093.10131836 3357337.99978638 15.13807869 203 208 212
246093.36694336 3357341.40917969 15.90565205 140 144 145
246092.68078613 3357340.41467285 15.79371262 81 86 90
246092.37329102 3357340.22085571 15.62430954 70 75 81
246093.23095703 3357341.21948242 16.39213943 216 224 226
246092.08581543 3357339.26242065 17.23414803 249 249 251
246092.38696289 3357337.82513428 15.83747292 87 88 80
246093.23217773 3357338.81500244 17.23729897 38 42 41
246092.99475098 3357334.05200195 15.18371487 62 46 49
246092.14892578 3357339.15689087 16.69435501 240 245 238
246092.94848633 3357335.28469849 15.40256500 137 134 141
246092.03942871 3357339.67218018 17.64462090 130 131 126
246093.15368652 3357338.97668457 16.90544319 59 65 65
246093.46447754 3357339.52224731 14.95980835 76 83 91
246093.17004395 3357333.73150635 15.92036819 195 200 206
246093.25866699 3357334.33734131 15.19720078 93 88 92
246093.11389160 3357339.94522095 16.80068970 120 128 130
246093.13476563 3357333.24816895 16.04796982 195 118 136
246092.74060059 3357340.21432495 15.40581703 50 51 56
246092.11718750 3357339.30029297 16.22978973 250 252 241
246092.72961426 3357336.18063354 15.32086277 255 255 255
246093.30322266 3357338.91213989 15.14897919 50 51 56
246092.06445313 3357339.45645142 17.53130531 111 113 110
246093.23278809 3357338.70104980 15.21150970 14 13 19
246092.78247070 3357339.97714233 16.67664528 114 122 124
246092.60095215 3357339.72018433 17.84091377 209 216 222
246092.82189941 3357340.17089844 15.60896778 61 66 70
246093.26440430 3357332.68023682 15.19757652 186 101 120
246092.59558105 3357338.00271606 15.17564106 147 152 156
246093.30834961 3357338.87921143 17.23414993 78 82 83
246093.04687500 3357333.63827515 15.90402412 239 238 243
246092.39697266 3357338.04141235 15.49948597 180 183 192
246093.02612305 3357338.82791138 16.23252869 168 180 192
246092.15112305 3357339.12600708 16.26584053 253 254 248
246092.95483398 3357332.79306030 15.18513012 194 114 127
246092.75598145 3357340.46380615 15.70074368 157 165 168
246093.49145508 3357341.33789063 15.02046680 47 56 63
246092.26477051 3357340.15332031 16.63735008 73 77 86
246092.05419922 3357339.45547485 16.08577156 105 101 90
246092.45214844 3357338.39581299 15.85982037 90 102 124
246093.12414551 3357337.03167725 14.97350407 129 127 130
246093.04162598 3357339.57241821 17.84541512 216 225 232
246092.62927246 3357339.10150146 17.80934143 224 236 236
246092.51318359 3357340.13995361 17.04961014 37 43 43
246093.04260254 3357333.23568726 16.00073242 207 165 166
246093.21679688 3357336.78677368 15.08603001 102 64 75
246091.93432617 3357337.46777344 15.04910755 152 149 144
246092.33288574 3357337.65985107 15.42687225 192 190 178
246092.88879395 3357332.70581055 15.07273483 143 98 93
246093.27514648 3357339.52423096 15.20976067 41 40 45
246092.06616211 3357339.32107544 17.52029991 137 139 134
246092.90734863 3357332.77056885 15.13259506 166 101 105
246093.37072754 3357339.89147949 17.72241211 23 27 30
246093.29577637 3357338.89279175 17.14308357 61 66 69
246092.43249512 3357338.30877686 15.56064606 78 87 102
246092.88000488 3357341.23330688 15.43916798 215 215 213
246093.23217773 3357339.12896729 15.96217251 20 25 29
246093.04296875 3357333.39636230 15.85330105 172 125 133
246092.37512207 3357338.06582642 15.90579510 170 168 179
246093.32324219 3357332.88751221 15.15458488 244 234 243
246093.15856934 3357340.16668701 17.87371445 203 210 218
246092.92443848 3357341.41116333 15.96585560 163 184 201
246092.03100586 3357340.33435059 15.05814648 212 216 227
246092.08496094 3357339.74655151 17.40428734 238 239 243
246093.41577148 3357341.35574341 15.85181999 161 166 169
246092.98522949 3357337.60211182 15.12980366 226 227 222
246092.20812988 3357338.77444458 15.29331017 149 139 130
246093.14172363 3357333.27319336 16.04199791 195 118 136
246093.26257324 3357339.39587402 15.56386471 44 43 48
246092.70056152 3357340.28732300 17.72056198 72 82 84
246092.71166992 3357340.12124634 17.88089943 194 203 210
246092.07202148 3357340.03411865 15.58052635 205 209 210
246092.23889160 3357338.88354492 15.36112499 229 220 213
246092.13818359 3357338.81726074 16.98414421 96 103 96
246092.99938965 3357339.65765381 16.46063614 92 97 101
246092.38415527 3357337.65115356 16.19757080 153 155 150
246092.86425781 3357332.80902100 15.17136765 177 143 144
246093.24877930 3357336.75814819 15.10694504 150 112 123
246092.41723633 3357338.77682495 16.66333580 248 250 249
246093.31958008 3357339.92755127 15.92866707 47 51 52
246092.73876953 3357340.17871094 16.00858116 84 85 90
246092.11767578 3357339.47711182 16.45589638 190 186 177
246092.74108887 3357340.61785889 15.68321800 160 163 172
246092.38671875 3357338.54272461 16.19197845 63 69 81
246093.40161133 3357338.11123657 15.07374859 170 183 191
246093.11584473 3357332.48165894 15.21644402 192 135 141
246092.08117676 3357339.18365479 17.24541283 243 243 243
246092.13940430 3357339.04397583 16.68694878 236 239 232
246092.81994629 3357336.37258911 15.32636738 255 255 255
246093.23498535 3357339.11108398 15.75421619 31 32 36
246093.02783203 3357338.51379395 15.72126961 171 175 186
246093.28320313 3357341.35552979 16.11173248 140 148 151
246093.42590332 3357333.56399536 15.08102417 240 227 237
246092.86474609 3357337.12710571 15.00718307 125 125 127
246092.97253418 3357340.38565063 16.07888222 43 46 51
246092.67858887 3357340.37997437 15.45908356 111 116 122
246092.06787109 3357339.04827881 16.01120758 159 159 157
246093.18334961 3357340.24523926 17.67887115 82 85 90
246092.03161621 3357340.56057739 15.04715538 211 224 233
246092.36853027 3357340.84466553 15.23715115 201 218 234
246092.30346680 3357340.16665649 16.87510109 77 82 86
246092.68469238 3357339.95608521 16.41710854 64 65 67
246092.13525391 3357338.92352295 16.54403877 140 132 121
246092.01208496 3357339.67407227 15.86203957 240 239 235
246092.91406250 3357333.76428223 15.62850094 181 115 125
246092.78735352 3357339.97888184 16.65693665 106 115 114
246092.05090332 3357339.76437378 17.80828857 218 219 224
246093.30871582 3357339.30398560 15.17135048 46 49 56
246093.29321289 3357339.71337891 15.56169128 46 50 49
246092.40820313 3357337.92047119 15.41487122 97 96 92
246092.77148438 3357336.90982056 15.06452274 38 42 43
246092.37487793 3357340.22503662 15.54122925 69 78 85
246093.16760254 3357340.84973145 15.32806110 218 222 225
246093.26281738 3357335.03546143 15.28346443 92 90 93
246092.45056152 3357338.18048096 15.61173153 138 143 149
246093.11206055 3357341.47882080 15.89201164 170 180 189
246092.13476563 3357340.02368164 16.10110474 69 70 72
246093.32080078 3357340.05212402 15.65619183 43 47 50
246092.79211426 3357340.61160278 15.93255329 73 82 89
246092.85058594 3357340.72109985 15.58967876 184 189 192
246093.36962891 3357336.09521484 15.20427227 221 227 227
246093.21093750 3357339.88540649 16.16770935 99 100 105
246093.15173340 3357333.08068848 15.98916817 213 202 206
246093.27734375 3357339.70227051 15.28443432 44 43 48
246092.85595703 3357336.10745239 15.39018440 242 227 234
246092.09252930 3357338.87661743 15.93983746 189 185 184
246093.10778809 3357334.54122925 15.29847145 192 159 170
246093.13940430 3357342.02963257 15.01413822 74 78 89
246093.01196289 3357333.32507324 15.10141945 101 102 104
246093.25646973 3357339.60607910 17.17202568 94 100 100
246092.49316406 3357339.11398315 17.80356407 234 246 246
246092.14367676 3357339.37759399 16.47829819 253 255 242
246093.28601074 3357339.41189575 15.21682167 33 32 38
246092.98779297 3357338.96115112 16.28601265 37 46 51
246092.07238770 3357338.97817993 17.82565498 237 242 246
246092.10351563 3357340.16110229 17.19185448 43 48 52
246093.16479492 3357340.69961548 15.28721142 212 222 223
246093.10278320 3357338.68878174 17.80417633 173 177 178
246092.34057617 3357338.04876709 15.30957317 160 157 166
246092.77624512 3357341.15890503 16.12603188 218 231 240
246092.06115723 3357337.67181396 16.34731483 119 119 109
246093.07629395 3357339.35192871 17.84532547 220 229 236
246092.60131836 3357338.75888062 16.51188469 248 250 249
246092.61364746 3357338.76397705 16.59368896 248 253 249
246092.80651855 3357341.10403442 15.86243629 62 85 101
246093.36486816 3357332.38726807 14.94742870 140 128 132
246092.50488281 3357340.05715942 16.85969734 61 65 68
246093.14794922 3357332.59884644 15.28458405 196 160 162
246092.31018066 3357339.93493652 16.50104141 92 96 97
246092.10009766 3357339.14016724 15.11283112 133 129 126
246092.36718750 3357337.70968628 16.13884735 106 108 105
246092.23596191 3357337.58526611 16.31612778 145 144 149
246092.95214844 3357333.33847046 15.48600006 123 118 122
246092.11328125 3357339.81109619 15.35811710 220 220 218
246092.02368164 3357340.33947754 15.05105019 212 216 227
246092.44226074 3357338.33023071 16.17682076 74 77 82
246093.06652832 3357340.32498169 16.13119888 56 60 61
246092.04248047 3357339.80776978 15.66446686 230 231 225
246092.75817871 3357334.23413086 15.23314762 243 247 250
246093.16320801 3357341.00064087 16.36194801 217 222 228
246092.28552246 3357339.35028076 17.80745125 220 232 232
246092.56738281 3357340.71658325 15.25381184 195 208 225
246093.02539063 3357339.80294800 16.50652122 98 105 111
246092.51391602 3357340.26495361 15.51948166 58 65 73
246092.23352051 3357337.56976318 15.63048649 236 233 224
246092.52160645 3357337.79241943 15.20014477 92 91 87
246092.40991211 3357337.81942749 15.40920830 83 86 79
246093.13720703 3357332.89614868 15.50101471 158 102 115
246092.41882324 3357338.72647095 17.32905769 133 146 139
246092.38427734 3357337.78561401 15.63289642 92 91 86
246093.39636230 3357339.05926514 15.02267551 98 102 113
246093.24584961 3357335.38189697 15.20998669 107 102 108
246092.03051758 3357337.82546997 16.03060341 90 84 68
246092.38977051 3357337.89260864 15.78042126 83 79 76
246093.23632813 3357337.25280762 14.95910072 135 136 140
246092.04565430 3357339.20111084 15.07902622 225 223 224
246092.95031738 3357335.26138306 15.36313152 138 137 142
246091.93603516 3357338.41934204 15.02916050 245 228 218
246091.91821289 3357337.98751831 14.98787022 232 212 205
246092.99108887 3357340.28030396 15.98325348 53 58 61
246092.84887695 3357334.25793457 15.24145699 123 128 131
246092.91528320 3357340.91143799 15.42594051 124 128 137
246092.62084961 3357340.25003052 17.85431290 182 192 201
246093.36572266 3357335.10955811 15.13735199 179 187 190
246093.05224609 3357333.83435059 15.91935253 231 226 232
246092.74084473 3357335.68432617 15.38988972 145 139 149
246092.83435059 3357341.23178101 16.35589218 203 212 209
246093.17016602 3357336.05499268 15.31413746 102 96 100
246092.87402344 3357337.10916138 15.00310898 100 100 102
246093.13928223 3357335.58493042 15.34652710 33 42 41
246093.56213379 3357341.77511597 14.96542358 79 86 94
246092.35034180 3357338.18991089 15.29320431 220 217 228
246092.99926758 3357339.71600342 16.70391273 133 137 140
246092.98229980 3357340.19915771 15.42092419 55 56 60
246093.19104004 3357341.09429932 15.95499706 44 45 47
246093.29370117 3357339.97534180 15.34608650 47 47 47
246092.49609375 3357336.89883423 15.07586098 148 146 149
246093.33947754 3357339.50350952 15.11830616 104 107 116
246091.96997070 3357338.00601196 15.02429676 217 199 195
246092.10583496 3357340.01797485 17.06551933 63 67 70
246093.02734375 3357334.86633301 15.46517944 157 147 155
246092.01123047 3357337.71060181 15.10307026 205 187 177
246093.11755371 3357333.52493286 15.76874352 177 165 169
246092.86145020 3357333.31445313 15.13565922 190 189 195
246092.20422363 3357338.70501709 15.87255955 45 44 52
246093.53051758 3357340.98867798 15.06389809 115 124 133
246092.75231934 3357336.08233643 15.35650063 220 213 220
246092.94616699 3357335.00946045 15.28960514 143 120 130
246092.08715820 3357338.90979004 15.98858738 151 147 144
246092.83605957 3357340.77206421 15.66195965 70 82 94
246093.07104492 3357333.03067017 15.97203541 248 248 250
246092.90478516 3357341.32324219 15.21144867 189 190 195
246092.17626953 3357341.17984009 15.11414719 210 226 239
246093.44995117 3357336.68624878 15.07847500 213 212 220
246092.00939941 3357339.65176392 15.90547657 245 244 240
246092.11718750 3357339.61471558 15.50063038 235 235 227
246093.11767578 3357339.25173950 16.83142662 68 74 74
246091.97595215 3357340.86907959 14.98790932 222 230 241
246092.04724121 3357337.79779053 15.30129528 125 119 107
246092.08911133 3357337.86715698 15.46454430 48 48 46
246092.06005859 3357338.80804443 17.62514687 77 77 77
246092.49291992 3357339.37481689 17.81025887 234 246 246
246092.86425781 3357333.23529053 15.30163383 115 110 114
246093.10400391 3357340.21237183 15.93036270 53 58 61
246092.27160645 3357339.84991455 16.41758156 78 82 81
246092.31665039 3357338.03048706 15.97663116 174 173 179
246093.54602051 3357339.92578125 14.92901230 64 75 81
246092.08666992 3357338.99130249 15.10122776 136 135 133
246093.11926270 3357335.79748535 15.45847130 108 71 79
246091.92956543 3357340.15625000 14.99607849 194 197 202
246093.19555664 3357338.89389038 15.37767506 22 28 28
246092.16271973 3357340.19168091 16.98156548 33 37 40
246093.45922852 3357339.71786499 14.98019695 83 92 99
246093.21472168 3357336.19131470 15.26279736 97 91 93
246093.49572754 3357340.92135620 15.07740211 158 168 177
246092.25695801 3357340.06384277 16.22423935 35 36 38
246093.08276367 3357333.79251099 15.97422695 237 237 245
246092.72827148 3357336.90490723 15.07721901 35 36 38
246093.17504883 3357338.25994873 15.15985775 139 141 153
246092.42993164 3357337.89447021 16.34453583 89 98 115
246092.96264648 3357339.33132935 16.69758797 72 81 80
246092.28869629 3357338.60336304 15.84251308 80 93 112
246092.97229004 3357336.44635010 15.29202271 115 100 107
246092.16284180 3357339.20919800 15.54796124 243 242 237
246093.20166016 3357341.13696289 15.64865589 4 9 12
246093.04125977 3357333.84490967 15.85929489 201 194 201
246092.36938477 3357337.78814697 16.02707863 95 98 87
246093.15625000 3357332.85635376 15.77591133 232 209 219
246092.83630371 3357341.05615234 16.42049599 194 211 231
246093.09130859 3357339.37582397 16.84817314 59 65 65
246093.18981934 3357338.85891724 15.40041637 17 21 20
246093.07434082 3357340.24661255 16.19254494 76 79 84
246092.83923340 3357338.80111694 16.35091400 241 250 245
246092.95068359 3357339.22738647 16.64617920 69 78 77
246092.93371582 3357332.85504150 15.43312454 219 168 183
246092.86547852 3357338.86682129 16.68978119 244 247 252
246092.07348633 3357339.62130737 17.48536110 189 190 192
246092.82702637 3357338.81344604 16.86052895 255 255 255
246092.05883789 3357339.95135498 15.56810379 219 219 217
246092.63745117 3357338.00988770 15.16248131 170 175 179
246092.09631348 3357339.66207886 16.18838882 249 250 254
246093.27490234 3357340.43023682 15.17810822 176 186 195
246092.06518555 3357339.56295776 16.14953613 155 156 151
246092.04235840 3357339.07788086 17.63397408 87 88 82
246093.34411621 3357334.65798950 15.19419765 96 75 80
246093.23120117 3357333.76077271 15.25992680 78 63 66
246093.36120605 3357337.02624512 14.95184994 108 109 114
246092.48437500 3357338.71234131 16.27950096 232 234 233
246092.41259766 3357340.17193604 17.26299477 102 108 106
246093.43981934 3357336.52502441 15.11094666 234 233 238
246093.10961914 3357339.83529663 16.39082718 75 84 91
246093.10668945 3357339.17868042 16.17295265 36 39 44
246092.83178711 3357338.66903687 17.77165604 54 55 50
246093.07507324 3357338.39056396 15.35744381 31 37 37
246092.94348145 3357333.75570679 15.70834827 189 148 156
246092.09448242 3357339.45571899 15.12927341 127 126 122
246092.04150391 3357339.93786621 15.13456535 194 195 199
246093.01452637 3357333.03842163 15.65162468 191 191 201
246092.09265137 3357340.03369141 17.26280594 252 254 253
246092.70312500 3357335.83953857 15.38264275 255 254 255
246092.22741699 3357338.74218750 16.20316124 67 70 75
246092.15869141 3357337.51187134 15.77545643 209 209 201
246092.28479004 3357338.62582397 15.66770935 149 142 149
246093.14489746 3357340.92553711 16.12333298 169 168 173
246093.55529785 3357338.65155029 14.95079136 70 75 81
246092.57324219 3357339.91632080 16.36832237 74 75 77
246091.91748047 3357340.41818237 14.96560574 151 154 159
246093.25720215 3357338.92050171 17.07577324 54 59 62
246092.83349609 3357337.76135254 15.11743355 225 214 212
246093.29077148 3357339.18536377 15.18835640 27 28 33
246092.98303223 3357338.65133667 17.72520828 45 50 46
246092.06567383 3357339.46838379 15.09659672 223 223 223
246093.36230469 3357341.59500122 14.94281197 65 72 80
246092.67980957 3357335.55758667 15.26654053 245 244 249
246092.09143066 3357339.98580933 17.27763176 248 252 255
246092.78466797 3357340.22915649 15.35585880 44 45 49
246092.19982910 3357339.74493408 16.77563095 162 168 168
246092.92712402 3357333.12170410 15.18507481 136 129 136
246092.52148438 3357339.98553467 16.73352623 56 60 63
246092.98400879 3357335.01925659 15.24265671 115 102 109
246092.68981934 3357338.74572754 17.30332565 186 194 196
246093.45544434 3357338.95880127 14.96987247 86 90 99
246093.26367188 3357341.38375854 15.24299240 149 153 162
246092.48742676 3357340.26824951 17.62950325 50 55 59
246092.91320801 3357341.22436523 15.66735744 210 220 230
246093.17822266 3357334.72714233 15.43710804 122 117 121
246092.74011230 3357340.19979858 15.59733486 63 68 72
246092.37573242 3357340.09115601 16.77276421 118 121 126
246092.50756836 3357337.30288696 15.09720421 239 237 240
246093.29345703 3357339.80639648 17.31382942 76 80 81
246092.18493652 3357341.01770020 15.14348888 206 224 238
246092.88989258 3357338.85147095 16.78338814 227 231 234
246093.03173828 3357334.11129761 15.18144798 69 58 62
246093.14062500 3357334.06475830 15.98337173 232 226 236
246092.94433594 3357338.65963745 17.66162300 49 51 46
246093.30639648 3357339.01242065 17.28523254 88 92 93
246093.18188477 3357338.75442505 16.08879089 139 146 154
246092.14709473 3357340.19616699 15.91699219 42 46 47
246093.49108887 3357334.94784546 15.02624130 217 212 216
246092.38452148 3357338.07312012 15.89524460 167 165 178
246092.82312012 3357340.49746704 15.40406799 135 136 140
246093.33947754 3357339.98403931 17.51263046 44 45 47
246092.44567871 3357338.76699829 16.53673363 248 250 249
246093.35498047 3357332.56198120 14.97191238 157 90 107
246093.25317383 3357339.33023071 15.50151920 37 35 40
246092.42102051 3357340.36389160 15.30207729 173 181 194
246091.85754395 3357338.26998901 14.98922729 214 196 182
246092.10290527 3357339.16442871 17.03780746 177 172 166
246092.81713867 3357333.43524170 15.39499187 231 231 239
246092.12048340 3357339.62863159 17.12339020 227 225 230
246092.83227539 3357333.40429688 15.40719032 232 229 236
246092.53686523 3357340.24249268 15.89895248 51 54 61
246092.79675293 3357338.73306274 17.35913467 94 100 98
246093.41784668 3357338.62857056 15.03460026 87 96 105
246093.24182129 3357340.20785522 15.34960938 35 36 40
246092.97924805 3357339.18746948 17.83052635 219 228 233
246092.83581543 3357333.44357300 15.48434925 239 224 231
246093.35046387 3357334.33410645 15.15588665 124 117 124
246092.46337891 3357337.27612305 15.07839489 230 228 231
246092.06384277 3357340.02682495 15.83058357 184 186 185
246091.90832520 3357339.41030884 14.99305916 212 213 215
246093.34350586 3357335.95358276 15.23071766 116 69 79
246093.13232422 3357339.23876953 16.17084694 34 39 43
246092.87707520 3357333.24795532 15.13463211 175 168 176
246092.08642578 3357339.81387329 17.41746902 241 242 244
246093.29113770 3357336.25573730 15.21185303 103 103 111
246092.46252441 3357338.13357544 15.90742588 157 156 170
246092.92431641 3357341.47476196 15.09815884 197 205 216
246092.08789063 3357339.87390137 17.42422485 222 222 224
246092.19555664 3357340.29476929 15.20715141 173 177 189
246092.90734863 3357339.27508545 16.61670303 68 76 78
246092.58972168 3357336.60119629 15.21767998 194 187 194
246093.46667480 3357337.58853149 14.95063686 127 127 135
246092.39660645 3357340.23291016 17.52551842 41 45 48
246092.25817871 3357339.09048462 15.31053543 216 216 208
246092.47570801 3357338.22964478 15.77641869 157 164 172
246092.89514160 3357340.95498657 15.65489674 189 198 207
246092.75671387 3357338.33828735 15.62332344 104 90 87
246093.11779785 3357332.58166504 15.29804325 218 178 187
246092.79467773 3357341.13894653 15.93718243 138 163 183
246092.45837402 3357341.61871338 15.11061764 232 247 254
246093.02343750 3357333.48098755 15.82654476 193 167 176
246093.14868164 3357342.06820679 15.01504993 78 82 93
246092.37902832 3357340.57803345 15.21996784 197 211 224
246093.19799805 3357338.16705322 15.15042877 199 201 213
246093.34765625 3357339.96823120 17.56359482 25 29 32
246092.00598145 3357337.70230103 16.07119942 255 255 247
246093.02209473 3357340.20794678 17.54905510 36 37 41
246092.61132813 3357338.66421509 17.63080788 34 39 35
246093.31530762 3357339.20178223 17.53855705 13 17 20
246092.20117188 3357341.15994263 15.13240242 207 225 237
246093.26965332 3357339.73550415 17.19175720 87 91 94
246092.15319824 3357337.36035156 15.01698112 160 155 151
246092.06542969 3357339.05316162 15.99535561 214 214 212
246093.26989746 3357339.73220825 16.05917358 23 22 27
246092.45397949 3357340.82980347 15.24821377 204 220 236
246092.53833008 3357339.95227051 16.71816826 55 59 62
246092.31933594 3357337.98617554 15.61317635 145 146 150
246093.13940430 3357338.62069702 15.48557568 6 16 17
246093.27917480 3357339.40213013 15.24066448 37 34 41
246092.05590820 3357339.38775635 17.57418442 87 89 84
246092.64721680 3357339.53759766 17.83145714 222 232 234
246092.99230957 3357335.00177002 15.25804234 137 117 126
246092.97570801 3357340.27661133 16.15131378 43 44 48
246093.23144531 3357334.78509521 15.41572285 119 110 115
246093.26110840 3357338.93539429 15.94831562 22 27 30
246093.02526855 3357335.91662598 15.50484276 247 240 247
246092.07226563 3357339.31341553 17.83805847 223 230 236
246092.43444824 3357340.00329590 16.13425446 67 68 72
246092.80871582 3357340.91012573 15.84845543 161 168 178
246093.31677246 3357339.90362549 15.67118359 47 51 52
246092.11535645 3357340.05072021 16.05289078 60 60 60
246092.73242188 3357339.06094360 17.81307030 235 246 248
246093.30151367 3357332.69345093 15.13996601 170 77 95
246093.26599121 3357339.32571411 15.77389336 36 35 40
246092.04699707 3357339.74459839 17.62917328 118 119 114
246092.21997070 3357340.19348145 17.28692436 57 63 63
246093.31262207 3357339.40988159 17.55978203 7 8 10
246091.92517090 3357337.64141846 14.98536301 157 146 140
246092.33337402 3357338.56695557 15.90113449 82 100 120
246092.37683105 3357338.20404053 15.34862804 205 207 220
246093.31811523 3357341.32501221 15.52864933 110 118 121
246092.07690430 3357339.64645386 17.46609879 191 192 196
246093.35266113 3357337.81094360 15.05904198 173 192 196
246092.56347656 3357340.29254150 15.82582664 60 67 73
246093.55114746 3357341.81311035 14.96382713 77 84 92
246092.34753418 3357338.52648926 15.78358936 93 109 135
246092.96069336 3357333.45318604 15.67792606 197 132 136
246092.94360352 3357332.85235596 15.45101643 220 163 178
246092.04309082 3357337.84811401 16.01218796 56 50 34
246092.02954102 3357337.81176758 15.19704819 236 223 214
246092.38171387 3357337.77529907 16.44416428 99 116 126
246092.07617188 3357339.72546387 15.62161541 231 230 225
246092.90832520 3357336.39743042 15.29251575 170 168 173
246092.11059570 3357339.88986206 17.12329483 223 224 229
246093.20971680 3357337.28170776 14.97287846 133 134 138
246092.93041992 3357339.39010620 16.67337036 47 56 55
246092.28588867 3357340.03701782 16.35948563 48 49 51
246093.19250488 3357338.86486816 15.37409973 21 25 26
246093.54174805 3357337.73345947 14.94064903 125 130 136
246092.37573242 3357337.62606812 15.23961258 171 168 159
246092.01574707 3357339.55413818 15.95589542 254 250 247
246092.45654297 3357340.70449829 15.23640060 201 214 231
246092.21240234 3357339.27911377 15.42165756 232 233 227
246093.04699707 3357333.75378418 15.31349277 190 159 165
246092.68371582 3357339.07080078 17.81111717 231 243 243
246093.34033203 3357339.26010132 17.64843369 10 14 17
246092.16955566 3357339.15069580 16.54714966 242 248 238
246092.32678223 3357340.17364502 16.95041084 27 35 37
246093.33251953 3357341.04403687 16.26947975 112 116 115
246092.99438477 3357338.20507813 15.15762329 139 142 151
246092.27319336 3357338.06185913 15.19305420 162 160 165
246092.76220703 3357340.68453979 15.84614277 171 177 191
246092.07531738 3357337.58691406 15.38582516 243 236 218
246092.81762695 3357341.21328735 15.82549858 159 177 191
246092.03039551 3357339.10568237 17.69038773 81 80 75
246092.94140625 3357333.77801514 15.67784500 181 130 139
246093.22949219 3357340.39132690 15.17517948 160 169 176
246093.18310547 3357338.46386719 15.18388939 43 46 53
246093.03479004 3357333.24859619 15.69265938 139 130 135
246092.02612305 3357337.57965088 15.74961281 237 230 220
246092.93444824 3357333.60513306 15.74932384 205 184 189
246092.83374023 3357341.05584717 15.33958912 202 205 210
246092.80432129 3357340.25088501 15.96717358 73 76 83
246092.18945313 3357339.81414795 16.88243484 102 108 108
246093.28417969 3357339.49462891 17.41668320 69 70 74
246092.88671875 3357340.90490723 15.98386478 127 128 132
246093.01904297 3357334.04769897 15.18120289 63 47 50
246092.29833984 3357338.65713501 16.13686180 62 76 87
246092.24780273 3357340.17770386 17.09905624 34 42 45
246093.53369141 3357335.82510376 15.00379372 192 141 124
246093.23828125 3357338.85797119 17.16311836 72 78 78
246093.31909180 3357341.11642456 16.02774239 48 50 49
246092.42687988 3357340.55911255 15.23850632 196 210 223
246092.51354980 3357336.56927490 15.20748138 79 75 76
246092.44665527 3357341.97061157 15.11302853 102 107 113
246092.84191895 3357335.50900269 15.33206940 106 103 110
246092.14916992 3357339.40014648 16.54586220 249 251 238
246092.29870605 3357340.04400635 17.84525490 200 210 219
246092.88391113 3357340.49612427 15.33732796 141 140 145
246092.79992676 3357333.44802856 15.33658600 220 215 222
246092.49584961 3357338.18423462 15.82607174 157 162 166
246092.08789063 3357339.05697632 17.12450218 194 191 186
246092.67041016 3357336.93756104 15.08224392 75 77 76
246093.39379883 3357332.76208496 15.05619240 140 117 125
246092.01367188 3357337.74740601 15.15888405 239 227 215
246092.66857910 3357335.45712280 15.19773006 232 233 235
246093.22436523 3357340.22308350 15.35628796 35 36 40
246093.19824219 3357340.79388428 15.27950668 215 220 223
246092.29138184 3357340.26068115 15.94355679 82 87 91
246093.22924805 3357339.16482544 15.59958744 36 36 38
246093.48583984 3357338.10226440 15.01561451 73 78 84
246092.66699219 3357339.90774536 16.64793587 92 96 99
246092.07153320 3357338.90866089 17.45165443 119 119 117
246093.25146484 3357339.26153564 15.32627487 35 34 39
246092.22009277 3357338.88110352 15.21727562 181 176 170
246093.07556152 3357333.16305542 15.86300659 252 241 247
246093.31396484 3357339.65197754 17.52101326 18 24 24
246093.24572754 3357339.25433350 15.60960388 37 37 39
246093.03222656 3357332.92019653 15.37168312 140 97 107
246093.47497559 3357340.26541138 15.02023220 89 103 106
246092.35583496 3357340.16775513 16.97215843 31 39 42
246092.10095215 3357339.27127075 16.17710686 249 252 245
246093.16552734 3357332.77120972 15.48222256 210 165 170
246092.40942383 3357337.93618774 16.26111221 85 93 106
246092.42382813 3357338.99746704 17.80851555 235 245 246
246093.49255371 3357334.52325439 15.03620338 232 227 233
246093.26391602 3357339.57012939 15.24546719 45 44 49
246092.14843750 3357339.31600952 16.68867874 246 249 240
246092.51184082 3357338.95410156 17.80522728 221 231 232
246093.12451172 3357332.93325806 15.83747959 159 142 148
246093.39965820 3357339.92996216 15.06358528 109 118 125
246092.22326660 3357338.76583862 16.35802460 144 149 153
246093.29650879 3357339.66513062 15.72688484 40 44 43
246093.20495605 3357336.66940308 15.19498348 150 89 105
246093.13000488 3357333.31393433 15.13473034 89 83 87
246093.16967773 3357334.45184326 15.26365948 102 100 103
246092.80798340 3357338.66137695 16.06137466 130 132 131
246092.75268555 3357340.11431885 16.18990135 96 96 98
246092.21875000 3357340.19247437 16.92357063 35 40 44
246093.11657715 3357341.41827393 16.15279388 137 153 168
246092.18420410 3357339.04144287 15.53955841 242 239 232
246093.22241211 3357338.86648560 15.26294327 22 23 25
246093.24523926 3357339.27926636 15.35267639 34 33 39
246092.10229492 3357338.89993286 16.89585114 97 94 87
246093.26867676 3357339.35427856 15.77103519 37 38 42
246092.61145020 3357339.09814453 17.80848122 224 236 236
246093.02014160 3357341.49124146 15.09307003 192 201 216
246092.08154297 3357337.83978271 15.37016582 55 56 48
246092.14855957 3357337.48794556 15.90707779 249 248 243
246092.12683105 3357341.06271362 15.10518265 213 229 244
246093.03259277 3357339.57104492 16.39536858 57 62 68
246092.18420410 3357338.65408325 17.78351974 58 60 57
246092.82983398 3357339.67218018 17.85268211 211 218 226
246092.20507813 3357338.78140259 17.29906273 99 105 103
246092.95068359 3357335.63955688 15.53086948 129 56 73
246093.07824707 3357341.45251465 15.13054943 194 204 216
246093.04870605 3357334.09213257 15.17492008 58 46 50
246092.04931641 3357339.39474487 15.79173183 237 237 229
246093.09741211 3357337.14266968 14.96979523 143 141 144
246092.05187988 3357339.63891602 15.72522640 237 234 229
246092.27319336 3357339.99014282 16.63919449 135 138 143
246092.32812500 3357341.45248413 15.12293148 217 232 237
246092.88134766 3357340.21984863 15.84947300 51 57 57
246092.34326172 3357340.05151367 16.65370941 97 102 108
246093.29626465 3357338.49871826 15.10576057 139 143 154
246093.04455566 3357339.33087158 16.28745461 66 71 75
246093.30383301 3357341.20419312 15.55362606 35 37 36
246093.12878418 3357336.16754150 15.28876972 94 85 86
246092.93713379 3357335.25311279 15.37309551 138 137 142
246092.28857422 3357338.72146606 17.82157326 226 228 225
246092.97326660 3357333.26055908 15.51500988 179 180 184
246093.12707520 3357340.20251465 15.46435261 43 44 46
246093.10925293 3357332.92767334 15.78369427 123 98 104
246092.15600586 3357339.73211670 15.28925133 221 221 219
246093.07653809 3357333.44699097 15.67434502 163 151 155
246093.38269043 3357335.32138062 15.10411167 212 212 214
246092.24511719 3357339.17529297 15.34151840 222 221 217
246093.32702637 3357335.20748901 15.15608978 81 91 93
246092.40209961 3357338.22756958 15.40451431 96 99 114
246092.55053711 3357338.66159058 17.63937759 35 39 38
246093.19079590 3357337.06692505 14.95720100 124 123 128
246092.44812012 3357338.21044922 16.10734940 168 166 167
246093.18310547 3357336.06533813 15.31194687 97 91 91
246092.65869141 3357335.49566650 15.20153999 234 235 237
246092.41015625 3357337.83056641 15.40371323 82 81 77
246093.15417480 3357332.94869995 15.94833469 207 204 211
246092.80358887 3357340.82745361 16.15731239 32 52 76
246092.20300293 3357339.00149536 15.18747616 175 174 169
246093.00549316 3357334.86444092 15.69349098 196 183 190
246092.85009766 3357333.53094482 15.13294888 158 122 134
246093.14770508 3357333.02835083 15.19639969 91 45 56
246093.03808594 3357333.59112549 15.55482483 163 152 156
246093.04211426 3357337.94885254 15.13435078 218 226 228
246093.33520508 3357339.02481079 17.57856941 14 18 19
246092.99938965 3357340.34786987 15.19976807 134 139 143
246092.38854980 3357338.76626587 16.41242599 223 227 226
246092.40319824 3357337.99200439 15.83674908 78 80 69
246092.53491211 3357337.66708374 15.16094971 143 130 121
246093.09082031 3357334.94226074 15.33488846 100 93 100
246092.02880859 3357339.61383057 17.67881775 105 107 106
246093.32739258 3357333.45016479 15.11716080 241 244 251
246092.88745117 3357340.70385742 15.53992558 199 204 210
246092.26318359 3357337.96456909 15.78825760 88 88 90
246093.26037598 3357338.89312744 15.21065044 25 25 27
246093.44213867 3357338.03274536 15.04047394 96 105 112
246092.97277832 3357338.96966553 16.29703331 29 38 43
246092.56469727 3357341.78433228 15.08531666 102 111 118
246092.15039063 3357340.68154907 15.12724209 204 222 234
246092.65588379 3357335.69271851 15.32823181 255 251 255
246093.37561035 3357338.10037231 15.09113598 170 183 191
246092.70861816 3357338.32131958 15.53751564 60 51 44
246092.42248535 3357339.22329712 17.80274582 237 247 248
246092.13525391 3357338.92639160 16.40831947 168 158 146
246093.00354004 3357340.77560425 16.26811028 103 107 116
246093.18627930 3357341.30099487 16.39788055 191 196 200
246092.79211426 3357340.81286621 15.87095928 137 149 165
246092.31115723 3357340.26943970 15.37179947 61 65 74
246093.09838867 3357339.89715576 17.85849190 212 219 229
246092.51733398 3357340.02551270 16.14865112 61 62 64
246092.97521973 3357338.13998413 15.14984035 174 178 189
246093.23046875 3357341.14352417 15.66331100 5 9 10
246092.43994141 3357340.29367065 17.69948578 59 68 73
246092.94641113 3357335.15411377 15.44176197 157 162 165
246092.12268066 3357339.17462158 15.64144516 249 249 241
246093.28833008 3357339.65618896 15.17229462 38 41 46
246092.72973633 3357340.60610962 15.76585293 169 173 184
246092.08837891 3357339.58139038 17.35878944 250 251 253
246092.13500977 3357337.55603027 16.19664001 211 211 211
246093.11083984 3357333.43133545 15.83158207 171 148 154
246093.11889648 3357340.13153076 16.82092094 90 94 97
246092.27746582 3357338.64291382 15.61979008 162 156 158
246093.23657227 3357338.81753540 15.92193508 29 37 39
246093.11218262 3357339.67037964 16.89051437 111 115 118
246092.52709961 3357338.80038452 17.80843163 218 222 221
246092.10729980 3357339.16787720 16.93135643 239 240 232
246092.11352539 3357339.62194824 16.35881615 232 238 234
246092.22827148 3357340.57806396 15.16509342 200 216 232
246093.04455566 3357338.75427246 17.28000450 169 171 170
246092.84167480 3357333.43780518 15.05390453 161 168 174
246091.99609375 3357341.07519531 14.98823833 197 207 219
246092.00146484 3357338.50469971 15.05881596 227 218 211
246092.86596680 3357341.32110596 16.16222572 172 198 211
246093.10375977 3357334.07833862 15.92951965 144 145 149
246093.16247559 3357341.00247192 15.39953995 113 124 128
246092.95422363 3357338.38549805 15.58554363 237 243 255
246092.88745117 3357334.53179932 15.44274807 198 182 185
246092.38732910 3357339.02700806 17.80958557 237 247 248
246092.62963867 3357340.33352661 15.83034706 35 42 48
246092.89208984 3357334.16516113 15.23183250 76 80 81
246092.53063965 3357338.74420166 17.10092926 142 154 152
246092.48095703 3357340.10018921 16.01259804 69 70 74
246092.13549805 3357339.70068359 15.41582012 227 226 222
246092.10925293 3357339.62042236 15.17708492 196 196 194
246092.39489746 3357338.74603271 17.05332375 201 207 205
246092.91772461 3357334.82354736 15.51830673 120 100 102
246093.00988770 3357334.97393799 15.71888256 187 184 191
246093.20422363 3357339.50384521 16.17207909 32 33 37
246093.09497070 3357333.33731079 15.78654385 155 104 111
246092.94226074 3357332.95574951 15.52603817 233 197 209
246093.10314941 3357333.61303711 15.70312977 184 178 182
246092.63952637 3357340.95935059 15.27693462 206 216 225
246093.04919434 3357335.31027222 15.28130531 51 49 52
246093.11193848 3357333.94122314 15.19355106 94 84 85
246092.11157227 3357339.08029175 16.90957642 237 239 228
246093.16796875 3357338.24346924 15.15783978 139 141 153
246092.09606934 3357340.13256836 17.09105110 59 63 66
246092.98522949 3357340.06939697 17.87788010 202 211 220
246092.17797852 3357337.71755981 16.46459961 211 209 212
246092.63000488 3357340.26745605 15.49002075 71 74 79
246092.80187988 3357340.09176636 16.89710617 100 104 103
246092.08178711 3357339.34658813 17.30546379 249 251 250
246093.39587402 3357339.41046143 15.05215836 113 117 128
246092.53027344 3357338.28323364 15.69438744 86 85 90
246092.82519531 3357333.68255615 15.63013744 111 97 96
246092.68347168 3357338.54827881 16.00518990 96 96 96
246092.41210938 3357340.23419189 17.52629471 41 45 48
246093.19775391 3357341.44259644 16.10008812 230 241 247
246092.34558105 3357338.05871582 16.02289391 175 174 182
246092.51367188 3357339.86303711 17.84626770 207 216 223
246092.43457031 3357338.19622803 16.15289116 169 168 166
246093.49731445 3357339.08911133 14.92742538 77 84 92
246092.32287598 3357340.17218018 16.91346169 41 46 49
246092.73828125 3357335.39367676 15.22350407 252 252 254
246092.15063477 3357337.90975952 15.63049603 9 9 9
246093.47229004 3357332.74545288 15.00159740 109 106 113
246092.99096680 3357339.67620850 17.84793854 214 221 229
246093.29003906 3357339.48382568 17.46179008 27 31 34
246092.85620117 3357341.25817871 15.78641701 202 216 229
246091.99230957 3357338.97903442 15.04298782 221 221 219
246092.79467773 3357340.83078003 15.79365158 142 151 168
246093.43713379 3357334.30380249 15.07465458 235 234 240
246092.77490234 3357341.15347290 16.37605667 211 220 229
246092.20947266 3357338.97299194 15.18854332 173 173 165
246092.63439941 3357335.98962402 15.32632542 193 184 185
246093.30639648 3357334.53778076 15.21739292 105 95 103
246093.28906250 3357336.53067017 15.22295856 96 83 90
246092.10217285 3357337.53430176 16.07412338 239 239 239
246093.44921875 3357338.92980957 14.97799969 86 90 99
246093.38806152 3357336.13049316 15.17836475 189 197 199
246093.45178223 3357336.39111328 15.09612560 231 228 235
246092.32958984 3357341.37829590 15.14412880 212 229 237
246092.15649414 3357339.15289307 16.29481506 252 255 246
246093.37622070 3357339.31170654 15.07493114 116 119 128
