245867.58032227 3357510.15164185 14.70674896 91 100 97
245867.52612305 3357510.34643555 14.69977283 55 62 55
245867.23651123 3357510.33468628 14.81526756 169 188 205
245866.93078613 3357510.32192993 14.76271820 163 182 199
245867.31250000 3357510.28610229 14.79847908 166 182 198
245867.04888916 3357510.35696411 14.79597378 156 176 200
245867.39953613 3357510.41665649 14.72446442 57 64 70
245867.07269287 3357510.45263672 14.76280308 151 167 190
245867.21276855 3357510.19873047 14.81155968 148 175 192
245867.31494141 3357510.11575317 14.78511047 123 146 160
245866.69140625 3357510.24743652 14.72740078 44 54 56
245867.37304688 3357510.28314209 14.77063942 148 161 177
245867.38018799 3357510.27713013 14.76767635 143 152 167
245867.30261230 3357509.97747803 14.75611401 37 58 59
245867.00445557 3357510.64819336 14.64465427 41 59 47
245867.46441650 3357510.24725342 14.73132992 125 134 143
