245688.90502930 3357680.99499512 16.18536568 99 103 106
245696.61975098 3357682.46990967 16.80558395 44 48 51
245695.18768311 3357680.15521240 16.55792999 44 45 49
245690.98522949 3357680.53588867 16.11178398 71 75 76
245693.89233398 3357681.02941895 16.08375931 65 69 72
245694.69592285 3357681.32788086 16.11974144 66 70 71
245695.66290283 3357678.55334473 16.39674568 36 40 39
245695.88568115 3357680.39410400 16.39951134 21 25 24
245692.78753662 3357681.33044434 16.54498672 47 55 57
245690.89349365 3357681.82684326 16.24916649 54 55 59
245689.79003906 3357682.47784424 16.50859261 45 50 54
245690.03118896 3357678.64282227 16.76235580 97 101 104
245695.78729248 3357682.30377197 16.54057693 38 47 46
245692.34686279 3357679.32598877 16.45721817 33 37 38
245692.95141602 3357681.15295410 16.30866241 60 64 63
245689.56054688 3357681.51568604 16.30725670 105 106 110
245692.14501953 3357681.63256836 16.65078926 51 51 53
245694.23052979 3357679.89538574 16.20264816 44 50 50
245694.68334961 3357682.19323730 16.49361229 20 21 25
245694.47888184 3357679.84069824 16.35862923 25 25 25
245691.72003174 3357680.98956299 16.34285736 69 74 77
245692.61657715 3357681.43463135 16.82081604 46 51 54
245691.74914551 3357682.72698975 16.59513664 28 23 27
245692.25982666 3357679.37188721 16.43083572 38 44 44
245691.04980469 3357682.22802734 16.61274719 16 17 21
245691.29119873 3357682.08679199 16.44452095 33 36 41
245696.47027588 3357681.51196289 16.79385185 35 46 48
245690.85577393 3357683.06726074 16.66342163 19 19 21
245691.91088867 3357680.19860840 16.15385056 73 74 78
245696.07031250 3357682.88275146 16.82250023 48 53 56
245691.36926270 3357681.02697754 16.30640221 67 73 69
245690.21380615 3357681.29962158 16.15054131 70 74 77
245692.61010742 3357678.40087891 16.30922890 30 34 33
245692.59222412 3357678.50695801 16.44974136 48 53 49
245694.04663086 3357683.19647217 16.78961372 7 10 17
245690.48376465 3357680.64874268 16.10034370 68 72 71
245691.82287598 3357682.00421143 16.42007256 31 37 37
245694.39916992 3357682.85363770 16.69442940 23 30 38
245691.62530518 3357682.46948242 16.52603722 17 22 26
245690.95538330 3357682.58868408 16.82268524 3 11 14
245695.99536133 3357682.07714844 16.50569916 40 45 48
245693.39349365 3357679.46484375 16.45755768 64 63 59
245691.85900879 3357683.13031006 16.60800743 15 11 10
245694.30548096 3357681.83087158 16.24977684 43 49 49
245691.47375488 3357679.29193115 16.30838203 64 68 71
245694.21679688 3357682.75024414 16.53377533 17 24 30
245690.83679199 3357681.22418213 16.14124489 46 52 52
245689.96276855 3357680.47790527 16.24767685 95 96 98
245694.31713867 3357678.39044189 16.35342598 44 49 52
245694.18615723 3357682.11187744 16.47376823 34 39 42
245691.99407959 3357681.68719482 16.53914261 49 49 51
245695.96490479 3357681.51257324 16.33272362 43 51 54
245695.50866699 3357682.28265381 16.58008575 88 92 93
245693.22442627 3357679.12786865 16.75934792 56 45 53
245691.54663086 3357678.50280762 16.50038147 69 73 74
245695.30316162 3357682.28790283 16.49184990 15 24 23
245693.32446289 3357681.49822998 16.37254906 51 56 59
245692.44091797 3357678.65026855 16.66526794 86 95 92
245690.97198486 3357680.78814697 16.13002968 78 78 76
245693.30401611 3357682.08984375 16.58022308 39 43 46
245694.41790771 3357679.28753662 16.49622917 12 13 17
245692.02044678 3357682.04565430 16.37396431 30 38 40
245690.39990234 3357681.58050537 16.18120003 63 71 73
245692.28240967 3357680.38336182 16.12795067 80 84 87
245692.57232666 3357681.42382813 16.78275108 53 58 61
245695.42114258 3357679.56207275 16.78409195 67 66 72
245691.13110352 3357683.24072266 16.57591438 35 39 38
245690.42718506 3357680.41394043 16.10871315 71 73 70
245692.20697021 3357682.67309570 16.56271744 28 32 35
245693.26446533 3357680.66497803 16.10877609 55 59 60
245693.05767822 3357678.60083008 16.58942223 34 38 41
245693.09545898 3357681.32476807 16.39971352 54 62 64
245692.11627197 3357683.10565186 16.59990692 20 24 27
245690.13476563 3357679.22357178 16.16386032 106 108 107
245691.55615234 3357680.32647705 16.19736099 82 86 87
245691.73077393 3357683.04693604 16.80122948 60 38 41
245693.35144043 3357681.07244873 16.13304329 54 60 60
245691.94915771 3357682.72460938 16.55829620 24 22 25
245689.77343750 3357681.44610596 16.28218651 86 91 94
245691.80010986 3357680.76928711 16.27379036 71 79 81
245695.46215820 3357679.83673096 16.64274025 21 22 24
245691.90747070 3357683.24768066 16.38534546 11 15 16
245690.01281738 3357679.32067871 16.16968536 103 105 102
245695.30084229 3357679.65783691 16.95095825 29 28 34
245694.89276123 3357683.10205078 16.78587341 22 32 31
245695.16589355 3357680.36950684 16.19988823 56 57 59
245694.70953369 3357680.97473145 16.10809326 58 59 61
245693.77215576 3357680.95635986 16.08600616 64 68 69
245690.51440430 3357680.75762939 16.10173988 73 77 78
245693.08233643 3357678.92376709 16.69770050 139 142 147
245695.40020752 3357679.72711182 16.73230743 26 27 31
245696.61425781 3357682.51287842 16.83116722 75 76 80
245691.26324463 3357678.64782715 16.53948975 65 69 70
245693.34716797 3357680.20593262 16.15021324 64 65 67
245691.73071289 3357682.41058350 16.48176575 30 35 38
245691.43743896 3357683.26147461 16.37445450 34 38 37
245689.86523438 3357680.47021484 16.27054787 101 101 101
245697.18389893 3357681.84973145 16.28241539 17 18 20
245695.58837891 3357679.19104004 16.56319427 22 26 27
245690.03540039 3357681.02648926 16.21336365 102 103 105
245689.49707031 3357682.33337402 16.65200996 146 147 151
245695.81768799 3357679.57244873 16.52524185 12 17 20
245691.04437256 3357680.97100830 16.17286110 76 76 74
245691.92492676 3357680.86700439 16.29049492 67 75 77
245693.17944336 3357678.93817139 16.98776054 147 145 150
245692.34832764 3357679.38098145 16.37660027 68 72 73
245694.58123779 3357681.40887451 16.11847305 61 62 66
245695.74230957 3357680.80914307 16.12915039 67 68 70
245693.35449219 3357682.01324463 16.57492638 35 39 42
245695.28430176 3357682.78906250 16.48967552 34 42 44
245692.24591064 3357681.31628418 16.57444382 60 64 65
245689.25988770 3357682.83563232 16.44278908 43 48 52
245695.45953369 3357682.67681885 16.62053680 87 96 95
245692.22204590 3357681.35675049 16.62500763 57 61 60
245696.58587646 3357682.42321777 16.81049538 13 17 20
245691.40405273 3357682.43969727 16.62831116 16 24 26
245694.79229736 3357682.21942139 16.50914955 31 32 37
245691.34930420 3357682.34552002 16.63137627 14 19 23
245696.58099365 3357682.07324219 16.91493034 41 48 56
245691.42370605 3357681.50250244 16.30494690 62 43 47
245694.25750732 3357679.68359375 16.24586678 47 51 52
245696.11645508 3357682.07781982 16.60615730 34 37 42
245690.03259277 3357681.18634033 16.19988632 88 94 94
245692.10821533 3357682.63806152 16.49350929 19 24 27
245691.16442871 3357681.31420898 16.24417686 33 32 37
245695.82727051 3357681.42034912 16.19567299 49 55 55
245692.41137695 3357681.37921143 16.65127563 51 55 58
245690.69360352 3357682.30828857 16.61651802 20 25 29
245694.21142578 3357682.31506348 16.38493729 25 30 34
245689.03265381 3357681.61639404 16.35023880 100 105 108
245693.41296387 3357678.44671631 16.48014641 12 16 17
245696.70745850 3357681.82965088 16.84450722 7 12 18
245694.06134033 3357682.64678955 16.48836708 12 22 24
245693.99353027 3357682.20050049 16.45868874 37 41 44
245693.41741943 3357679.41625977 16.54089928 164 163 168
245695.50140381 3357680.77514648 16.12450981 72 73 75
245692.40380859 3357679.78710938 16.15360069 75 81 79
245694.81103516 3357681.38409424 16.12574196 67 71 72
245688.98559570 3357681.39520264 16.26985741 102 107 110
245692.81036377 3357680.80126953 16.13126183 64 70 70
245691.41986084 3357679.64739990 16.34087181 71 72 74
245692.10034180 3357679.62512207 16.17100716 56 56 58
245695.80859375 3357681.99322510 16.34800529 39 44 47
245693.89044189 3357678.84796143 16.55691528 13 17 20
245696.38494873 3357682.49597168 16.81053162 64 69 75
245691.36242676 3357678.35253906 16.35678101 70 72 71
245690.56591797 3357683.05718994 16.52380180 37 38 42
245693.27734375 3357683.35327148 16.29845619 46 50 51
245690.09753418 3357679.53479004 16.16265488 107 109 106
245696.57147217 3357682.57324219 16.87256241 17 16 22
245689.36218262 3357682.58215332 16.57616425 86 90 91
245692.31738281 3357682.81994629 16.71103859 27 30 35
245692.26684570 3357680.30096436 16.12148476 75 79 82
245692.63476563 3357681.96820068 16.76559258 126 126 128
245691.37371826 3357678.57519531 16.56076431 67 68 72
245693.38208008 3357678.63891602 16.85375214 34 37 42
245690.00103760 3357680.69122314 16.23819733 91 95 98
245690.77410889 3357680.86810303 16.09598923 77 77 77
245695.08270264 3357682.04882813 16.24094772 30 35 38
245693.33129883 3357679.45520020 16.49208641 22 20 21
245693.55395508 3357681.15783691 16.11924362 60 64 65
245695.83294678 3357678.59228516 16.47632408 24 25 27
245693.51440430 3357679.42602539 16.51142120 148 148 146
245690.32385254 3357678.95770264 16.15490532 104 108 107
245695.51580811 3357682.38439941 16.66243362 115 119 122
245692.75781250 3357680.67144775 16.11714172 65 69 72
245695.30596924 3357681.91137695 16.16506767 41 45 46
245694.64410400 3357678.89660645 16.56392097 161 163 160
245692.97100830 3357681.91217041 16.76380730 19 23 24
245691.39782715 3357680.79516602 16.24081993 75 76 78
245695.97198486 3357682.15844727 16.51873589 40 45 49
245694.12786865 3357680.96911621 16.08783340 58 60 59
245694.82397461 3357678.89410400 16.61028290 35 35 37
245691.71398926 3357679.12689209 16.33403397 29 30 32
245690.21331787 3357681.70837402 16.18739510 77 81 84
245689.01397705 3357680.92816162 16.16526604 101 107 107
245695.53027344 3357682.68432617 16.69601250 153 159 159
245689.05297852 3357682.21398926 16.47812843 87 98 100
245691.68798828 3357679.73425293 16.44302559 13 14 16
245689.46746826 3357680.18389893 16.31952858 107 111 112
245692.63690186 3357682.62268066 16.63502884 16 21 27
245692.20635986 3357679.18121338 16.66074753 49 58 57
245692.06439209 3357682.99414063 16.78615761 28 28 30
245689.25073242 3357681.52014160 16.34577370 95 100 103
245696.33471680 3357682.28790283 16.75197029 30 35 39
245691.11224365 3357682.10418701 16.41157913 39 43 46
245692.58624268 3357682.98986816 16.79934692 120 130 131
245691.56042480 3357682.79705811 16.70848465 42 36 40
245693.04925537 3357682.06652832 16.67989159 138 142 141
245695.03216553 3357681.50964355 16.13530540 55 56 58
245688.94299316 3357682.00000000 16.45600891 95 105 107
245693.21533203 3357680.98345947 16.13325691 62 68 68
245692.84948730 3357678.44403076 16.34582520 36 40 39
245694.71160889 3357680.86541748 16.10441399 61 62 66
245693.12298584 3357680.21289063 16.13791275 67 68 70
245693.95416260 3357682.41870117 16.47813606 16 21 24
245693.21746826 3357679.81060791 16.20399666 63 65 64
245695.33239746 3357678.98114014 16.50826073 25 25 25
245694.61773682 3357678.67504883 16.43684959 22 24 23
245694.96429443 3357682.35552979 16.68494797 26 31 34
245695.40478516 3357681.23785400 16.13226509 68 69 71
245693.96557617 3357681.58892822 16.14575195 47 50 55
245694.26849365 3357680.08673096 16.17717171 38 42 45
245691.89733887 3357682.47930908 16.43483925 28 36 38
245689.13153076 3357682.54119873 16.45841980 86 94 97
245689.65472412 3357682.08435059 16.41086388 85 88 93
245690.97900391 3357683.12133789 16.71350098 25 25 25
245689.04327393 3357681.88476563 16.46764755 103 108 111
245692.83447266 3357683.25897217 16.47769165 32 37 40
245695.66662598 3357678.56622314 16.39862251 36 40 39
245691.67156982 3357683.03479004 16.83200455 72 50 53
245693.15130615 3357679.00866699 16.77364540 159 154 160
245692.75012207 3357682.71997070 16.81801605 30 35 39
245689.43395996 3357681.72894287 16.39674568 96 102 102
245691.83013916 3357678.40875244 16.38079071 46 52 50
245690.38549805 3357681.51757813 16.16689301 66 74 76
245695.04632568 3357681.65863037 16.13565445 48 52 53
245691.47552490 3357680.67498779 16.21229553 76 80 81
245693.91381836 3357680.25000000 16.11710930 51 55 58
245692.64233398 3357678.78033447 16.63791847 39 44 47
245692.52117920 3357681.98388672 16.66701698 4 5 7
245695.50018311 3357681.75189209 16.14126205 52 56 57
245693.80346680 3357679.07293701 16.83460426 12 16 17
245691.34179688 3357678.56719971 16.52514076 69 70 74
245692.87335205 3357679.47155762 16.50847626 32 36 39
245690.08258057 3357678.63323975 16.85907936 161 166 172
245695.71655273 3357680.49664307 16.22287941 61 65 64
245695.08190918 3357679.08435059 16.72659683 19 21 18
245692.60180664 3357682.22723389 16.52300072 20 21 25
245690.54296875 3357679.29162598 16.13997841 100 101 103
245695.64666748 3357682.36938477 16.64150238 28 27 32
245695.34991455 3357682.60375977 16.60585403 31 39 41
245693.63146973 3357678.82281494 16.86967278 135 130 137
245690.81793213 3357678.96081543 16.19248772 80 84 85
245690.25439453 3357680.90399170 16.13790703 63 64 66
245692.73205566 3357681.22106934 16.41100693 49 53 56
245689.63067627 3357682.67645264 16.71235275 168 170 169
245691.26873779 3357680.70343018 16.17741013 71 72 74
245691.13800049 3357679.34503174 16.22012711 82 86 87
245690.11090088 3357678.62115479 16.81020737 179 182 187
245692.96899414 3357678.98162842 16.59866714 63 67 68
245691.44366455 3357683.12927246 16.69212914 15 13 16
245691.16760254 3357678.39819336 16.27531815 69 73 74
245691.06713867 3357679.71624756 16.20112801 84 86 85
245692.37768555 3357680.19653320 16.11651993 68 72 73
245695.54437256 3357680.24725342 16.56043053 41 45 46
245694.32196045 3357682.31311035 16.45335579 50 58 61
245690.50274658 3357679.34729004 16.14131355 90 92 91
245690.80010986 3357682.82000732 16.70071602 20 23 28
245690.63555908 3357679.90539551 16.16311836 88 89 91
245689.00061035 3357680.85162354 16.17192650 102 107 110
245694.76782227 3357678.67993164 16.46566391 34 33 38
245691.93310547 3357682.60156250 16.44494438 14 18 21
245693.31542969 3357683.15222168 16.54785919 56 62 62
245690.72125244 3357680.51855469 16.09749222 81 85 86
245689.61126709 3357682.89587402 16.46014023 15 19 22
245690.74572754 3357683.31475830 16.44151115 63 67 66
245690.90026855 3357681.00122070 16.13443375 48 46 49
245691.35815430 3357682.04229736 16.43080330 26 31 37
245692.71160889 3357679.09729004 16.61561966 39 40 44
245694.32617188 3357679.00421143 16.50374603 19 23 26
245692.41137695 3357679.19525146 16.65084076 40 45 48
245692.88085938 3357681.16107178 16.32547951 61 65 64
245691.49987793 3357680.78198242 16.24705696 74 78 79
245692.37774658 3357681.02191162 16.30850220 58 63 66
245695.26818848 3357680.14910889 16.61272812 45 46 50
245695.17041016 3357681.93792725 16.17593956 31 37 37
245692.37664795 3357683.46063232 16.25156975 110 115 108
245692.86309814 3357682.90820313 16.86792946 13 17 20
245693.69036865 3357680.50878906 16.10352898 63 67 70
245693.41699219 3357682.40863037 16.53903580 32 37 40
245692.00091553 3357679.22326660 16.60283852 38 42 43
245696.28826904 3357681.83367920 16.77418900 51 55 67
245693.77154541 3357679.93914795 16.17700005 65 66 68
245694.68994141 3357682.60565186 16.71139336 38 48 57
245689.85150146 3357682.53527832 16.42005730 40 48 51
245690.41656494 3357679.65234375 16.15176964 115 117 116
245694.88745117 3357682.52716064 16.74716568 24 28 31
245689.76568604 3357680.19757080 16.26864624 104 106 105
245692.63012695 3357681.33380127 16.64940643 52 57 60
245695.43664551 3357681.92279053 16.16552162 48 54 54
245690.78472900 3357679.06689453 16.17171097 79 83 82
245693.56005859 3357682.35327148 16.56040955 37 41 44
245691.40997314 3357679.45397949 16.31402016 59 63 64
245691.08984375 3357683.28070068 16.53618050 44 50 48
245694.00012207 3357679.91888428 16.18544960 56 60 61
245693.07373047 3357683.38348389 16.27199364 49 55 53
245693.33776855 3357681.17565918 16.17280769 59 65 65
245691.71093750 3357682.64086914 16.54015541 24 22 25
245694.41131592 3357683.40087891 16.31638336 40 49 46
245695.30987549 3357682.90362549 16.35470963 48 57 56
245692.32635498 3357680.72363281 16.17579079 70 76 76
245695.29553223 3357683.13128662 16.25930786 35 44 41
245694.57836914 3357681.89208984 16.17985725 59 63 66
245695.22863770 3357682.60925293 16.62729073 35 40 43
245694.50000000 3357679.89764404 16.37884903 36 35 33
245692.15405273 3357678.41571045 16.33510399 49 57 59
245690.02642822 3357680.23773193 16.21320343 97 99 98
245693.81066895 3357678.47241211 16.35125732 26 27 29
245692.36804199 3357682.83654785 16.73910332 26 29 36
245690.17950439 3357679.81604004 16.15490341 94 97 90
245694.56164551 3357681.72363281 16.13983536 40 44 45
245692.06152344 3357680.16186523 16.13020706 78 82 83
245693.27130127 3357679.70452881 16.26280022 52 54 53
245691.14593506 3357680.15258789 16.16128159 86 87 89
245695.18975830 3357680.99926758 16.12379837 68 69 71
245695.27410889 3357680.29931641 16.29274750 48 52 55
245691.40203857 3357679.79852295 16.24946594 80 84 85
245695.90875244 3357679.58050537 16.53451538 27 31 34
245694.33648682 3357683.03765869 16.96686935 33 40 46
245693.65393066 3357681.74322510 16.35361862 52 56 59
245692.44317627 3357681.71478271 16.87821388 190 193 200
245691.85260010 3357682.87744141 16.74080849 40 31 32
245693.23468018 3357678.97491455 17.02033234 147 144 151
245694.79492188 3357680.68896484 16.10770988 54 55 57
245689.71075439 3357681.57708740 16.29763603 95 100 103
245693.69616699 3357679.91882324 16.17979431 62 66 67
245695.62719727 3357678.63122559 16.39270020 72 76 77
245695.21667480 3357680.47802734 16.16094208 53 54 56
245692.72161865 3357680.95330811 16.20746422 58 63 66
245695.99395752 3357681.27386475 16.27637291 48 53 57
245688.85546875 3357681.13037109 16.19799805 105 106 110
245694.93218994 3357678.71166992 16.50432014 29 27 32
245691.87170410 3357680.05590820 16.15024185 73 77 78
245693.56500244 3357680.77856445 16.09543037 61 67 67
245690.14257813 3357679.72491455 16.15801048 101 104 97
245689.91217041 3357681.43383789 16.24180412 91 96 99
245693.62554932 3357678.69458008 16.79583549 82 81 86
245692.20770264 3357681.00012207 16.30744171 66 70 73
245692.75665283 3357679.90130615 16.16138649 82 86 85
245695.63177490 3357682.69653320 16.71579170 139 145 145
245689.92926025 3357682.23303223 16.30330086 65 70 74
245694.53314209 3357681.23144531 16.11067963 82 86 87
245691.90979004 3357679.15991211 16.49128914 38 44 44
245689.94506836 3357679.47174072 16.16612625 106 108 105
245690.81646729 3357680.45404053 16.10722733 85 87 86
245695.27301025 3357681.99713135 16.19779205 36 40 43
245691.61077881 3357681.85388184 16.38049316 22 21 26
245695.73077393 3357682.73541260 16.62867355 64 68 69
245690.87878418 3357681.16485596 16.14868355 41 45 48
245694.25738525 3357679.29321289 16.41317368 45 46 50
245689.03729248 3357681.37115479 16.26854897 100 105 108
245692.60357666 3357680.39196777 16.11843491 63 67 68
245691.42999268 3357680.69213867 16.21010590 82 86 85
245695.37322998 3357679.73760986 16.77532959 19 18 23
245693.57141113 3357679.73138428 16.21658516 64 66 65
245695.59771729 3357678.65338135 16.38811684 91 96 92
245692.83154297 3357682.58374023 16.67202187 7 12 15
245692.16412354 3357681.45355225 16.68893814 48 49 53
245689.25988770 3357682.27539063 16.56595802 89 97 100
245692.71704102 3357680.03363037 16.12646866 83 87 88
245692.11761475 3357679.49737549 16.41223717 50 52 51
245696.52398682 3357682.45800781 16.80416489 74 75 80
245692.13195801 3357682.29522705 16.41107750 31 35 38
245692.60498047 3357681.45953369 16.85656738 46 51 54
245689.36975098 3357681.32861328 16.30068398 100 105 108
245693.78381348 3357679.26672363 16.60739517 74 75 77
245691.85424805 3357681.06970215 16.39007187 59 65 65
245690.63714600 3357682.03472900 16.28927040 56 64 66
245690.68218994 3357682.55493164 16.69266129 27 35 37
245689.96343994 3357680.16259766 16.22165298 103 105 104
245694.20428467 3357681.54559326 16.13076019 54 58 59
245697.16625977 3357682.13287354 16.35651779 27 31 32
245693.67181396 3357681.86309814 16.41794777 43 47 50
245690.48297119 3357679.91687012 16.16117477 82 84 83
245690.71539307 3357680.71252441 16.08835220 76 80 81
245693.48394775 3357680.88397217 16.09316635 69 73 74
245694.95324707 3357680.05718994 16.57111359 33 34 36
245695.44433594 3357682.66998291 16.60933304 87 96 95
245695.79095459 3357682.38867188 16.58541107 34 40 40
245690.41436768 3357680.31878662 16.11823273 84 86 83
245694.99029541 3357678.49652100 16.37164497 15 15 17
245690.54418945 3357680.02368164 16.14775658 84 86 85
245694.24468994 3357683.35791016 16.33523560 41 45 44
245694.95373535 3357683.25433350 16.55642891 46 54 57
245694.19641113 3357682.68682861 16.48409843 16 23 29
245690.47009277 3357682.86688232 16.58976936 11 16 19
245693.22491455 3357678.68463135 16.86599922 40 41 45
245694.56365967 3357683.41577148 16.26425362 39 45 45
245694.90374756 3357680.88879395 16.11200333 69 70 74
245691.85186768 3357679.48364258 16.61938667 31 35 38
245694.99963379 3357678.54077148 16.40144920 21 21 23
245690.25903320 3357679.78210449 16.15068054 82 85 78
245695.99487305 3357681.67498779 16.42034531 60 65 69
245693.95751953 3357679.09838867 16.43762016 24 28 31
245692.87426758 3357679.21301270 16.55224037 24 32 35
245696.96020508 3357682.48345947 16.51489258 23 24 26
245696.35076904 3357681.60296631 16.81060600 175 184 191
245690.80352783 3357681.56579590 16.18499565 54 62 65
245692.18206787 3357682.03845215 16.39922142 20 24 25
245692.31207275 3357681.54937744 16.72949982 62 68 68
245692.41192627 3357681.87750244 16.67798424 11 13 12
245690.36419678 3357682.82647705 16.56641197 40 43 48
245692.15875244 3357683.23901367 16.39204025 27 31 32
245695.63305664 3357682.60241699 16.76720238 142 146 149
245692.75994873 3357679.98803711 16.13496971 71 75 76
245689.03784180 3357680.83306885 16.17056274 105 109 112
245691.50006104 3357683.23052979 16.41930008 17 18 20
245690.44854736 3357682.15612793 16.31831741 61 66 69
245691.36224365 3357680.89837646 16.26347160 73 74 76
245691.11340332 3357678.33648682 16.22990417 74 75 77
245695.47845459 3357681.51544189 16.13291168 59 63 64
245692.77056885 3357682.78387451 16.87320709 20 25 29
245695.89385986 3357679.69195557 16.53325462 19 23 26
245691.76599121 3357680.92163086 16.32106972 69 78 77
245695.03295898 3357683.05456543 16.71775627 25 35 36
245693.26922607 3357678.78491211 17.00626564 131 136 139
245691.67694092 3357681.94366455 16.42251205 16 17 21
245696.02069092 3357681.67840576 16.46363640 44 52 55
245694.38665771 3357683.40411377 16.32440948 44 53 50
245693.39208984 3357681.98388672 16.56321526 42 46 49
245690.30664063 3357679.30554199 16.15307045 104 106 103
245696.32354736 3357681.75500488 16.80210686 22 26 37
245690.96728516 3357683.24353027 16.62533569 39 41 40
245693.58459473 3357682.52770996 16.63223648 23 31 34
245693.49584961 3357682.29547119 16.55120850 42 46 49
245691.19274902 3357681.62994385 16.20348549 54 49 53
245692.65979004 3357680.49468994 16.11884499 64 68 69
245694.91101074 3357682.14758301 16.35507393 30 35 39
245692.04937744 3357681.71673584 16.52534103 45 45 47
245696.04351807 3357681.56201172 16.49744797 36 46 48
245690.97656250 3357681.97332764 16.30598831 52 53 57
245697.00018311 3357681.84368896 16.64145279 28 31 36
245692.59808350 3357681.76019287 16.97787476 42 45 52
245692.97479248 3357682.17114258 16.67259789 15 16 20
245691.98016357 3357682.57122803 16.42164230 21 25 28
245694.72430420 3357678.90148926 16.59382820 61 61 61
245692.99127197 3357679.45227051 16.55882645 37 38 40
245689.38037109 3357680.19915771 16.31454849 104 108 109
245694.30822754 3357680.75354004 16.10552979 53 57 58
245694.81500244 3357679.69256592 16.54547501 32 30 35
245689.86145020 3357680.62377930 16.28370094 97 101 102
245693.35589600 3357683.41412354 16.26583481 18 22 23
245694.88323975 3357680.07836914 16.45882988 29 33 32
245690.66918945 3357682.38745117 16.62334061 8 16 18
245692.57617188 3357681.57745361 16.94924927 154 158 170
245691.04571533 3357683.04431152 16.74049950 33 33 33
245691.23150635 3357682.43865967 16.71975327 4 5 10
245690.69311523 3357680.69500732 16.08910179 81 85 86
245694.98132324 3357678.57556152 16.42262268 29 29 31
245692.71929932 3357682.76074219 16.86085510 18 23 26
245691.37707520 3357678.75799561 16.67214966 70 71 73
245690.36865234 3357678.94171143 16.15230560 105 107 106
245695.67187500 3357680.94604492 16.12989426 62 66 67
245690.53100586 3357678.78491211 16.14579582 89 91 90
245696.00012207 3357682.79046631 16.73519707 46 54 56
245693.21026611 3357679.06304932 16.87753487 175 168 176
245692.67846680 3357680.71832275 16.11858177 68 74 74
245693.68530273 3357679.34655762 16.62611198 60 60 62
245695.26824951 3357682.48846436 16.61833763 31 39 41
245692.19433594 3357679.73492432 16.13319016 84 88 89
245691.33593750 3357679.48596191 16.28343201 67 71 72
245689.70385742 3357682.61035156 16.63451385 46 49 54
245690.91162109 3357678.78070068 16.21998787 59 63 64
245695.21643066 3357682.48394775 16.63503075 31 36 39
245692.07415771 3357682.43756104 16.41678238 22 30 33
245690.41040039 3357679.28533936 16.14730644 113 115 114
245693.05145264 3357681.67340088 16.76086426 31 35 38
245691.95977783 3357681.59716797 16.59942627 39 37 40
245690.99908447 3357680.44946289 16.11934662 94 96 93
245694.23229980 3357682.95458984 16.91430664 18 22 31
245692.84295654 3357681.11590576 16.30037498 61 65 66
245692.22778320 3357679.19647217 16.64652061 42 51 50
245689.80548096 3357681.08227539 16.27241325 95 100 103
245693.85839844 3357678.96490479 16.66240883 18 23 26
245695.15991211 3357681.30633545 16.13252449 59 63 64
245695.35723877 3357680.61907959 16.13524818 67 68 70
245690.78576660 3357682.72778320 16.72487640 27 31 34
245690.62286377 3357680.19927979 16.13018417 85 87 86
245689.01788330 3357681.86102295 16.45091057 102 107 111
245689.75714111 3357682.47912598 16.54933929 46 49 54
245691.23895264 3357678.42425537 16.32986450 67 68 70
245690.96221924 3357681.25952148 16.17851448 42 48 48
245694.94537354 3357680.30181885 16.18825531 50 54 57
245694.34869385 3357678.54583740 16.42393303 17 21 22
245692.65234375 3357682.21478271 16.54699707 30 31 33
245695.43963623 3357679.73614502 16.67572021 41 45 46
245694.17205811 3357681.15417480 16.09527016 61 62 67
245694.81579590 3357682.22161865 16.50760460 31 34 39
245694.36297607 3357681.70611572 16.18471146 50 56 56
245689.57855225 3357682.78015137 16.61912155 75 76 80
245693.12884521 3357683.25390625 16.40809631 33 37 36
245693.65203857 3357682.05419922 16.50380898 38 42 45
245692.90344238 3357681.36749268 16.55099106 55 60 63
245689.61273193 3357680.71441650 16.32329369 96 99 104
245695.28009033 3357680.14739990 16.62282372 45 46 50
245695.34100342 3357682.36956787 16.60858727 22 31 30
245690.59716797 3357682.15008545 16.37517166 53 63 64
245694.61431885 3357680.67498779 16.10918045 68 72 75
245693.07995605 3357681.74151611 16.70990181 30 34 37
245694.95007324 3357679.61309814 16.68715858 17 27 37
245694.32800293 3357680.37231445 16.13474464 59 63 64
245693.59472656 3357681.51586914 16.24124146 58 62 63
245693.17926025 3357678.58843994 16.66051102 9 14 18
245691.71124268 3357681.70989990 16.41284943 49 40 45
245695.89263916 3357680.40875244 16.31227684 29 33 34
245689.20007324 3357680.44079590 16.30482483 114 118 117
245693.00885010 3357678.43176270 16.31005478 30 34 35
245694.45617676 3357678.68499756 16.46699715 27 31 34
245690.73590088 3357682.70831299 16.71076202 24 32 34
245690.39099121 3357680.74621582 16.11187744 78 82 83
245693.23846436 3357679.84600830 16.19083595 60 64 65
245693.74047852 3357681.45874023 16.16832924 52 56 55
245691.62304688 3357679.33898926 16.42374039 57 61 64
245691.52362061 3357683.29638672 16.34136772 45 47 46
245693.87304688 3357679.11242676 16.62529945 8 13 16
245694.04711914 3357678.79608154 16.44717598 25 26 28
245691.09802246 3357679.52728271 16.20663643 88 89 91
245691.57165527 3357683.37158203 16.28840256 51 56 50
245692.91101074 3357680.42395020 16.11712074 70 74 75
245693.98480225 3357679.48028564 16.29496193 46 50 51
245694.16510010 3357679.55859375 16.27614594 47 48 50
245691.48126221 3357680.95971680 16.30410957 74 78 79
245689.43395996 3357680.73022461 16.29407120 103 107 110
245694.26556396 3357683.01770020 17.08238602 36 41 45
245692.82012939 3357681.14007568 16.32142448 60 62 61
245695.80303955 3357681.38348389 16.18172073 60 65 68
245694.27850342 3357683.31207275 16.39719582 32 38 38
245695.13421631 3357679.18878174 16.84866714 18 22 23
245692.73431396 3357680.15728760 16.11983490 80 84 85
245694.23504639 3357680.62902832 16.12218285 56 60 61
245695.51513672 3357678.48236084 16.33909607 14 19 15
245691.18487549 3357678.78656006 16.51780891 70 74 77
245690.41009521 3357679.18157959 16.14843941 109 111 110
245689.51562500 3357682.31054688 16.62290764 119 120 124
245694.73767090 3357682.11761475 16.35305405 21 22 27
245694.59295654 3357682.26464844 16.61555481 36 41 47
245692.27703857 3357680.99938965 16.30059814 62 67 70
245693.04016113 3357682.50811768 16.62042618 28 33 39
245689.33441162 3357680.57800293 16.31020927 108 112 115
245689.58831787 3357680.29998779 16.31806374 104 108 111
245691.41381836 3357682.53216553 16.63052177 6 14 16
245692.74353027 3357678.40020752 16.31520462 32 36 37
245695.67480469 3357679.75036621 16.50414085 17 18 22
245695.80456543 3357679.80053711 16.53965187 24 25 29
245694.40142822 3357678.60217285 16.44069672 29 33 34
245693.23553467 3357678.40197754 16.34982681 19 24 27
245692.69433594 3357683.34625244 16.35651588 48 54 54
245693.79522705 3357678.35955811 16.28685379 24 30 30
245697.21911621 3357681.99182129 16.27343178 33 34 36
245695.60620117 3357681.99768066 16.25728226 45 49 50
245693.93695068 3357680.50366211 16.10588264 68 72 75
245691.91851807 3357682.32415771 16.41841507 12 20 22
245697.04467773 3357682.12506104 16.67489433 58 59 63
245691.63085938 3357678.91894531 16.47003365 89 94 98
245692.71166992 3357683.33801270 16.36618233 29 34 37
245690.66363525 3357682.88385010 16.62790489 20 23 28
245690.90631104 3357679.91180420 16.17651367 91 93 92
245695.76678467 3357679.57678223 16.52346230 19 25 25
245690.16992188 3357682.34301758 16.30455971 59 61 60
245695.05834961 3357680.83166504 16.11542702 68 69 73
245696.04937744 3357681.55273438 16.50998497 36 46 48
245691.68255615 3357679.37823486 16.50032043 58 61 66
245692.36907959 3357682.80798340 16.73080063 27 30 37
245689.74493408 3357680.64556885 16.31339836 93 99 99
245695.08917236 3357678.74176025 16.51363754 22 23 25
245694.98626709 3357682.70257568 16.75893593 29 34 37
245691.82025146 3357682.37823486 16.44599724 25 33 35
245689.47369385 3357682.86926270 16.50319290 23 25 24
245693.69189453 3357678.88031006 16.85037422 112 109 116
245692.72711182 3357681.74560547 16.99897766 245 239 241
245692.56939697 3357681.18737793 16.41362381 48 53 56
245693.96081543 3357683.23760986 16.44968033 65 66 68
245693.15759277 3357682.64782715 16.86923218 58 61 66
245691.68347168 3357680.28027344 16.19984627 80 84 87
245690.42608643 3357680.88751221 16.11386108 73 74 76
245691.53015137 3357681.44598389 16.42233086 71 46 52
245691.24389648 3357681.59069824 16.22862244 55 49 53
245695.36877441 3357680.22607422 16.48311234 54 58 61
245693.13311768 3357680.68719482 16.11185837 58 62 63
245694.14477539 3357681.64855957 16.15921783 48 52 51
245692.71185303 3357681.20214844 16.39459801 50 54 55
245693.50036621 3357679.09252930 17.06961441 92 89 96
245693.75268555 3357679.68572998 16.22767830 56 57 59
245695.83215332 3357682.91943359 16.51963997 128 129 131
245688.96838379 3357680.68981934 16.20199585 105 110 113
245693.91235352 3357682.41271973 16.50604057 15 20 23
245691.33587646 3357680.28710938 16.15859985 86 90 91
245695.52606201 3357680.12829590 16.60523033 43 44 48
245691.46240234 3357679.82379150 16.25875282 81 85 84
245696.08929443 3357681.30725098 16.40646362 43 53 55
245689.72784424 3357681.72705078 16.30264473 84 89 92
245694.75274658 3357682.13140869 16.37299347 30 31 35
245694.58551025 3357682.75445557 16.58359146 44 54 64
245692.83001709 3357683.08770752 16.78701782 0 6 6
245696.61968994 3357682.54241943 16.84624481 46 45 51
245692.47808838 3357679.73687744 16.18049049 70 74 73
245694.71978760 3357678.73297119 16.49370956 19 19 19
245695.79974365 3357679.00097656 16.42706490 21 26 29
245695.96807861 3357682.96850586 16.65835190 43 48 44
245690.24212646 3357682.47967529 16.44453812 31 35 38
245696.83435059 3357682.12182617 16.87699318 5 6 10
245691.15838623 3357681.75976563 16.18441200 54 52 55
245695.22662354 3357679.09136963 16.66250420 21 21 23
245695.82977295 3357678.94024658 16.41863823 24 29 32
245692.89898682 3357682.14685059 16.69478035 35 40 44
245695.93572998 3357679.35260010 16.54717636 12 16 19
245692.14233398 3357679.62921143 16.16493225 61 61 63
245694.33880615 3357679.48260498 16.35682487 40 44 45
245695.81097412 3357682.40411377 16.58996964 31 37 37
245692.97668457 3357678.76550293 16.68655777 31 34 39
245689.93566895 3357680.78936768 16.26623726 89 95 95
245696.98461914 3357682.36285400 16.55275536 8 9 13
245690.50317383 3357681.51989746 16.16920471 66 74 77
245690.38739014 3357682.61602783 16.54137230 51 54 61
245695.93389893 3357680.35211182 16.57488441 47 51 54
245691.35729980 3357679.36401367 16.28412819 70 74 75
245692.30529785 3357682.82397461 16.70679855 27 30 35
245693.05999756 3357679.63299561 16.39769745 22 22 22
245690.64813232 3357679.86773682 16.16808510 84 88 89
245692.88629150 3357680.54577637 16.11481667 67 68 70
245692.86895752 3357679.24139404 16.54597092 27 32 35
245693.21826172 3357683.26873779 16.38524055 15 17 16
245691.73870850 3357681.92810059 16.41123009 22 22 24
245694.59967041 3357682.09539795 16.34619331 19 24 27
245691.57629395 3357681.32592773 16.47899628 33 22 26
245690.92626953 3357680.57965088 16.10429001 69 73 74
245695.90881348 3357679.29180908 16.52857780 17 21 24
245692.03417969 3357681.52917480 16.64709663 54 54 56
245694.62475586 3357679.74670410 16.42253685 38 38 40
245695.31408691 3357682.59899902 16.61736870 32 40 42
245695.49133301 3357679.38916016 16.75658035 22 22 24
245694.33642578 3357683.16003418 16.77313614 26 33 39
245693.89617920 3357683.25598145 16.58968735 20 23 28
245692.43157959 3357682.24572754 16.51931381 57 60 67
245695.55651855 3357681.14544678 16.13106346 72 73 75
245692.23742676 3357681.10314941 16.38266373 55 61 61
245693.24053955 3357682.94482422 16.70108795 205 212 220
245694.36083984 3357682.64642334 16.45443153 25 32 38
245695.17053223 3357682.75854492 16.63254929 31 41 42
245694.21673584 3357683.28894043 16.45445824 29 33 32
245696.21374512 3357681.62841797 16.76587105 193 198 204
245691.94812012 3357681.93579102 16.40457916 41 47 47
245689.72058105 3357681.19110107 16.25827789 91 96 99
245693.03405762 3357679.55828857 16.50732613 12 14 13
245695.31097412 3357681.76684570 16.13491631 39 43 44
245692.91687012 3357683.26721191 16.45074272 35 41 41
245691.42797852 3357679.26690674 16.27990723 64 68 71
245692.16485596 3357680.29321289 16.13190842 71 75 76
245693.54193115 3357680.79577637 16.09533882 66 72 72
245695.84008789 3357679.53918457 16.53710938 16 20 23
245688.83618164 3357680.87591553 16.19269180 97 101 104
245693.71691895 3357683.02099609 16.66314125 30 35 39
245696.40374756 3357682.61114502 16.88101959 16 24 27
245693.58905029 3357683.34527588 16.30828476 17 19 18
245695.86553955 3357681.89160156 16.31618309 45 50 54
245693.09838867 3357678.81329346 16.90671158 38 37 42
245689.28814697 3357682.20611572 16.57354164 93 101 103
245689.87921143 3357682.34576416 16.37384796 62 65 70
245694.00372314 3357680.30291748 16.11490631 51 55 58
245690.70245361 3357681.64398193 16.20154381 66 74 77
245696.48339844 3357681.79443359 16.84258652 17 20 25
245693.71954346 3357682.72460938 16.68416595 28 35 41
245695.76135254 3357679.70733643 16.51001358 19 20 24
245691.71887207 3357681.25579834 16.50921631 58 69 65
245690.69598389 3357682.25659180 16.50942802 44 52 54
245691.34857178 3357682.35461426 16.63308144 14 19 23
245691.37481689 3357680.80554199 16.23874855 76 77 79
245693.15802002 3357682.76348877 16.96163559 221 221 223
245695.04718018 3357682.69415283 16.72288132 29 34 37
245695.96667480 3357681.40026855 16.29529190 48 53 56
245693.29711914 3357680.78601074 16.10264015 63 67 68
245690.86340332 3357681.76727295 16.22156906 51 56 59
245692.76007080 3357679.52813721 16.38982773 50 50 48
245689.50164795 3357682.51635742 16.69936180 141 145 148
245694.39343262 3357681.92663574 16.30270386 41 45 48
245690.90618896 3357679.92742920 16.17640877 91 93 92
245692.39379883 3357683.24810791 16.42799759 41 41 41
245689.79992676 3357679.70135498 16.16985512 110 112 109
245689.88635254 3357681.61956787 16.25413322 91 96 99
245694.95751953 3357682.96679688 16.81949997 18 24 22
245694.58520508 3357681.47143555 16.12076187 60 61 65
245693.32446289 3357681.42132568 16.31533241 49 58 57
245696.21026611 3357681.51226807 16.76825523 128 136 139
245695.19335938 3357683.03955078 16.43686295 23 32 31
245694.29595947 3357682.16998291 16.51474762 38 46 48
245693.19122314 3357680.81964111 16.10439301 61 65 66
245696.72003174 3357682.36968994 16.76779556 4 3 8
245689.76824951 3357681.50799561 16.28604889 96 101 104
245697.07330322 3357682.59368896 16.34802246 31 35 36
245690.59478760 3357678.63281250 16.19057274 95 99 98
245694.66503906 3357680.74377441 16.10381889 51 52 54
245697.36138916 3357682.37762451 16.33761787 85 87 86
245692.93060303 3357679.26354980 16.55478668 31 36 39
245696.68206787 3357681.73144531 16.78277016 3 8 14
245695.31323242 3357681.09106445 16.12964058 66 67 69
245693.40679932 3357679.76373291 16.21528244 63 64 66
245694.03234863 3357679.57385254 16.26676559 45 49 50
245689.85803223 3357682.35205078 16.39229774 61 64 69
245696.34808350 3357681.78289795 16.79984283 22 26 37
245694.86492920 3357682.32464600 16.66791916 30 33 38
245693.76116943 3357678.54052734 16.42054367 32 33 35
245695.31176758 3357679.82800293 16.85682106 32 36 39
245690.00488281 3357679.38128662 16.16818428 108 110 107
245688.96759033 3357681.92694092 16.45654297 101 111 113
245696.75830078 3357682.53125000 16.69585228 22 23 25
245690.80267334 3357680.44537354 16.10729790 85 87 86
245695.86431885 3357681.75732422 16.23344040 39 44 48
245691.99316406 3357682.16070557 16.38876343 33 41 43
245692.49188232 3357682.68511963 16.69792366 8 11 18
245695.53082275 3357681.52868652 16.13464355 59 63 64
245695.14208984 3357681.62677002 16.13504601 60 64 65
245695.26831055 3357680.28851318 16.30610847 51 55 58
245689.10333252 3357681.19830322 16.22338104 103 108 111
245695.00994873 3357681.39862061 16.13170242 61 65 66
245696.54516602 3357682.24511719 16.84757996 15 16 21
245691.65191650 3357681.38690186 16.53445053 31 20 24
245693.57293701 3357681.59143066 16.29415131 54 58 59
245692.00134277 3357679.40759277 16.58193207 29 38 37
245691.95312500 3357678.92681885 16.52869606 41 47 47
245690.98272705 3357681.38806152 16.18128395 52 56 59
245690.78424072 3357683.04296875 16.60497284 28 29 31
245695.46057129 3357682.09197998 16.30788612 40 44 45
245689.95874023 3357682.43402100 16.37322235 46 50 53
245694.69421387 3357682.64642334 16.65593910 53 63 72
245694.47308350 3357682.02825928 16.36953163 14 15 20
245691.71972656 3357681.90887451 16.40230942 31 31 33
245693.21630859 3357682.74578857 16.89918709 181 182 186
245690.58441162 3357681.39605713 16.14379501 67 72 76
245695.02929688 3357680.89416504 16.11662483 60 64 65
245693.84710693 3357679.84661865 16.19708061 56 60 61
245693.26635742 3357680.57562256 16.11565971 63 67 68
245695.11816406 3357681.60571289 16.13505936 60 64 65
245693.53662109 3357680.65997314 16.10133743 61 67 67
245694.07366943 3357681.94219971 16.37813759 33 38 41
245692.09204102 3357680.51544189 16.16195107 75 79 82
245692.58007813 3357682.54901123 16.57085419 26 29 36
245693.94610596 3357682.82202148 16.63216019 11 18 24
245692.26837158 3357680.70343018 16.17693329 67 73 73
245691.60729980 3357680.90258789 16.29825974 61 67 67
245693.34790039 3357679.10992432 16.96626091 155 149 159
245692.21331787 3357681.20117188 16.47165489 63 67 68
245692.68536377 3357680.03710938 16.12924194 81 85 86
245692.88720703 3357682.30364990 16.60604858 56 63 71
245694.87866211 3357682.10693359 16.29669952 32 37 40
245689.47973633 3357680.37261963 16.33565903 105 109 110
245690.92852783 3357682.88732910 16.74394989 33 37 38
245690.91833496 3357682.97192383 16.72297478 28 32 33
245693.19146729 3357679.29095459 16.65929031 20 25 28
245692.91912842 3357683.42504883 16.27685547 107 118 110
245695.43994141 3357682.71667480 16.53926849 31 39 41
245692.17089844 3357679.98748779 16.11476898 67 71 72
245689.99084473 3357681.97650146 16.22059822 74 79 82
245694.63739014 3357681.19348145 16.11306000 64 68 69
245691.65722656 3357681.67651367 16.39152145 54 43 47
245691.93139648 3357679.07110596 16.49010277 39 43 44
245689.57189941 3357680.29724121 16.32138252 102 106 109
245691.78363037 3357682.44592285 16.45974350 33 38 41
245690.68731689 3357682.29431152 16.58528709 23 28 31
245691.75958252 3357680.61029053 16.22904587 73 78 81
245689.62835693 3357681.95806885 16.39580154 92 96 99
245693.18994141 3357678.74633789 16.94141579 84 88 91
245689.99029541 3357683.07617188 16.43003464 78 84 84
245691.09857178 3357679.90802002 16.20457268 82 84 83
245693.28533936 3357683.26586914 16.39124107 25 30 26
245692.40625000 3357682.72344971 16.70108604 50 53 58
245692.89202881 3357679.18249512 16.55746841 40 48 51
245693.17889404 3357679.82525635 16.19461441 60 64 65
245691.58856201 3357683.45727539 16.25467682 36 47 33
245694.07556152 3357682.30236816 16.40123558 34 39 42
245694.85791016 3357679.56066895 16.54285431 27 37 39
245697.12963867 3357682.17968750 16.43998718 42 43 45
245695.20751953 3357681.64154053 16.13480568 52 53 55
245694.35705566 3357681.87976074 16.27628136 49 53 56
245690.10998535 3357682.20733643 16.23721695 37 46 45
245695.18707275 3357679.94403076 16.84812164 126 127 131
245694.00158691 3357681.13049316 16.08843422 66 70 71
245691.37774658 3357678.68865967 16.66632843 72 73 75
245693.45861816 3357678.52294922 16.60717010 6 10 13
245691.91027832 3357680.17462158 16.15218735 73 74 78
245693.91406250 3357678.60021973 16.39632988 29 30 32
245693.66479492 3357682.26446533 16.54390717 28 32 35
245693.75201416 3357679.30120850 16.61274338 82 83 85
245694.49194336 3357682.11511230 16.47346687 18 21 26
245689.83081055 3357679.95141602 16.21376610 102 104 101
245693.54254150 3357681.22003174 16.14391136 59 63 66
245694.66760254 3357682.01043701 16.21150970 27 32 35
245691.17486572 3357682.96057129 16.78586578 30 32 31
245691.81683350 3357680.22894287 16.17261124 77 81 84
245691.47479248 3357682.20166016 16.53916359 15 25 27
245695.65124512 3357683.16638184 16.24787331 76 82 80
245694.64782715 3357679.04309082 16.62415504 9 10 14
245693.77056885 3357680.73297119 16.09161377 63 68 71
245695.88378906 3357679.28283691 16.52733803 17 22 25
245691.04461670 3357683.01812744 16.74551964 31 33 32
245693.02215576 3357681.24890137 16.36175346 52 61 58
245690.26391602 3357681.96008301 16.18025398 55 63 65
245695.37054443 3357680.74682617 16.12044144 69 71 70
245694.89447021 3357678.42639160 16.33493233 24 26 25
245694.81738281 3357682.40112305 16.75991249 26 30 33
245690.27764893 3357682.86480713 16.49970245 33 38 42
245697.01647949 3357681.94647217 16.75952721 54 55 59
245694.77368164 3357683.26593018 16.42919159 34 39 42
245695.08868408 3357679.81518555 16.91845131 183 190 200
245690.86309814 3357682.17388916 16.52303314 16 20 23
245691.92687988 3357682.76947021 16.61463165 10 5 9
245692.95239258 3357679.42163086 16.54848289 36 37 39
245691.23480225 3357679.43377686 16.24564362 76 80 83
245693.13818359 3357683.26806641 16.38365936 34 38 37
245693.09332275 3357678.91168213 16.79540062 162 165 170
245691.94726563 3357681.27246094 16.55913925 55 59 60
245691.30102539 3357682.62713623 16.72351837 16 17 21
245690.04052734 3357679.34625244 16.16797447 110 112 109
245691.50939941 3357678.88769531 16.57704163 74 82 84
245694.26049805 3357680.41204834 16.12977409 62 66 69
245694.68902588 3357682.07373047 16.28992653 55 59 62
245692.88702393 3357682.60736084 16.74507141 19 27 30
245691.59613037 3357680.67333984 16.22971153 73 79 77
245693.33770752 3357679.16729736 16.87089729 161 148 158
245692.00421143 3357682.71972656 16.55327606 17 18 22
245694.49609375 3357683.31683350 16.34501266 45 51 51
245689.05541992 3357681.19610596 16.21610641 104 109 112
245691.97589111 3357681.76831055 16.45024490 40 41 45
245689.99487305 3357680.80120850 16.24091530 90 95 98
245691.54638672 3357680.89630127 16.28984070 70 74 75
245693.00537109 3357682.71392822 17.02185631 25 25 23
245695.47113037 3357679.51635742 16.74700546 65 64 69
245694.28759766 3357678.74475098 16.47522736 25 29 32
245691.02557373 3357683.27935791 16.55758476 46 51 47
245691.43310547 3357681.48657227 16.32229614 65 44 49
245694.53479004 3357682.23626709 16.57027817 8 15 21
245691.82012939 3357678.35607910 16.35457611 42 48 44
245690.44091797 3357683.22863770 16.40473557 54 60 60
245690.92132568 3357681.19677734 16.16273499 34 38 39
245690.55291748 3357682.78247070 16.62624359 18 23 26
245691.69995117 3357682.92938232 16.80541229 49 30 32
245689.13977051 3357680.64312744 16.24948120 104 108 111
245693.10034180 3357682.53186035 16.64109612 30 35 41
245694.51849365 3357678.65618896 16.44344139 25 26 28
245692.21838379 3357679.41101074 16.43980026 34 40 40
245696.19671631 3357682.19140625 16.65811729 27 37 39
245695.76196289 3357678.78546143 16.43947411 16 17 21
245694.17852783 3357682.53680420 16.39671898 25 30 34
245690.86096191 3357681.43554688 16.16289520 55 63 65
245694.77966309 3357680.89508057 16.10783768 59 60 64
245695.47924805 3357683.07891846 16.19387627 27 36 35
245689.26049805 3357681.39508057 16.30677032 101 107 107
245693.67132568 3357679.78887939 16.20540810 58 60 59
245690.40270996 3357679.00836182 16.15025139 104 106 105
245692.97180176 3357679.51263428 16.54510498 33 35 34
245689.43188477 3357681.08471680 16.23235893 93 97 100
245691.53161621 3357679.75494385 16.35138893 68 72 73
245694.21490479 3357683.15026855 16.89956665 23 28 32
245691.12414551 3357678.82360840 16.47317123 60 66 66
245693.12298584 3357679.31091309 16.62069321 26 36 37
245694.03540039 3357679.92108154 16.18566895 58 62 63
245690.25726318 3357680.92309570 16.13681793 63 64 66
245695.83630371 3357680.12231445 16.69777489 12 17 20
245693.10534668 3357678.44860840 16.35260201 21 25 28
245695.35150146 3357682.64611816 16.58052254 25 33 35
245693.53283691 3357678.73950195 16.90678024 65 65 67
245691.65887451 3357680.85870361 16.28905296 72 77 80
245695.09783936 3357683.26367188 16.41879845 30 39 38
245693.32128906 3357681.04821777 16.13099098 59 65 65
245689.84344482 3357679.99432373 16.21991730 99 101 100
245693.06616211 3357682.43218994 16.61767578 27 32 38
245696.66131592 3357682.42718506 16.79396629 33 34 36
245692.33410645 3357679.95440674 16.11620903 75 81 79
245692.20538330 3357678.42657471 16.36619759 107 117 118
245696.98327637 3357682.21276855 16.64332008 15 16 18
245695.25280762 3357683.13165283 16.30046272 32 38 34
245689.14996338 3357681.46636963 16.31475639 104 109 112
245693.08630371 3357678.91650391 16.74326515 150 153 158
245694.40563965 3357682.16583252 16.53558922 52 57 61
245689.70098877 3357682.12530518 16.40829277 71 75 78
245696.59881592 3357681.95825195 16.90012169 22 25 34
245695.24359131 3357678.91375732 16.51756287 21 23 22
245692.53930664 3357683.02655029 16.77470016 146 156 155
245696.24133301 3357682.11822510 16.71589279 53 64 66
245693.14624023 3357680.61547852 16.11871719 63 69 69
245693.18548584 3357678.65301514 16.79810333 30 34 37
245690.63555908 3357681.72998047 16.22058105 57 65 68
245691.85260010 3357680.62042236 16.21533775 68 73 76
245691.41119385 3357679.06811523 16.34957695 34 42 44
245692.85687256 3357683.01123047 16.84663773 4 12 14
245692.70391846 3357681.03314209 16.26537704 55 60 63
245694.04046631 3357680.16894531 16.14069366 65 69 72
245694.01849365 3357683.22460938 16.67057610 28 29 34
245693.27685547 3357679.21582031 16.73115540 29 18 22
245691.49621582 3357678.96301270 16.43580055 75 83 85
245689.84582520 3357681.68322754 16.26769829 89 92 97
245690.97131348 3357682.21990967 16.62400627 69 73 76
245694.22521973 3357680.32861328 16.12941742 58 62 63
245695.01470947 3357680.55987549 16.11706543 63 67 68
245691.87408447 3357681.52838135 16.62105560 48 42 46
245691.69165039 3357679.41430664 16.54095650 60 64 67
245692.38000488 3357680.35394287 16.11635017 76 80 81
245690.49554443 3357679.50799561 16.14962769 90 94 93
245694.56048584 3357682.63647461 16.62162399 53 62 71
245690.28717041 3357682.44836426 16.43423462 27 30 35
245695.07379150 3357682.01202393 16.22137070 40 45 49
245690.80084229 3357681.37115479 16.14840317 61 66 70
245695.16241455 3357680.78448486 16.11651611 60 64 65
245689.03271484 3357680.71221924 16.20321846 105 110 113
245695.33612061 3357680.04913330 16.70165634 38 39 41
245695.15045166 3357682.94433594 16.55581284 31 39 41
245694.92132568 3357679.56329346 16.62660408 9 19 31
245694.33868408 3357679.60888672 16.30494308 43 47 50
245694.39019775 3357681.33374023 16.10914421 58 62 63
245694.16979980 3357682.92279053 16.74198151 26 33 43
245690.80450439 3357683.05224609 16.60893250 31 32 34
245695.63488770 3357682.53619385 16.74535561 50 51 55
245693.11572266 3357678.93218994 16.83687782 181 180 186
245693.34637451 3357678.79864502 17.04767609 27 31 34
245692.25634766 3357682.57550049 16.52715874 33 41 44
245690.50982666 3357678.43682861 16.64097023 20 24 27
245690.52465820 3357682.14343262 16.34940910 51 59 61
245689.95794678 3357682.65270996 16.41201401 43 47 50
245694.22485352 3357681.64965820 16.15901184 55 59 62
245691.17211914 3357681.57617188 16.20534134 54 49 53
245696.05194092 3357681.43237305 16.42741966 40 50 52
245695.74877930 3357679.21160889 16.51183510 15 21 21
245695.18450928 3357679.65545654 17.01622772 17 18 23
245695.03881836 3357679.37622070 16.98546600 127 131 134
245692.17163086 3357682.62670898 16.51009750 28 32 35
245689.63317871 3357682.25750732 16.52135849 35 39 40
245695.79583740 3357681.68847656 16.18413162 48 52 53
245691.36968994 3357683.01531982 16.81101418 36 27 32
245695.03662109 3357682.88623047 16.75865555 29 38 35
245697.11547852 3357681.85217285 16.35603714 31 35 36
245693.01434326 3357683.05688477 16.69284058 26 30 33
245691.76684570 3357679.17987061 16.40200043 38 39 41
245692.37689209 3357681.63531494 16.81023216 48 52 55
245694.25897217 3357680.26574707 16.14190102 50 54 57
245692.09429932 3357678.55169678 16.52167320 162 170 173
245693.69195557 3357681.28820801 16.12842369 54 60 60
245690.66290283 3357682.20666504 16.44857979 52 60 62
245691.55792236 3357679.83221436 16.27110291 78 82 83
245691.24005127 3357683.20715332 16.56726646 28 34 32
245695.19940186 3357682.35223389 16.57386780 33 39 39
245690.60705566 3357682.18688965 16.41771317 51 61 62
245695.30474854 3357678.67077637 16.42891693 60 62 61
245693.25701904 3357679.60345459 16.32520866 45 49 48
245695.57476807 3357679.46527100 16.66084671 12 13 17
245695.67175293 3357680.03131104 16.62883568 42 43 47
245696.34106445 3357682.22448730 16.76579285 10 15 19
245694.79833984 3357679.70129395 16.53148842 30 25 31
245693.57141113 3357679.36743164 16.63185310 42 44 43
245692.01275635 3357682.05761719 16.37664795 30 38 40
245691.06616211 3357678.86370850 16.36374283 73 78 81
245690.60815430 3357682.43536377 16.59968567 32 42 43
245690.06158447 3357681.12396240 16.18972206 91 97 97
245690.57989502 3357682.83868408 16.61877251 20 25 28
245694.26263428 3357682.59686279 16.42340660 13 21 23
245692.66760254 3357680.35919189 16.11883354 69 73 74
245691.68115234 3357679.73046875 16.46429825 13 14 16
245690.93255615 3357683.24603271 16.61587524 46 48 45
245692.93591309 3357683.33459473 16.32946396 23 29 29
245693.01336670 3357681.80426025 16.77187920 22 27 31
245690.75518799 3357679.98925781 16.15402603 91 93 92
245694.17401123 3357678.91796875 16.46198654 29 34 37
245692.96276855 3357683.23352051 16.50358200 30 34 35
245693.82202148 3357683.25292969 16.63889885 112 119 125
245692.24121094 3357678.98852539 16.74814606 49 58 53
245695.35668945 3357680.52777100 16.16302490 69 70 72
245689.15863037 3357681.71252441 16.41234589 90 95 98
245693.87084961 3357681.87756348 16.35947037 38 46 48
245693.86901855 3357679.88195801 16.19037437 56 60 61
245693.07452393 3357679.67504883 16.30647469 33 37 36
245689.93780518 3357679.66778564 16.16119766 100 102 99
245692.42047119 3357681.30804443 16.56468582 53 57 60
245694.03765869 3357678.40557861 16.31733894 17 25 27
245691.33685303 3357681.04382324 16.30013084 73 77 78
245690.81707764 3357680.82489014 16.10243416 67 67 67
245689.56762695 3357681.19647217 16.26421928 91 95 98
245691.44683838 3357682.52301025 16.61425209 16 21 24
245694.95916748 3357679.46893311 16.66050529 111 124 140
245695.13647461 3357682.85369873 16.61478996 30 40 39
245691.10290527 3357681.70007324 16.17614365 52 51 56
245692.65905762 3357681.24993896 16.45941544 43 48 51
245692.13928223 3357681.70745850 16.58445168 48 49 51
245690.55895996 3357682.24407959 16.43256378 45 53 55
245690.63092041 3357681.86486816 16.24381065 59 64 68
245692.03765869 3357678.88751221 16.68296814 63 71 73
245693.05303955 3357679.01562500 16.60682487 56 60 63
245694.62469482 3357679.57910156 16.42177582 37 41 42
245689.31280518 3357680.55126953 16.31657791 101 107 107
245697.06127930 3357681.86779785 16.53732300 36 40 43
245693.05657959 3357680.35479736 16.12705612 69 69 71
245695.13073730 3357678.68029785 16.48216057 21 20 25
245690.89306641 3357682.32751465 16.78425026 0 0 2
245692.25531006 3357681.78283691 16.55420494 40 44 45
245694.18743896 3357680.35504150 16.12626839 50 54 57
245691.77032471 3357679.59503174 16.60782051 37 38 42
245694.48077393 3357682.97906494 16.80974960 53 63 72
245691.88745117 3357681.82672119 16.41628075 42 43 45
245693.84924316 3357680.13311768 16.13941574 62 66 69
245694.02746582 3357682.76190186 16.58832932 9 16 22
245691.37878418 3357680.18536377 16.17249298 81 85 86
245690.73718262 3357679.57171631 16.17570114 85 87 86
245689.43395996 3357680.95196533 16.24349594 102 107 110
245690.31750488 3357679.73889160 16.14835167 110 113 106
245694.23510742 3357680.09973145 16.16822815 39 43 46
245693.76739502 3357678.49530029 16.37702942 25 29 30
245689.89599609 3357680.76190186 16.28303909 92 98 98
245691.76593018 3357681.12512207 16.42941093 64 70 70
245695.45074463 3357682.92504883 16.26719475 32 41 40
245697.05194092 3357682.57727051 16.37765503 26 32 30
245695.10192871 3357681.05285645 16.12330246 63 64 66
245692.37609863 3357683.28326416 16.35341835 36 37 39
245694.41394043 3357679.40637207 16.44424438 56 57 59
245693.05621338 3357680.23724365 16.13166809 70 74 75
245691.55895996 3357682.37414551 16.55034447 19 29 31
245692.69531250 3357683.25653076 16.52285194 22 31 30
245697.27661133 3357682.24932861 16.30544472 67 71 72
245689.63513184 3357680.48834229 16.32245827 99 104 107
245693.27252197 3357679.97064209 16.15929985 57 63 63
245689.97912598 3357679.66113281 16.16120911 102 104 101
245693.60137939 3357683.16113281 16.62016106 32 35 40
245692.65393066 3357682.14678955 16.54745865 25 26 30
245694.57012939 3357679.52941895 16.42180061 34 35 37
245696.17022705 3357681.42352295 16.67832756 21 31 32
245689.76098633 3357683.03326416 16.40307426 86 90 93
245692.51831055 3357678.53240967 16.53380775 49 54 50
245694.06140137 3357682.64575195 16.48758316 12 22 24
245693.26934814 3357679.27386475 16.68259811 27 22 26
245693.71240234 3357679.17260742 16.94728470 101 102 107
245694.37841797 3357679.97576904 16.24785995 92 95 84
245689.75781250 3357682.62286377 16.50729370 82 85 90
245693.86718750 3357682.82501221 16.66584015 55 59 68
245688.96612549 3357681.56854248 16.32514191 97 102 105
245691.59381104 3357681.74029541 16.31621552 49 40 45
245689.95147705 3357682.86596680 16.38050842 39 42 47
245692.04309082 3357683.42150879 16.26987267 115 121 111
245691.12835693 3357682.70483398 16.78349304 21 24 29
245694.90789795 3357682.37377930 16.71765137 34 38 41
245692.77368164 3357678.77807617 16.61435127 43 47 50
245689.19958496 3357681.16491699 16.22616196 102 107 110
245695.34301758 3357679.27032471 16.86891174 23 21 26
245689.93554688 3357681.66119385 16.24065590 88 92 95
245689.61987305 3357680.31701660 16.31287766 104 108 109
245690.19305420 3357680.63507080 16.15777969 91 93 92
245692.96557617 3357681.66973877 16.86217308 23 28 31
245690.85162354 3357679.64489746 16.19082069 86 88 87
245692.03729248 3357681.93542480 16.37347221 36 42 42
245692.90039063 3357678.52282715 16.41367149 28 32 33
245689.62048340 3357680.41418457 16.32265854 96 102 102
245693.27313232 3357678.62103271 16.77524376 19 20 25
245689.74279785 3357681.48803711 16.28750801 91 96 99
245695.01245117 3357678.82427979 16.56031418 44 48 51
245693.11822510 3357679.49761963 16.53474808 16 16 18
245693.04565430 3357680.94842529 16.15482712 62 68 68
245693.07342529 3357679.69586182 16.26958275 54 58 57
245689.92718506 3357679.99291992 16.20425224 100 102 101
245691.22119141 3357682.96362305 16.79550934 31 31 33
245693.43225098 3357678.51348877 16.59787178 9 13 16
245694.93786621 3357679.64990234 16.67355537 9 17 28
245695.43603516 3357682.49395752 16.69808960 116 122 120
245692.36187744 3357682.93127441 16.75961494 29 34 38
245691.87518311 3357679.52880859 16.63868523 35 39 42
245693.33386230 3357679.69439697 16.25981522 51 52 54
245693.27124023 3357681.65277100 16.54002762 48 52 55
245694.47192383 3357681.49951172 16.11772346 61 62 66
245693.38671875 3357680.80120850 16.09946823 65 69 70
245691.73925781 3357680.93499756 16.32273293 70 79 78
245694.82366943 3357679.76208496 16.59297562 46 40 44
245690.33728027 3357680.46252441 16.12804985 69 69 67
245694.67761230 3357680.65557861 16.11052132 48 52 55
245692.11779785 3357679.50817871 16.38039780 59 61 60
245695.52313232 3357682.61383057 16.73157883 150 156 156
245694.05865479 3357679.80700684 16.20909691 56 62 62
245696.81457520 3357682.02947998 16.95730972 27 28 33
245692.17260742 3357679.52185059 16.28653526 37 38 40
245693.90368652 3357682.03771973 16.42637444 40 48 50
245690.95178223 3357683.26544189 16.57969284 45 49 48
245691.81304932 3357683.06768799 16.74507332 69 59 58
245695.19195557 3357681.39849854 16.13401222 64 65 67
245693.20495605 3357681.34063721 16.33841324 51 55 54
245694.14642334 3357680.19482422 16.14486122 54 58 61
245693.73162842 3357678.85760498 16.76897240 13 17 18
245690.05395508 3357680.12091064 16.19725037 105 107 106
245695.15289307 3357682.90667725 16.56219101 29 39 38
245691.24615479 3357680.61151123 16.16573524 84 88 89
245689.54797363 3357681.18432617 16.26368523 91 95 98
245690.74273682 3357682.89617920 16.65161514 17 21 24
245694.36535645 3357683.30364990 16.42379189 39 43 44
245690.43969727 3357679.04760742 16.14805412 112 113 115
245689.42846680 3357681.84124756 16.43907547 94 100 98
245694.21820068 3357680.07141113 16.17168427 51 55 58
245695.08673096 3357679.56469727 17.01396751 167 166 174
245694.86950684 3357678.58221436 16.41621780 45 46 50
245692.05316162 3357679.86663818 16.12906456 66 70 69
245689.11328125 3357680.67059326 16.23402786 104 107 112
245691.38616943 3357682.42633057 16.63301659 14 22 24
245693.39508057 3357679.33203125 16.66871834 18 16 17
245696.26757813 3357681.50964355 16.77928352 149 154 158
245692.85064697 3357683.36712646 16.30188560 40 49 46
245694.23114014 3357679.18377686 16.42898369 30 31 33
245694.54174805 3357681.93249512 16.23058701 47 51 54
245691.10217285 3357681.82366943 16.22093010 52 51 56
245691.90319824 3357681.83190918 16.41542244 42 43 45
245692.96710205 3357681.26708984 16.40872002 48 57 56
245689.83123779 3357681.48547363 16.26694107 89 94 97
245693.99188232 3357679.09698486 16.41807556 52 56 57
245692.80029297 3357680.02532959 16.12646484 69 73 74
245693.14520264 3357680.46984863 16.12952614 67 67 69
245694.99298096 3357682.09680176 16.25755310 39 45 45
245691.42089844 3357683.18511963 16.55757904 12 18 18
245691.92498779 3357681.09631348 16.40711594 59 68 67
245693.04852295 3357683.01660156 16.71614838 28 33 36
245689.57281494 3357682.87347412 16.48465919 20 21 23
245691.02227783 3357682.62817383 16.81175995 16 21 25
245689.72631836 3357681.21179199 16.26016998 92 97 100
245695.63757324 3357682.86614990 16.39647675 106 110 111
245693.98297119 3357679.37854004 16.31034470 41 43 42
245691.92230225 3357681.77697754 16.43361282 44 45 47
245694.69488525 3357681.74700928 16.13410187 58 59 63
245691.30822754 3357683.27288818 16.42513275 39 45 45
245695.30480957 3357680.21197510 16.48383904 52 53 57
245694.12512207 3357682.06555176 16.42274284 36 40 43
245696.02862549 3357682.08563232 16.52814865 34 39 43
245696.13696289 3357682.07543945 16.62629890 38 43 47
245695.11303711 3357681.92468262 16.17505646 47 51 52
245694.78979492 3357681.48480225 16.12845039 62 63 67
245691.08056641 3357682.87860107 16.78143692 37 38 40
245695.51525879 3357680.21264648 16.57122803 53 57 60
245695.21636963 3357680.35852051 16.22240448 52 56 59
245693.41113281 3357681.57830811 16.38014793 46 50 53
245691.91058350 3357683.21936035 16.41562653 13 14 16
245693.70117188 3357678.69183350 16.68609047 23 24 26
245694.67919922 3357679.03063965 16.63662529 2 3 5
245694.20043945 3357683.31176758 16.39380646 22 28 26
245695.02996826 3357680.90875244 16.11710739 60 64 65
245691.09411621 3357679.80541992 16.20452881 85 87 86
245693.22406006 3357682.90368652 16.78136444 183 190 198
245692.51873779 3357680.42279053 16.11758804 67 68 70
245694.49566650 3357678.83441162 16.50952148 34 39 42
245694.28289795 3357683.26177979 16.52877998 38 42 41
245690.23181152 3357682.92706299 16.45169067 34 39 42
245691.68005371 3357679.87500000 16.21617126 75 79 80
245695.88806152 3357681.57885742 16.23430443 43 52 51
245691.59368896 3357679.33782959 16.39885902 61 65 68
245693.63128662 3357679.29669189 16.82876968 68 68 76
245689.71081543 3357681.82360840 16.32786942 86 91 94
245691.77587891 3357683.10540771 16.66821480 24 15 16
245694.07684326 3357682.43957520 16.38521767 22 27 31
245693.59014893 3357682.42254639 16.58803177 47 51 54
245696.80181885 3357681.92962646 16.92869568 32 35 40
245695.86236572 3357681.09326172 16.16634369 59 63 66
245694.78454590 3357680.95330811 16.11000824 69 70 74
245694.48205566 3357680.44018555 16.13900948 58 59 64
245691.61804199 3357683.08557129 16.74662018 56 39 45
245695.31933594 3357678.82775879 16.43699837 29 29 29
245691.40216064 3357681.01116943 16.31295776 65 70 66
245690.75653076 3357678.84326172 16.16987228 73 75 74
245693.16210938 3357679.14733887 16.67972755 21 20 25
245691.97869873 3357678.31323242 16.30231285 45 54 51
245691.77392578 3357679.67053223 16.54702950 75 76 81
245694.62884521 3357683.41131592 16.25704384 42 51 48
245692.10083008 3357681.23156738 16.51404762 63 64 66
245689.21960449 3357682.17071533 16.55091476 99 107 110
245692.22058105 3357678.83026123 16.73054695 134 145 141
245692.07843018 3357683.20788574 16.43428040 29 30 32
245693.60302734 3357683.34069824 16.31115150 20 21 23
245690.38488770 3357679.17047119 16.15001297 106 108 107
245694.82653809 3357678.49603271 16.34996033 16 17 19
245695.44592285 3357682.81188965 16.37877655 36 45 44
245691.62402344 3357682.61859131 16.56589699 26 26 28
245692.93908691 3357683.28985596 16.40754890 32 36 37
245693.04901123 3357678.78283691 16.80477524 33 37 40
245696.56335449 3357682.47613525 16.81360054 51 52 57
245689.13720703 3357682.21533203 16.51080513 91 101 102
245691.68920898 3357683.08715820 16.71960640 31 16 19
245693.94348145 3357681.74957275 16.25468826 39 47 49
245690.37890625 3357680.00952148 16.14917946 107 108 110
245694.20770264 3357680.06237793 16.17237091 51 55 58
245694.83105469 3357678.53814697 16.37970734 36 37 39
245694.21557617 3357683.18438721 16.81430817 25 30 34
245693.52880859 3357682.04382324 16.51757813 37 41 44
245692.74835205 3357683.43005371 16.26502419 105 115 106
245694.99285889 3357679.57531738 16.82503510 137 153 166
245694.87512207 3357680.94665527 16.11297798 69 70 74
245690.92340088 3357681.45153809 16.16908073 53 57 60
245695.76928711 3357680.08074951 16.67309380 42 46 49
245692.18463135 3357680.08673096 16.11481476 72 76 77
245691.79498291 3357678.49438477 16.43803024 74 78 79
245689.18542480 3357681.70385742 16.41417885 86 91 94
245693.47918701 3357680.89575195 16.09279060 69 73 74
245692.40985107 3357682.71118164 16.69024658 35 38 43
245691.22003174 3357682.60803223 16.76739502 20 24 27
245693.13616943 3357681.92486572 16.68119621 30 35 38
245691.49591064 3357680.65435791 16.20985222 79 83 84
245693.15979004 3357678.36126709 16.28134537 15 20 23
245694.03558350 3357681.44128418 16.11770058 56 60 61
245694.69299316 3357683.21881104 16.46516228 12 17 20
245691.77960205 3357679.95153809 16.17084122 75 79 80
245688.96905518 3357680.57006836 16.24651718 106 110 111
245693.82171631 3357679.12060547 16.83442879 22 27 30
245695.48327637 3357679.32263184 16.73586464 22 21 26
245693.76080322 3357679.74829102 16.21523094 53 54 58
245691.12524414 3357682.62426758 16.79821777 11 16 22
245691.21520996 3357679.21954346 16.25746346 68 72 73
245694.33068848 3357683.28283691 16.47624207 39 45 45
245693.96392822 3357679.28503418 16.31763840 39 41 40
245695.96160889 3357680.05780029 16.71411896 28 29 33
245691.11206055 3357680.77606201 16.15478706 73 77 78
245690.65502930 3357682.53985596 16.66473389 30 35 39
245691.18518066 3357682.98046875 16.78416252 31 33 32
245696.50231934 3357682.52142334 16.84810829 91 90 96
245695.06060791 3357683.10919189 16.67036057 27 35 38
245696.85144043 3357682.11267090 16.88017464 6 7 11
245691.94726563 3357681.37628174 16.63575935 56 56 58
245694.56945801 3357680.31445313 16.15013313 68 70 69
245693.91137695 3357681.96704102 16.40878868 34 42 44
245695.25354004 3357683.07507324 16.31369781 32 38 36
245691.25323486 3357681.98663330 16.33812714 42 43 45
245690.52221680 3357680.34497070 16.11560631 76 81 77
245694.02569580 3357683.13610840 16.87216568 23 30 38
245693.55651855 3357681.54632568 16.27362633 54 58 59
245693.88543701 3357683.25177002 16.54066277 6 7 11
245691.21496582 3357680.33868408 16.14524269 81 85 86
245696.23248291 3357682.34246826 16.69655800 38 46 49
245690.94384766 3357680.49401855 16.11094284 79 83 82
245692.01373291 3357679.43072510 16.58475494 14 23 22
245690.48022461 3357681.26550293 16.12272072 65 69 72
245695.93566895 3357680.05297852 16.71356773 28 33 37
245692.38708496 3357682.98846436 16.74983025 17 21 24
245694.61834717 3357679.57470703 16.41945267 37 41 42
245693.21240234 3357681.27612305 16.27717972 54 58 57
245693.91986084 3357682.31030273 16.47917366 27 32 35
245693.88134766 3357679.89617920 16.18775368 56 60 61
245694.70190430 3357678.54980469 16.36522484 21 21 23
245694.62072754 3357683.36669922 16.27783775 40 46 44
245693.76196289 3357679.91961670 16.18074417 66 67 69
245691.53167725 3357681.69232178 16.27540779 50 44 46
245694.98205566 3357678.58380127 16.42805290 29 29 31
245693.13079834 3357682.63458252 16.84892464 74 77 82
245692.09716797 3357679.10943604 16.65217209 47 53 51
245689.84680176 3357680.13409424 16.24435616 107 108 110
245691.30004883 3357678.47119141 16.41496277 65 69 68
245694.87072754 3357682.23303223 16.51858330 26 31 35
245694.33270264 3357679.35968018 16.42408180 26 27 31
245689.42846680 3357681.11456299 16.24127007 91 95 98
245692.12640381 3357679.22875977 16.58506393 51 57 57
245692.76647949 3357678.67553711 16.57191658 46 50 53
245690.38641357 3357680.86083984 16.11621475 83 87 90
245695.39788818 3357680.29504395 16.38345337 53 54 58
245692.42163086 3357679.92663574 16.11696815 76 82 80
245694.69140625 3357682.73699951 16.58105469 59 71 83
245693.49530029 3357679.53936768 16.34957504 30 32 29
245694.18786621 3357679.08117676 16.42351151 18 22 25
245695.48321533 3357679.82745361 16.62078667 21 22 24
245689.93695068 3357681.58343506 16.23828125 98 104 104
245693.62152100 3357682.42950439 16.60170364 32 36 39
245694.37567139 3357683.11090088 16.80775642 21 30 37
245694.53601074 3357678.76812744 16.48466492 40 46 46
245694.05395508 3357680.40570068 16.11592484 60 64 67
245692.54766846 3357679.34442139 16.42655754 35 36 38
245689.19201660 3357681.72839355 16.42716026 90 95 98
245691.63385010 3357680.64575195 16.22797966 83 89 87
245689.77764893 3357682.95227051 16.38096619 118 123 127
245694.26641846 3357682.98303223 16.99030876 37 41 50
245690.24914551 3357682.85614014 16.48722267 33 41 43
245690.76379395 3357683.02886963 16.60719109 28 29 31
245692.87890625 3357683.23822021 16.50756645 31 37 37
245695.91937256 3357682.15661621 16.49761009 43 51 53
245695.54833984 3357681.89532471 16.17286491 45 51 51
245693.15911865 3357679.65966797 16.29133415 48 52 51
245693.44335938 3357682.21166992 16.54064560 43 47 50
245691.13079834 3357683.38378906 16.41304970 59 64 60
245692.25469971 3357679.14672852 16.69451141 56 65 64
245690.12017822 3357680.69067383 16.18719864 103 103 103
245693.93127441 3357683.24725342 16.61096191 10 11 16
245694.10168457 3357678.68225098 16.43666649 33 37 38
245693.98553467 3357682.20764160 16.46049118 37 41 44
245693.20233154 3357681.72338867 16.63302994 40 44 47
245692.68121338 3357683.32141113 16.39859962 20 25 28
245696.96838379 3357682.23504639 16.63444138 16 17 19
245690.94799805 3357682.26141357 16.69201279 1 1 3
245688.94329834 3357680.72998047 16.19842529 104 109 112
245694.92291260 3357682.86480713 16.83190346 42 44 43
245691.73364258 3357682.85461426 16.71719360 52 40 44
245692.67382813 3357681.37756348 16.71432114 50 55 59
245689.63122559 3357682.43334961 16.63263130 52 56 57
245695.11712646 3357680.68664551 16.11239624 67 68 70
245695.33068848 3357683.15930176 16.21845627 35 44 43
245692.63775635 3357683.18426514 16.66539192 164 174 175
245690.10052490 3357682.39276123 16.33448410 134 139 135
245689.64099121 3357682.99578857 16.40169334 39 40 44
245692.24493408 3357681.26275635 16.52340317 61 67 67
245691.20031738 3357681.52868652 16.22367477 58 53 57
245689.46911621 3357680.99359131 16.25287056 96 101 104
245692.20642090 3357679.48944092 16.33504105 51 55 56
245694.79852295 3357682.23614502 16.53656578 29 33 36
245691.94036865 3357682.84631348 16.70993233 16 10 12
245691.53448486 3357681.91979980 16.38994980 4 8 11
245690.95263672 3357682.05816650 16.36284447 49 53 56
245693.51055908 3357679.83270264 16.19425392 58 59 61
245689.94543457 3357680.42651367 16.24775124 96 97 99
245694.23632813 3357681.44909668 16.10766983 62 63 65
245693.48626709 3357681.87261963 16.51142883 46 50 53
245693.02990723 3357682.64556885 16.92559624 119 119 121
245691.93084717 3357680.51141357 16.18222046 73 77 80
245691.03332520 3357681.43811035 16.17687988 58 59 63
245693.84020996 3357683.24761963 16.48668098 18 19 21
245695.15692139 3357681.87567139 16.16240120 40 44 45
245691.29437256 3357678.77587891 16.57910347 71 73 72
245695.50280762 3357681.93035889 16.17272949 45 50 53
245692.49505615 3357681.45074463 16.78594398 56 61 64
245694.45513916 3357681.00097656 16.10000801 69 70 74
245695.53698730 3357683.11322021 16.19882011 19 25 25
245691.59960938 3357681.90795898 16.40526772 12 13 17
245689.83056641 3357682.67041016 16.40012360 90 95 98
245694.69842529 3357682.64489746 16.65833282 53 63 72
245695.66314697 3357681.84570313 16.18679428 44 49 52
245693.08801270 3357683.05737305 16.63967323 31 35 38
245696.92590332 3357681.72430420 16.52770424 18 22 25
245691.02136230 3357682.85723877 16.77260017 36 40 43
245695.41455078 3357679.27185059 16.79446602 23 24 29
245693.04443359 3357680.57275391 16.11749458 71 75 76
245694.94213867 3357681.19250488 16.12369728 69 70 72
245694.43170166 3357680.26379395 16.15951920 56 56 58
245693.47070313 3357682.61663818 16.64998817 24 29 32
245693.88244629 3357683.37945557 16.26861954 35 39 40
245692.06451416 3357679.49694824 16.46841431 18 22 23
245693.69757080 3357679.20300293 16.92981339 108 109 114
245691.23016357 3357679.63348389 16.23126793 81 85 86
245695.11608887 3357682.50817871 16.67934799 30 36 36
245691.75531006 3357681.40753174 16.59129333 29 23 25
245694.97100830 3357679.30242920 16.79324532 117 121 130
245693.18377686 3357679.32940674 16.62436295 14 18 21
245694.98278809 3357682.71215820 16.76035118 29 34 37
245691.51605225 3357681.50134277 16.37601089 71 52 56
245695.00152588 3357679.58404541 16.87053871 139 151 163
245689.21929932 3357681.44390869 16.31642151 97 102 105
245696.05249023 3357681.56536865 16.52322960 36 46 48
245692.71148682 3357680.89202881 16.18327713 64 70 70
245691.37628174 3357681.43621826 16.31138229 70 49 56
245691.26440430 3357680.51361084 16.16152954 77 81 80
245697.07855225 3357681.92352295 16.58467102 34 39 43
245691.31610107 3357682.18481445 16.52662659 25 30 34
245694.47753906 3357681.70806885 16.14952087 59 63 66
245691.86309814 3357683.23376465 16.39960670 28 32 33
245694.43847656 3357679.61218262 16.33847046 49 50 54
245693.10363770 3357682.39501953 16.58612823 26 31 35
245694.17761230 3357681.55291748 16.13183212 53 57 58
245689.12762451 3357681.32989502 16.26802635 101 106 109
245695.75689697 3357679.20733643 16.50942230 15 21 21
245694.26727295 3357682.91546631 16.84140968 17 20 27
245692.07196045 3357681.72583008 16.52461433 44 45 47
245689.42950439 3357682.72381592 16.58788681 19 23 24
245689.37420654 3357681.29248047 16.28991318 100 105 108
245694.91589355 3357679.84375000 16.70662689 31 30 38
245694.28692627 3357678.39276123 16.36021042 48 53 56
245690.94134521 3357682.17565918 16.53923416 16 20 21
245695.89343262 3357681.28674316 16.22155380 51 60 59
245692.75500488 3357679.38055420 16.46798515 45 49 50
245693.77416992 3357683.29602051 16.33943748 39 41 40
245691.76080322 3357679.36340332 16.53289604 48 52 55
245691.18261719 3357681.72296143 16.18378258 55 53 56
245692.89764404 3357681.43084717 16.67337036 44 52 54
245691.82891846 3357679.65917969 16.47463608 15 16 20
245694.32641602 3357680.41400146 16.13347244 54 58 61
245695.60260010 3357682.58666992 16.77949715 150 154 155
245694.27972412 3357678.91436768 16.48007774 34 38 41
245692.94110107 3357680.19042969 16.12586594 65 69 70
245691.73687744 3357679.80450439 16.23277473 60 62 61
245689.97619629 3357681.72991943 16.22608185 84 88 91
245694.14001465 3357680.70056152 16.11474419 61 65 66
245695.36468506 3357678.76458740 16.40866852 20 22 21
245691.36358643 3357682.82537842 16.78782082 13 11 14
245692.74090576 3357681.49719238 16.90880775 46 51 54
245694.07501221 3357681.14367676 16.09148026 64 68 69
245693.75915527 3357679.28900146 16.67887878 37 38 40
245695.74700928 3357681.12963867 16.13620377 59 63 66
245693.15979004 3357679.98150635 16.14995956 63 67 68
245692.96484375 3357682.47766113 16.60299110 27 34 40
245692.05853271 3357680.34252930 16.14863777 68 72 75
245692.26232910 3357683.28161621 16.34358597 35 36 38
245694.41967773 3357683.41662598 16.30068398 40 49 46
245693.01953125 3357681.92913818 16.74039459 101 107 105
245695.16046143 3357680.22772217 16.35727882 47 51 54
245689.73596191 3357682.60034180 16.55042267 69 72 77
245694.04370117 3357679.48840332 16.29090500 48 52 53
245695.75579834 3357682.85137939 16.49229813 106 108 107
245690.56719971 3357682.77569580 16.63391113 26 31 34
245693.64099121 3357679.97290039 16.16807938 62 63 65
245690.94689941 3357679.18109131 16.18976021 84 88 89
245695.25787354 3357679.93164063 16.83932686 117 121 124
245693.35705566 3357678.64636230 16.85893250 34 37 42
245695.35150146 3357679.12176514 16.64677429 29 29 27
245694.61358643 3357680.28991699 16.15377998 66 70 71
245692.50622559 3357679.02478027 16.71011162 48 49 53
245693.70800781 3357678.51098633 16.42489433 25 26 30
245696.96325684 3357681.90118408 16.79603195 58 61 66
245692.15759277 3357682.01483154 16.38549614 78 82 83
245692.07720947 3357681.91748047 16.36389732 34 43 40
245694.82550049 3357679.96136475 16.55101967 23 17 17
245690.87921143 3357680.63519287 16.09991264 73 77 80
245691.03070068 3357680.57006836 16.12280273 81 85 86
245692.12493896 3357678.52923584 16.49171257 136 146 148
245690.97888184 3357679.16113281 16.20350838 81 85 86
245694.55169678 3357680.65325928 16.11125755 66 70 73
245693.08325195 3357683.13378906 16.57426071 25 30 33
245695.33746338 3357679.51055908 16.96108055 18 17 22
245690.91442871 3357678.90008545 16.22451973 66 72 72
245693.17803955 3357683.11096191 16.57030678 22 26 29
245695.97143555 3357682.40991211 16.60604858 47 52 55
245690.51464844 3357682.13415527 16.33816719 53 61 63
245689.36804199 3357681.90692139 16.47940636 90 98 100
245691.48431396 3357678.69464111 16.68161774 68 72 73
245690.28796387 3357679.83221436 16.15168762 107 110 103
245692.94049072 3357679.28100586 16.55538368 31 36 39
245695.85412598 3357680.27661133 16.66872597 124 129 132
245691.45013428 3357682.06878662 16.47191048 28 36 39
245693.76763916 3357679.56103516 16.26631927 53 55 54
245690.23333740 3357680.92059326 16.14211082 79 80 82
245691.31268311 3357681.53161621 16.25821686 57 46 52
245694.34204102 3357679.09985352 16.50222778 32 36 39
245696.56829834 3357681.94598389 16.87380028 0 3 12
245695.90380859 3357679.62786865 16.52573586 15 19 22
245693.46417236 3357678.57519531 16.70500374 6 10 13
245694.88256836 3357682.81610107 16.78011703 90 94 93
245692.50177002 3357681.63726807 16.91616631 207 209 224
245695.08593750 3357680.36309814 16.18313599 53 57 58
245693.81457520 3357679.80786133 16.20426559 49 53 54
245690.60864258 3357682.32574463 16.51940918 43 53 54
245691.52697754 3357678.88739014 16.57833862 58 66 69
245695.08752441 3357679.13897705 16.79529381 19 20 22
245692.36602783 3357680.98767090 16.28366470 60 65 68
245692.49542236 3357680.55291748 16.12141418 74 78 79
245695.31500244 3357682.30999756 16.54466248 19 28 25
245692.83245850 3357680.91607666 16.17439270 55 64 63
245691.36260986 3357679.22229004 16.26425552 66 67 69
245696.19561768 3357681.59405518 16.75453186 159 166 172
245691.17584229 3357678.84472656 16.51218605 62 66 69
245691.26452637 3357678.84106445 16.54788017 81 85 88
245693.08227539 3357682.64276123 16.88462639 44 48 51
245693.98809814 3357680.56390381 16.10839462 56 60 61
245696.84686279 3357682.51446533 16.62063026 17 17 19
245697.09216309 3357682.00250244 16.62811852 38 42 45
245690.85815430 3357679.57006836 16.18658447 86 88 87
245696.27246094 3357682.72149658 16.83220291 40 48 51
245693.13220215 3357682.91662598 16.81424522 93 96 101
245693.38635254 3357680.91815186 16.09443855 65 70 73
245694.66967773 3357680.02844238 16.40004921 23 18 22
245689.60852051 3357680.18115234 16.29998779 102 106 105
245691.41479492 3357683.12097168 16.72258759 26 20 24
245691.80145264 3357682.13592529 16.44850540 36 40 43
245693.37756348 3357678.74914551 16.99676132 14 15 17
245694.91766357 3357682.78833008 16.76047516 45 49 50
245692.89398193 3357682.03350830 16.74614716 3 9 9
245690.79034424 3357682.35949707 16.75078773 11 15 16
245692.81561279 3357680.83538818 16.14363480 64 70 70
245691.96319580 3357679.44921875 16.68086052 46 50 51
245694.39929199 3357678.51501465 16.39880371 28 32 35
245694.78314209 3357679.19549561 16.63527489 27 30 35
245693.00128174 3357682.62487793 16.88232040 44 43 48
245693.59124756 3357678.65039063 16.77461433 42 43 47
245694.79034424 3357680.18865967 16.24229813 52 53 55
245692.00396729 3357681.72106934 16.50445557 47 47 49
245689.61364746 3357681.85949707 16.38273811 99 105 105
245692.09686279 3357681.06976318 16.37016678 59 65 65
245692.53387451 3357679.80316162 16.16999435 75 81 79
245691.81988525 3357678.37219238 16.36332512 42 48 44
245690.62512207 3357681.30694580 16.13349152 69 74 78
245695.80468750 3357679.87805176 16.58830643 35 36 40
245694.31420898 3357680.77044678 16.10331917 53 57 58
245689.75854492 3357682.71582031 16.46889496 70 74 77
245691.38165283 3357681.52343750 16.27593803 60 43 49
245695.76110840 3357680.69061279 16.13786125 60 61 63
245694.50201416 3357681.76617432 16.15928459 45 49 52
245692.09588623 3357679.67602539 16.14212990 74 78 79
245690.20202637 3357682.21459961 16.23921204 52 56 57
245693.55969238 3357680.02410889 16.15669060 60 64 65
245691.73236084 3357678.58166504 16.52953148 64 70 70
245689.70587158 3357681.34906006 16.27476311 94 99 102
245691.38287354 3357679.99298096 16.21066856 82 86 87
245694.85516357 3357682.79522705 16.74250793 69 74 77
245690.28948975 3357680.04638672 16.14549446 108 109 111
245695.10388184 3357678.67718506 16.48156548 18 19 23
245693.30029297 3357680.39416504 16.13297081 71 72 74
245690.76983643 3357680.82531738 16.09216309 74 76 75
245694.66668701 3357681.35980225 16.11980629 66 67 69
245694.89202881 3357680.10778809 16.41119766 34 36 35
245691.76934814 3357681.99859619 16.43245125 27 31 34
245689.10681152 3357682.31097412 16.48198700 87 97 99
245695.11962891 3357679.35278320 17.03652000 75 75 75
245690.69970703 3357681.87353516 16.25073433 61 66 69
245692.83770752 3357678.68212891 16.57835770 54 55 59
245689.18634033 3357680.65515137 16.25332069 105 111 111
245693.92828369 3357681.14660645 16.08639908 72 76 77
245691.25860596 3357681.12640381 16.28819084 73 68 72
245693.24176025 3357681.30163574 16.27253723 48 52 53
245692.24267578 3357680.93872070 16.27636909 69 74 78
245692.51690674 3357682.70513916 16.73043251 2 5 12
245692.49591064 3357680.29345703 16.11752892 68 72 73
245693.76232910 3357681.75708008 16.32116318 48 53 56
245695.19726563 3357682.29937744 16.50977135 28 36 38
245693.26281738 3357681.55773926 16.46957970 47 52 55
245695.66577148 3357681.57495117 16.14199638 51 55 56
245692.61407471 3357681.26391602 16.51255989 49 54 57
245693.44329834 3357682.26928711 16.54356956 35 39 42
245691.34570313 3357681.70581055 16.22944832 48 43 47
245691.77813721 3357679.69293213 16.42531967 32 33 37
245697.01654053 3357682.34741211 16.52412415 14 15 17
245689.17211914 3357680.79907227 16.19509315 106 110 111
245691.11633301 3357682.12982178 16.45115662 33 37 40
245694.99151611 3357681.48797607 16.13400459 56 57 59
245691.00579834 3357680.18225098 16.14910889 90 91 93
245696.07531738 3357682.12054443 16.56545258 38 43 47
245694.54211426 3357682.13574219 16.46402931 45 50 54
245689.86840820 3357682.99908447 16.40040016 119 127 129
245692.53332520 3357679.32049561 16.46405602 23 27 28
245693.59118652 3357680.18646240 16.13743782 62 66 69
