245981.15429688 3357373.57540894 16.45325089 32 32 32
245975.78991699 3357373.71432495 16.59677887 219 216 207
245980.52319336 3357373.37680054 16.26895523 99 101 100
245966.87463379 3357373.45666504 16.29780197 153 146 136
245984.44683838 3357375.36785889 16.64490318 60 61 65
245979.92022705 3357372.75708008 16.50662041 220 222 219
245966.87585449 3357374.17175293 16.16856003 131 128 121
245973.42382813 3357372.95361328 16.28165436 92 91 87
245977.54779053 3357373.23458862 16.11747551 89 89 87
245967.21270752 3357373.20098877 16.62081146 212 213 207
245977.48071289 3357373.58453369 16.19322968 77 77 77
245972.05908203 3357372.68096924 16.10593605 144 140 129
245977.70037842 3357372.94528198 16.08773804 102 105 98
245978.22949219 3357373.10592651 16.17520142 209 210 204
245975.38586426 3357373.73300171 16.19111443 81 81 79
245965.53045654 3357375.26470947 16.17021942 54 55 57
245976.48358154 3357372.93899536 16.12932014 97 97 95
245979.79638672 3357373.71563721 16.60525322 69 66 59
245984.42041016 3357375.15283203 16.53537178 84 85 89
245984.61956787 3357376.19793701 16.55944443 84 70 57
245984.04010010 3357376.68560791 16.67828751 67 67 67
245975.21795654 3357373.24942017 16.17471695 80 79 77
245978.01947021 3357373.06994629 16.07513618 153 155 150
245984.17309570 3357373.53268433 16.17847061 172 163 154
245983.94238281 3357376.04730225 16.54445648 7 11 12
245979.53881836 3357373.02740479 16.29567528 23 23 25
245973.61694336 3357373.02447510 16.27758217 100 100 98
245967.96472168 3357373.18762207 16.28352928 135 132 125
245983.90496826 3357373.32516479 16.41355324 123 116 110
245985.32928467 3357377.45202637 15.97497845 139 138 133
245984.71368408 3357376.96035767 16.40122604 90 90 92
245985.43511963 3357377.45590210 15.97389221 143 143 135
245980.57110596 3357372.82974243 16.30630684 87 87 87
245966.77557373 3357373.66900635 16.23543167 158 151 141
245984.27764893 3357374.54571533 16.36792374 29 34 38
245983.72796631 3357374.34005737 16.54469490 64 63 61
245973.44073486 3357372.81271362 16.20486832 130 127 120
245983.77722168 3357374.23892212 16.54397774 43 44 39
245976.58087158 3357373.80963135 16.26422310 53 53 51
245966.23767090 3357375.05853271 16.82208443 183 181 169
245981.90167236 3357373.83981323 16.31828690 71 72 64
245976.19482422 3357372.99102783 16.21374130 127 126 121
245979.52941895 3357372.98934937 16.29761505 39 39 39
245983.13305664 3357373.75241089 16.20745087 174 168 154
245977.72583008 3357372.93374634 16.08672714 102 105 98
245966.84448242 3357373.12524414 16.19570541 152 146 134
245969.12640381 3357373.44903564 16.53264809 180 180 178
245972.97271729 3357373.59771729 16.32841873 81 86 82
245985.25360107 3357376.04067993 16.12736320 73 73 71
245975.66931152 3357373.59631348 16.44943047 122 123 118
245975.21350098 3357373.29806519 16.17752838 78 78 76
245975.68804932 3357373.57467651 16.47762489 125 126 120
245968.51586914 3357373.51269531 16.44730759 83 84 86
245980.59960938 3357373.83905029 16.54283333 97 98 92
245977.46844482 3357373.39251709 16.17517662 63 63 61
245985.20281982 3357376.29083252 16.32472610 31 25 25
245972.76098633 3357372.93478394 16.12553215 100 97 92
245971.01092529 3357372.85552979 16.23076630 185 181 170
245977.24713135 3357373.45077515 16.23350906 159 161 158
245979.80981445 3357373.18395996 16.42710495 133 136 129
245965.97949219 3357375.15997314 16.57156181 149 155 155
245966.21301270 3357373.27120972 16.14470100 177 168 161
245984.96173096 3357378.15005493 16.08419609 103 104 99
245980.40325928 3357373.44131470 16.33284760 68 70 69
245972.99822998 3357373.56195068 16.36227989 59 61 58
245969.25537109 3357373.88128662 16.51212692 65 65 63
245970.24865723 3357373.01559448 16.22925568 74 73 71
245974.91101074 3357373.86642456 16.38984489 73 75 74
245977.97863770 3357373.80056763 16.43150902 75 77 72
245968.55865479 3357373.65222168 16.59770393 63 65 64
245967.98187256 3357373.72573853 16.33481407 71 73 70
245969.26947021 3357373.65338135 16.41296196 147 139 136
245984.41613770 3357375.16345215 16.60157585 87 88 92
245978.42016602 3357372.91848755 16.21932602 141 144 137
245969.08203125 3357373.07177734 16.30574417 136 136 134
245980.17456055 3357373.35720825 16.37903595 70 66 63
245985.35449219 3357378.23721313 16.05509949 70 71 66
245966.37322998 3357374.06674194 16.54084206 156 137 133
245973.15863037 3357373.32244873 16.29786682 151 152 154
245965.80700684 3357375.05429077 16.35748863 76 80 81
245970.92926025 3357372.45626831 16.16186714 161 154 144
245984.72558594 3357374.08755493 16.56700134 70 62 60
245976.30480957 3357373.30349731 16.17783165 69 69 67
245968.27362061 3357373.17520142 16.42077827 43 44 46
245984.37750244 3357377.53295898 16.11838722 91 92 96
245985.10595703 3357376.06948853 16.45297623 235 234 230
245973.75482178 3357372.81823730 16.25515556 114 115 110
245966.06976318 3357373.75820923 16.47259140 126 102 98
245976.92340088 3357373.36105347 16.11205292 97 98 93
245968.45501709 3357373.56008911 16.46473885 91 91 89
245976.90179443 3357373.21252441 16.10638237 98 98 98
245965.82678223 3357375.73184204 16.27286339 107 107 105
245981.15234375 3357373.58859253 16.26252365 29 30 32
245980.91772461 3357372.98394775 16.09132385 95 97 96
245984.37347412 3357376.45898438 16.48282623 37 32 29
245981.14953613 3357373.59097290 16.41514969 35 35 35
245974.00756836 3357372.88378906 16.13525963 140 139 134
245983.66131592 3357373.38473511 16.33121109 111 107 104
245984.71777344 3357373.74935913 16.05486488 190 186 183
245971.97875977 3357373.07183838 16.13149261 103 101 102
245977.94055176 3357373.61547852 16.40462875 170 175 169
245978.81298828 3357373.80804443 16.11524773 119 119 109
245982.39581299 3357373.69277954 16.09367752 112 111 106
245972.19909668 3357373.04492188 16.19928741 63 63 63
245965.46514893 3357373.90280151 16.23424530 179 170 155
245976.14569092 3357373.47613525 16.33345604 50 50 48
245985.42950439 3357377.50695801 15.96920204 147 147 139
245965.53070068 3357375.66864014 16.17739868 110 112 109
245971.65863037 3357372.62881470 16.23823357 69 68 64
245976.06799316 3357373.45773315 16.39536667 37 37 37
245973.07946777 3357373.25201416 16.37998772 141 143 142
245966.57940674 3357374.35202026 16.77500343 33 28 24
245984.88079834 3357377.17648315 16.26905632 83 83 83
245980.57025146 3357373.41583252 16.23937225 71 73 72
245965.44091797 3357375.42913818 16.16986084 165 165 163
245985.30200195 3357377.33786011 15.98573685 122 118 115
245984.95678711 3357374.16537476 16.14242554 69 65 62
245969.92126465 3357372.73150635 16.17798233 148 144 133
245984.61877441 3357375.74633789 16.09115028 99 101 100
245973.17285156 3357372.83905029 16.39043808 82 77 73
245985.33422852 3357376.23590088 16.11295509 58 58 56
245972.48962402 3357372.57217407 16.10281181 178 170 159
245978.72912598 3357373.29165649 16.08958054 76 77 72
245978.10601807 3357373.54580688 16.47227859 192 195 188
245979.86541748 3357373.51770020 16.62921333 217 219 216
245970.96124268 3357373.88244629 16.26070023 148 146 147
245984.49713135 3357375.32791138 16.63584328 63 67 68
245976.10968018 3357373.53070068 16.40206909 26 26 26
245967.26593018 3357373.84399414 16.43486977 161 157 146
245977.39453125 3357372.73440552 16.26921272 39 38 36
245965.81542969 3357373.88174438 16.40678024 147 142 136
245983.83782959 3357374.13232422 16.55928421 205 204 199
245974.90179443 3357373.84088135 16.32402039 65 67 64
245973.74780273 3357373.50775146 16.13693619 120 121 116
245983.33050537 3357373.25064087 16.13258743 109 106 99
245970.30358887 3357373.31314087 16.19308090 74 73 71
245984.92877197 3357375.33691406 16.50989532 69 70 74
245974.80255127 3357373.53518677 16.15215874 92 93 88
245978.62670898 3357372.93011475 16.18294716 70 72 67
245976.84674072 3357373.81719971 16.38926888 110 109 105
245984.41540527 3357377.51275635 16.11601067 87 88 92
245978.84692383 3357373.45773315 16.08512688 108 105 96
245972.55761719 3357373.04754639 16.13411522 88 88 86
245965.82513428 3357375.24392700 16.32319069 62 66 67
245965.81457520 3357375.39178467 16.27201462 84 86 85
245980.12518311 3357372.99649048 16.29601288 104 105 100
245984.94580078 3357376.70062256 16.36686897 61 55 55
245976.80432129 3357373.06146240 16.11345482 68 68 68
245975.77484131 3357372.77212524 16.11804581 138 129 122
245985.17272949 3357376.04895020 16.25200081 36 38 37
245984.80761719 3357375.73300171 16.14631462 121 119 120
245975.91113281 3357372.75723267 16.17628288 108 105 98
245970.82861328 3357372.51922607 16.14177513 159 153 141
245980.54479980 3357373.17123413 16.33648300 57 59 58
245971.28442383 3357373.66668701 16.29788589 66 68 65
245978.99285889 3357373.58959961 16.10268021 131 130 125
245971.26452637 3357373.45135498 16.25323486 70 72 71
245980.71228027 3357373.11029053 16.19969940 62 62 62
245977.04064941 3357373.26171875 16.14787102 100 101 96
245970.87280273 3357373.62557983 16.16967964 112 111 106
245976.25408936 3357373.10656738 16.18402481 78 78 76
245985.23492432 3357375.99459839 16.13991928 69 69 67
245984.05737305 3357376.23587036 16.72275925 47 47 47
245966.56890869 3357373.52566528 16.16669846 158 151 141
245980.81439209 3357373.67422485 16.14082909 19 17 18
245971.42840576 3357373.28350830 16.22443581 47 45 46
245969.80548096 3357373.72024536 16.23983002 75 74 70
245978.20648193 3357373.43069458 16.41518211 97 100 93
245969.06347656 3357373.60299683 16.60531425 85 84 90
245984.21881104 3357376.17932129 16.28544807 33 33 35
245966.12103271 3357374.22314453 16.43632698 114 112 113
245984.97094727 3357378.15295410 16.07806587 103 104 99
245984.13000488 3357375.34451294 16.67617035 51 53 52
245965.61224365 3357373.99499512 16.32919121 104 88 72
245983.61474609 3357373.69607544 16.24471092 97 90 82
245973.28881836 3357373.82559204 16.49708939 69 69 69
245968.50775146 3357373.57174683 16.47793388 84 86 85
245969.99389648 3357373.60430908 16.25691795 90 91 93
245980.55792236 3357373.23123169 16.31301308 95 97 96
245983.85321045 3357374.16885376 16.62089157 133 132 127
245972.46923828 3357373.84951782 16.15654564 104 103 98
245983.48394775 3357374.03353882 16.12920761 130 120 111
245978.16308594 3357373.13394165 16.16132545 206 209 202
245970.87866211 3357372.73159790 16.17957306 164 158 146
245977.38317871 3357373.56958008 16.23361397 69 69 67
245967.82666016 3357373.30023193 16.20878601 130 130 122
245966.42492676 3357374.56863403 16.94911766 48 49 43
245974.41540527 3357373.68963623 16.08096695 120 115 109
245984.06420898 3357376.65252686 16.71335411 71 71 71
245965.33355713 3357373.55499268 16.17131042 176 171 165
245972.53527832 3357373.72229004 16.12667847 114 115 110
245972.01226807 3357373.26702881 16.14626884 46 46 46
245984.67840576 3357375.19088745 16.22705078 63 67 68
245976.40063477 3357373.04162598 16.13875580 75 76 71
245984.71130371 3357376.43328857 16.68703842 95 74 69
245983.80615234 3357373.44439697 16.40317154 126 123 116
245972.74914551 3357373.86062622 16.28072357 111 105 105
245977.20983887 3357372.99099731 16.23321533 87 87 85
245972.90374756 3357373.23675537 16.19358444 109 110 105
245981.30651855 3357373.66043091 16.80533600 44 46 43
245965.40124512 3357373.50912476 16.19101143 179 174 168
245975.00152588 3357373.71020508 16.54481506 110 118 120
245984.89172363 3357375.14410400 16.25386810 90 89 94
245966.18011475 3357374.93322754 16.81345749 38 37 35
245985.12261963 3357374.58703613 16.24484253 100 101 103
245971.20562744 3357373.72747803 16.36931419 33 38 34
245968.67993164 3357372.80789185 16.32768059 72 73 68
245966.56292725 3357374.05990601 16.22150421 123 118 114
245965.50524902 3357375.80215454 16.17711449 124 124 124
245966.53106689 3357374.33547974 16.88619423 23 18 14
245970.24023438 3357373.05969238 16.23128510 78 77 75
245983.67620850 3357374.13015747 16.29690933 162 158 149
245969.57696533 3357373.80847168 16.24628258 151 148 143
245972.75970459 3357373.83273315 16.24313736 121 117 116
245980.23040771 3357373.54647827 16.60444450 73 63 71
245977.46752930 3357373.43923950 16.18833923 67 67 65
245971.42272949 3357372.52444458 16.26582909 118 107 101
245965.44805908 3357374.72238159 16.17816734 131 130 128
245968.24682617 3357373.31030273 16.36939240 35 37 36
245980.00018311 3357372.98214722 16.38082695 191 194 187
245981.63647461 3357373.00000000 16.18354225 59 61 58
245969.34399414 3357373.44415283 16.26260948 147 142 138
245984.36688232 3357373.58102417 16.10207176 157 150 142
245984.33898926 3357376.83969116 16.53644943 75 74 79
245968.27111816 3357373.79953003 16.71798134 31 35 34
245971.89349365 3357373.11724854 16.12699509 85 84 82
245982.94378662 3357373.48379517 16.16216087 170 161 154
245983.95709229 3357375.80065918 16.49678993 47 49 48
245969.64916992 3357372.68444824 16.14110565 166 160 148
245971.48431396 3357373.05947876 16.29565811 51 51 51
245974.05682373 3357373.63626099 16.08041954 167 162 156
245980.95367432 3357373.28924561 16.11035156 56 56 56
245976.33538818 3357372.85681152 16.15250778 92 91 86
245984.79046631 3357378.29141235 16.27769852 88 88 88
245984.22265625 3357375.54394531 16.53669357 42 42 44
245985.02069092 3357377.81976318 16.12193108 122 121 116
245965.79034424 3357374.66412354 16.30234718 82 83 78
245973.25360107 3357373.62573242 16.22601509 68 68 68
245980.14776611 3357373.44155884 16.52851677 59 58 56
245971.33569336 3357372.89514160 16.42062378 8 6 9
245984.72467041 3357375.19589233 16.27058029 77 78 82
245973.72894287 3357373.03973389 16.28061104 73 73 71
245984.31250000 3357373.60906982 16.11590195 159 152 146
245965.82861328 3357374.90878296 16.36180687 95 97 96
245984.27734375 3357376.43905640 16.87527847 41 43 40
245980.10168457 3357373.30725098 16.37324142 31 27 24
245967.90570068 3357373.94000244 16.45251846 42 43 38
245977.05340576 3357372.84820557 16.14161110 73 73 73
245973.02215576 3357373.53091431 16.33968735 51 53 50
245970.40985107 3357372.88955688 16.15830231 128 123 117
245976.18725586 3357373.67370605 16.40645027 46 48 45
245981.48706055 3357373.10723877 16.32650185 64 64 62
245983.40582275 3357373.73004150 16.16264534 127 120 114
245984.72485352 3357377.71963501 16.14842796 111 111 111
245981.64678955 3357373.64785767 16.84131241 173 172 168
245978.02862549 3357373.16445923 16.08880424 156 158 153
245970.36694336 3357373.89910889 16.13239098 82 82 80
245968.51049805 3357373.03768921 16.50383759 155 160 163
245978.22528076 3357373.55270386 16.34975243 138 138 130
245965.95935059 3357373.36346436 16.16320038 167 164 155
245970.16156006 3357372.70965576 16.13599205 165 156 147
245971.58935547 3357372.64276123 16.29278564 51 50 46
245984.19842529 3357373.33538818 16.20006180 170 163 157
245984.16766357 3357377.77313232 16.24771690 75 75 83
245983.99261475 3357377.71301270 16.50926590 51 54 59
245983.09545898 3357373.46096802 16.24010086 138 134 123
245967.18536377 3357373.63571167 16.51893806 201 201 193
245975.06536865 3357373.79528809 16.55664253 55 58 63
245981.48919678 3357373.07888794 16.54189491 49 49 47
245979.46978760 3357372.83901978 16.28626823 113 113 113
245973.12084961 3357373.77877808 16.66832733 125 130 134
245980.97705078 3357373.38104248 16.12615585 63 63 63
245985.23864746 3357376.55044556 16.33386993 91 96 92
245970.00653076 3357372.70642090 16.15430260 149 145 136
245973.16571045 3357373.62615967 16.30412102 122 122 120
245984.71124268 3357375.38153076 16.50260544 101 102 104
245979.20739746 3357372.81860352 16.13819122 104 103 99
245971.31964111 3357373.49609375 16.24557877 81 81 79
245984.72576904 3357376.47171021 16.69224930 52 33 29
245979.19555664 3357373.71151733 16.34994698 174 171 166
245980.84552002 3357373.86511230 16.49482346 61 62 56
245970.88775635 3357373.30938721 16.16267395 188 181 173
245969.05682373 3357373.56295776 16.57715034 112 112 114
245969.79364014 3357372.62329102 16.13805389 173 166 156
245984.19738770 3357377.84027100 16.25271797 76 79 86
245981.58489990 3357373.82601929 16.81775856 55 65 40
245981.51531982 3357373.08197021 16.14128113 52 52 50
245984.44494629 3357375.16940308 16.48836327 75 76 80
245965.46929932 3357373.55676270 16.21696663 188 184 175
245981.05102539 3357373.14920044 16.12959099 61 61 61
245968.60736084 3357373.60974121 16.52540398 137 139 138
245985.14721680 3357377.27554321 16.05138969 102 101 99
245971.23388672 3357373.18896484 16.28692436 64 64 64
245970.56567383 3357372.91781616 16.11835861 170 161 154
245976.36315918 3357373.26361084 16.14192963 75 75 73
245972.74548340 3357373.25683594 16.11828613 128 127 122
245966.78771973 3357373.20565796 16.19110870 157 148 139
245968.20672607 3357372.80029297 16.54488373 31 33 32
245984.27807617 3357377.18997192 16.25875854 74 75 79
245967.51824951 3357373.55123901 16.42823219 195 209 192
245978.43261719 3357373.55703735 16.14070702 85 86 80
245985.33758545 3357378.28067017 16.13646317 96 97 91
245967.47143555 3357373.45135498 16.47707748 179 193 176
245976.35778809 3357373.54714966 16.18215561 84 84 82
245972.68029785 3357373.38931274 16.12456512 130 131 125
245984.77667236 3357373.82073975 16.06428719 180 179 175
245979.41168213 3357373.17678833 16.25553703 61 61 61
245971.04016113 3357373.78967285 16.27033234 52 54 51
245967.48840332 3357373.54806519 16.49029350 226 234 221
245971.98406982 3357373.01974487 16.13566208 113 111 112
245983.36950684 3357373.31939697 16.18470955 124 121 114
245982.38171387 3357373.53186035 16.12722206 113 114 106
245969.95056152 3357373.34771729 16.28836441 15 15 15
245980.02386475 3357373.00796509 16.34965706 191 194 187
245984.93719482 3357377.63659668 16.07403755 140 141 135
245974.22924805 3357373.42242432 16.09325981 123 118 115
245984.61047363 3357377.23608398 16.27253342 85 86 90
245976.99481201 3357373.81536865 16.47472382 67 66 61
245984.80328369 3357376.66122437 16.60219955 102 93 98
245984.08502197 3357377.98223877 16.34461975 66 67 72
245973.05157471 3357373.68231201 16.50119781 189 190 185
245970.67590332 3357373.20480347 16.12590408 114 111 106
245969.89239502 3357372.72943115 16.16875839 158 154 143
245972.98797607 3357373.25134277 16.24818420 138 139 134
245979.50787354 3357373.64202881 16.44544601 36 36 34
245984.62591553 3357378.02377319 16.25646210 86 87 89
245984.52307129 3357374.83392334 16.21562386 74 75 80
245977.88232422 3357373.40112305 16.17399788 108 110 105
245984.40789795 3357376.77725220 16.59606552 67 67 69
245984.66522217 3357378.10122681 16.26271248 88 89 91
245974.51812744 3357373.40008545 16.12600517 100 99 97
245983.96771240 3357377.83502197 16.54799271 47 51 54
245981.23339844 3357373.44320679 16.81106377 84 84 82
245984.79736328 3357375.46331787 16.24393654 35 39 40
245983.92163086 3357374.70739746 16.70545387 42 41 46
245968.06060791 3357373.77966309 16.37707710 68 70 65
245984.51763916 3357376.65475464 16.73677635 76 77 79
245976.01586914 3357372.73999023 16.21983337 102 98 89
245984.55230713 3357373.58526611 16.06747627 155 151 140
245982.67517090 3357373.46722412 16.09773445 162 157 151
245966.27618408 3357374.46838379 16.89625359 30 32 27
245972.47229004 3357372.64010620 16.11096954 166 159 151
245966.44622803 3357373.27102661 16.15824890 161 154 146
245984.67291260 3357376.37368774 16.71390533 25 7 3
245970.74359131 3357373.24365234 16.12924194 154 151 144
245981.15301514 3357373.59564209 16.19352722 29 31 30
245984.22985840 3357377.19006348 16.30475807 73 74 78
245969.73388672 3357372.71304321 16.14501190 172 166 154
245967.67657471 3357373.84030151 16.41083908 126 131 125
245979.38238525 3357373.39016724 16.35004044 40 41 43
245971.38836670 3357372.54373169 16.26877213 148 138 129
245984.26367188 3357374.20120239 16.43887138 83 81 82
245973.44537354 3357373.02230835 16.28269196 98 97 92
245976.93707275 3357373.79562378 16.42021179 65 64 59
245980.25103760 3357372.91470337 16.29281425 60 60 58
245985.31188965 3357377.63995361 15.94946289 163 162 157
245967.87799072 3357373.72784424 16.29505539 51 53 50
245984.37786865 3357373.99005127 16.23364830 94 83 81
245967.07330322 3357373.89840698 16.26197624 162 158 149
245984.73291016 3357375.27932739 16.45966721 82 86 87
245979.17333984 3357373.27239990 16.14178848 76 75 73
245965.57879639 3357374.77175903 16.18821907 113 113 111
245976.99664307 3357373.24423218 16.12564659 111 112 107
245984.49554443 3357376.88272095 16.48663139 73 72 78
245985.08813477 3357378.23593140 16.08282661 49 50 45
245965.67150879 3357375.22048950 16.21894455 33 37 38
245984.49493408 3357377.10678101 16.32386398 83 84 88
245974.74609375 3357373.72659302 16.13384438 94 94 92
245974.85485840 3357373.81542969 16.21552658 94 99 93
245984.63732910 3357375.36785889 16.55054474 99 100 104
245976.38537598 3357372.98468018 16.14546204 89 90 85
245972.98107910 3357373.62997437 16.37841034 208 214 210
245977.92132568 3357373.22463989 16.07795334 107 109 104
245976.26153564 3357373.69952393 16.34477806 64 64 62
245972.87731934 3357372.62597656 16.13441467 148 144 132
245976.80352783 3357373.74877930 16.23061371 68 70 67
245974.09857178 3357373.16381836 16.10947227 149 146 139
245965.68377686 3357374.66061401 16.25632477 115 114 109
245973.99481201 3357373.47369385 16.09931946 156 153 146
245971.38305664 3357372.95681763 16.38430595 12 12 12
245981.67779541 3357373.35778809 16.73233223 116 115 120
245972.07360840 3357373.77777100 16.47186279 72 70 71
245971.71728516 3357373.00646973 16.18067169 80 80 78
245968.06408691 3357373.80804443 16.41217422 58 60 55
245981.93621826 3357373.94854736 16.35331726 39 40 34
245966.23132324 3357373.94723511 16.56997490 175 139 139
245976.08770752 3357372.83035278 16.22030449 221 218 209
245968.01623535 3357372.96618652 16.35340500 85 87 84
245979.52191162 3357372.84542847 16.31525421 92 94 93
245965.53759766 3357374.04974365 16.32260704 237 216 195
245978.75390625 3357373.12539673 16.09927368 82 81 76
245972.19030762 3357373.62356567 16.25207901 66 66 66
245974.23388672 3357373.68545532 16.06586838 133 126 120
245981.83172607 3357373.65682983 16.64970398 78 78 76
245984.88726807 3357373.96957397 16.17281151 132 129 124
245967.38018799 3357373.24859619 16.49785995 85 92 85
245973.49945068 3357373.80392456 16.22383499 119 121 118
245984.08819580 3357374.95126343 16.63331604 95 91 90
245984.38787842 3357377.86428833 16.20362473 82 85 90
245980.14477539 3357373.48818970 16.59932327 61 60 56
245979.64569092 3357373.02478027 16.35209274 52 52 50
245980.37634277 3357372.97070313 16.31466675 96 98 97
245981.40533447 3357373.11245728 16.35939217 59 59 57
245982.57836914 3357373.85629272 16.12267685 95 94 90
245971.01654053 3357373.27770996 16.20222282 186 183 178
245965.72210693 3357375.19995117 16.22926903 50 51 53
245965.45880127 3357375.72213745 16.17572784 116 116 116
245983.43170166 3357373.58703613 16.23051071 91 86 82
245972.26202393 3357373.74392700 16.24908829 74 74 72
245985.32708740 3357377.41418457 15.97849941 136 133 128
245974.61370850 3357373.26095581 16.13727188 161 160 155
245979.37573242 3357373.52423096 16.41399193 37 38 40
245981.25286865 3357372.87667847 16.05615997 149 142 134
245977.63128662 3357373.60946655 16.21446609 90 89 87
245968.19006348 3357373.85916138 16.70495605 120 122 119
245967.09539795 3357373.62686157 16.41825104 181 179 167
245978.86938477 3357373.70169067 16.09799194 133 129 120
245984.86041260 3357377.89028931 16.21394730 119 112 96
245967.68127441 3357373.42471313 16.26316452 62 63 58
245970.87121582 3357372.46743774 16.14804840 157 150 140
245984.48352051 3357377.21832275 16.26028633 79 80 85
245985.09606934 3357375.82354736 16.19399071 119 118 114
245972.93511963 3357373.54150391 16.26634407 189 191 188
245969.12768555 3357373.66027832 16.60903168 105 105 105
245984.55462646 3357376.86697388 16.49489784 80 79 84
245966.68188477 3357373.99478149 16.16538239 127 123 114
245979.54486084 3357373.29220581 16.32682228 34 34 32
245984.21948242 3357373.54498291 16.15442467 172 162 153
245982.18286133 3357373.97726440 16.09079552 84 85 80
245966.18304443 3357373.96466064 16.63393784 122 92 90
245969.21527100 3357373.47189331 16.45093536 102 98 97
245979.43280029 3357372.98751831 16.26426888 127 127 127
245984.91497803 3357377.64358521 16.07908058 140 141 135
245979.71691895 3357373.72879028 16.57957649 66 63 56
245984.68890381 3357374.92645264 16.16235924 94 95 100
245971.74908447 3357372.84939575 16.20429039 71 72 67
245983.81420898 3357374.02529907 16.33271408 131 124 116
245966.22613525 3357374.53149414 16.76219749 56 56 56
245970.35406494 3357373.47158813 16.16972542 81 80 78
245975.85339355 3357373.02853394 16.18463516 89 85 82
245980.80914307 3357373.55981445 16.12134743 36 36 36
245978.63018799 3357372.90365601 16.18549347 70 72 67
245981.15106201 3357373.13735962 16.14670944 34 35 37
245972.43426514 3357373.20693970 16.16193390 82 83 78
245969.72644043 3357372.68103027 16.14102936 172 166 154
245969.88885498 3357373.43484497 16.26525307 55 55 55
245971.39965820 3357372.78659058 16.40375710 36 36 38
245972.86358643 3357373.79437256 16.55902100 91 87 88
245968.47247314 3357373.63674927 16.55684280 25 25 25
245969.54046631 3357372.65051270 16.14141464 166 160 148
245984.48828125 3357376.36126709 16.49779129 83 67 51
245984.44116211 3357375.22628784 16.71037292 82 83 87
245965.71746826 3357374.14566040 16.39866066 36 32 33
245975.77648926 3357373.43893433 16.30113220 77 78 73
245977.05206299 3357373.63485718 16.28084183 106 107 102
245967.57434082 3357373.11590576 16.23862648 102 101 96
245970.03552246 3357373.82321167 16.28563881 38 40 39
245985.11956787 3357374.65142822 16.23379898 99 100 102
245965.57751465 3357375.04345703 16.19405937 74 74 74
245969.19152832 3357372.87850952 16.22084045 155 156 148
245968.26660156 3357373.16012573 16.42733383 34 35 37
245981.36846924 3357373.11508179 16.67026520 126 126 124
245976.51843262 3357373.05960083 16.12113953 90 92 87
245977.83905029 3357372.99432373 16.08221245 101 102 97
245974.11608887 3357373.45660400 16.08954239 148 145 138
245978.70117188 3357373.40515137 16.08312225 81 82 76
245984.10272217 3357375.85937500 16.35609436 34 36 35
245966.50286865 3357373.79281616 16.16421318 133 125 122
245973.73535156 3357373.22863770 16.23006630 104 106 103
245983.02642822 3357373.19842529 16.06727219 95 92 85
245970.61871338 3357372.67230225 16.10513115 162 156 144
245984.21508789 3357374.37454224 16.46518135 56 60 61
245980.58734131 3357372.96166992 16.35609245 159 161 160
245974.77770996 3357373.62545776 16.14574814 93 93 91
245979.70263672 3357372.84545898 16.44417000 61 61 61
245966.20843506 3357374.56823730 16.83042908 143 143 143
245972.83843994 3357373.30453491 16.15788078 97 98 93
245965.57958984 3357375.08587646 16.19622040 72 72 72
245985.40216064 3357377.48413086 15.97150612 147 147 139
245974.58044434 3357373.73168945 16.11313629 81 81 81
245984.90386963 3357376.71286011 16.40997887 61 52 53
245972.17382813 3357372.85723877 16.13947105 57 52 48
245967.14416504 3357373.38385010 16.58076096 156 153 146
245984.26696777 3357376.50778198 16.50667763 58 58 56
245968.25915527 3357373.56314087 16.39312553 81 81 79
245966.50518799 3357373.89932251 16.19692802 106 99 93
245984.94207764 3357376.62014771 16.40327835 85 75 76
245971.43237305 3357373.66009521 16.19898796 64 62 63
245967.35211182 3357373.91964722 16.50949478 148 144 135
245976.93682861 3357373.29562378 16.11400032 148 148 146
245965.73370361 3357373.99215698 16.37057495 106 99 93
245968.01861572 3357373.20388794 16.30134392 78 79 74
245984.65026855 3357375.30368042 16.47485352 85 86 88
245977.46594238 3357372.80233765 16.21247101 76 76 74
245980.76922607 3357373.02545166 16.16908836 77 77 77
245967.71575928 3357373.52239990 16.27903366 39 50 42
245971.23645020 3357373.66790771 16.31490326 56 58 55
245972.82965088 3357373.81677246 16.49556351 149 143 147
245984.04644775 3357377.98449707 16.38737679 63 64 69
245971.37359619 3357373.90258789 16.33629608 7 5 6
245984.42480469 3357375.08065796 16.29308128 84 85 89
245985.15637207 3357376.24432373 16.42255974 46 44 45
245979.61828613 3357373.19482422 16.33926392 40 40 38
245967.67504883 3357373.71978760 16.36466217 207 219 207
245968.95599365 3357373.28152466 16.41858864 84 84 84
245978.09930420 3357372.95874023 16.07753944 148 148 138
245984.33746338 3357373.91375732 16.14820099 164 160 151
245966.92169189 3357374.12106323 16.18038368 137 134 125
245981.26953125 3357373.14694214 16.62244034 140 140 138
245965.40509033 3357375.95312500 16.17147827 122 124 123
245984.12982178 3357374.90585327 16.61804771 76 72 71
245982.38897705 3357373.30346680 16.16198921 112 112 104
245983.82220459 3357373.34823608 16.38876343 69 65 62
245984.49273682 3357375.32595825 16.64061737 63 67 68
245985.20123291 3357375.99218750 16.16444588 51 51 49
245984.60241699 3357374.13058472 16.55453682 172 164 162
245979.21612549 3357373.04248047 16.14756203 74 76 75
245974.37792969 3357372.84274292 16.10520935 166 159 149
245967.31616211 3357373.80041504 16.54005241 154 151 142
245965.47625732 3357375.76943970 16.17629433 120 120 120
245976.90112305 3357373.30938721 16.10722160 126 126 124
245980.73461914 3357373.37554932 16.13897705 43 45 42
245968.08697510 3357373.92041016 16.61225510 80 82 77
245970.24951172 3357372.56423950 16.11088181 168 161 151
245978.33837891 3357373.59097290 16.20929527 113 114 108
245983.81604004 3357373.24755859 16.13237762 173 164 157
245977.22357178 3357373.85504150 16.35833168 80 79 75
245985.31091309 3357376.80688477 16.20558739 95 96 91
245980.32525635 3357372.80648804 16.26243019 78 78 78
245973.00213623 3357372.66510010 16.20862198 186 182 171
245969.50280762 3357373.07354736 16.14973068 104 105 99
245980.32635498 3357373.06710815 16.31924820 63 63 61
245972.26806641 3357373.16784668 16.23585510 61 61 59
245981.65032959 3357373.30361938 16.67725182 94 95 97
245968.53997803 3357373.62738037 16.54998779 32 34 33
245965.43261719 3357374.33889771 16.23945808 152 149 144
245972.11590576 3357373.79791260 16.50402069 40 36 35
245966.22167969 3357374.21282959 16.61002922 41 37 34
245983.62384033 3357374.14776611 16.27551651 142 139 132
245968.30407715 3357373.60894775 16.43162918 94 96 95
245980.51165771 3357373.80883789 16.61417389 70 61 56
245978.90966797 3357373.44763184 16.08902168 150 146 137
245966.05657959 3357375.01385498 16.68915749 181 183 180
245980.93579102 3357373.83288574 16.55760765 71 73 60
245983.32470703 3357373.55599976 16.21159172 67 62 56
245968.97216797 3357373.48870850 16.53536415 145 145 145
245973.12725830 3357372.83331299 16.44390297 103 98 92
245984.23248291 3357376.78677368 16.59032440 58 59 61
245976.41278076 3357373.28683472 16.12030602 69 69 67
245980.73297119 3357373.75604248 16.17983818 49 48 46
245975.55151367 3357372.81661987 16.08593750 137 132 126
245972.95349121 3357373.23266602 16.22729111 158 159 154
245981.78729248 3357373.54272461 16.40715218 36 37 39
245976.12799072 3357373.34204102 16.32928276 54 56 55
245980.01586914 3357373.56503296 16.66365242 205 206 201
245966.01232910 3357375.13558960 16.62697220 143 147 146
245985.41711426 3357377.35632324 15.98323345 130 127 122
245977.41259766 3357373.02352905 16.21947289 80 81 76
245971.07379150 3357372.88909912 16.24844170 57 56 51
245983.98168945 3357373.24749756 16.31135750 126 119 113
245977.62316895 3357372.94778442 16.09457779 95 97 94
245981.17395020 3357373.47842407 16.49258804 26 26 26
245971.47277832 3357373.45648193 16.18371201 67 67 65
245970.84576416 3357373.38800049 16.16106224 178 171 163
245978.18359375 3357372.83801270 16.08736610 147 145 133
245984.04705811 3357375.84423828 16.40460777 39 39 39
245980.74401855 3357373.75711060 16.17465401 49 48 46
245965.42443848 3357374.99807739 16.15944099 29 28 24
245981.19586182 3357373.36520386 16.35927200 23 24 26
245975.99499512 3357372.94903564 16.23711586 171 166 160
245978.62762451 3357373.10348511 16.13870621 82 85 78
245966.36676025 3357374.59863281 16.93471527 53 52 48
245971.03741455 3357373.80929565 16.27612305 52 54 51
245970.73327637 3357373.32940674 16.13054657 196 191 187
245967.23950195 3357373.22595215 16.61499596 201 202 197
245965.84741211 3357375.49298096 16.31057549 81 85 84
245982.16131592 3357373.11544800 16.22904968 114 111 106
245966.00738525 3357373.47909546 16.20331001 99 96 89
245966.01000977 3357374.77532959 16.53072357 220 224 225
245967.84521484 3357373.59643555 16.25968361 70 75 69
245984.20349121 3357377.18594360 16.33341789 73 74 78
245967.15991211 3357373.04052734 16.36373520 227 222 202
245984.28796387 3357375.66821289 16.29345512 65 65 65
245967.33093262 3357373.12704468 16.43244553 51 53 48
245969.17907715 3357373.74957275 16.56798172 86 85 81
245976.77215576 3357372.91452026 16.13482285 90 90 90
245984.96563721 3357377.00863647 16.24309158 69 69 69
245977.21777344 3357373.76666260 16.33305550 95 95 93
245965.28387451 3357373.66848755 16.16399956 190 186 177
245984.74926758 3357374.06018066 16.54692078 80 75 72
245984.65869141 3357374.01065063 16.41667366 94 83 81
245971.31250000 3357373.81723022 16.34404945 10 10 8
245973.00537109 3357372.82241821 16.31416512 252 245 237
245973.17517090 3357372.94519043 16.43126297 52 52 52
245984.74847412 3357375.39056396 16.47413063 32 33 35
245972.83331299 3357373.81420898 16.51922417 153 148 152
245985.10162354 3357374.97973633 16.19249725 117 116 121
245971.00482178 3357373.11123657 16.20149422 182 179 172
245985.10961914 3357378.31387329 16.25824928 44 45 40
245977.10583496 3357373.67211914 16.32765770 107 106 104
245981.19030762 3357373.41271973 16.45033646 23 24 26
245974.08868408 3357373.42633057 16.08989143 146 145 140
245974.47717285 3357373.84997559 16.10062027 92 92 90
245980.88781738 3357372.89389038 16.10455894 94 96 95
245973.07513428 3357373.59390259 16.43216705 128 130 125
245968.23168945 3357373.76928711 16.57379532 29 31 30
245981.96478271 3357373.81744385 16.14655304 83 83 81
245983.86267090 3357374.27044678 16.67586517 57 56 54
245984.47198486 3357375.20825195 16.52494431 78 79 83
245982.52484131 3357373.91857910 16.12081146 86 85 81
245978.90856934 3357373.11868286 16.09746742 142 139 132
245984.03442383 3357373.68688965 16.29456329 129 122 116
245983.53430176 3357374.00003052 16.12166023 142 135 127
245976.84558105 3357373.24789429 16.09586525 77 77 75
245973.50872803 3357373.35913086 16.15761757 73 73 71
245965.59014893 3357375.59518433 16.17811775 105 107 104
245973.86907959 3357373.73291016 16.13616753 163 162 157
245977.15344238 3357372.83670044 16.20497894 71 71 71
245979.66613770 3357373.58145142 16.52700043 88 88 86
245968.10314941 3357373.34515381 16.32197189 84 84 82
245984.56195068 3357376.32022095 16.59468842 196 167 137
245981.91284180 3357373.88327026 16.57285690 48 48 40
245984.49505615 3357376.46093750 16.60627747 148 140 137
245984.88787842 3357375.63473511 16.13879013 110 110 110
245978.06463623 3357373.19458008 16.11744499 135 140 133
245979.09173584 3357373.14526367 16.10198593 75 76 71
245982.15447998 3357373.30471802 16.19783211 87 86 81
245966.81280518 3357373.73098755 16.23953247 157 150 140
245979.97534180 3357372.97662354 16.40405083 191 194 187
245966.63317871 3357373.48590088 16.17720413 156 149 141
245984.04992676 3357373.23446655 16.37218475 128 121 115
245982.27362061 3357372.93310547 16.15984535 131 126 120
245978.72241211 3357373.70172119 16.08354568 128 125 118
245984.32543945 3357375.23202515 16.76731491 63 64 66
245984.48229980 3357378.00469971 16.25155640 84 88 89
245980.42559814 3357372.82788086 16.28079605 75 73 74
245973.25909424 3357372.65579224 16.15464592 159 155 144
245984.48724365 3357376.59671021 16.77310371 107 108 110
245984.15698242 3357373.74749756 16.20383263 125 120 116
245967.86602783 3357373.31039429 16.22712898 156 158 147
245965.35894775 3357375.43188477 16.16757393 154 155 150
245977.06945801 3357373.72470093 16.45068169 51 50 45
245984.74572754 3357376.06604004 16.56667900 92 96 97
245977.83337402 3357373.03405762 16.08219910 99 99 97
245965.42614746 3357373.72140503 16.20830536 179 175 166
245984.77227783 3357377.18444824 16.31122589 64 66 65
245975.03344727 3357373.68725586 16.44321251 203 205 202
245968.50451660 3357373.70852661 16.67139053 8 8 6
245984.24853516 3357377.52389526 16.15379143 81 82 86
245975.80267334 3357373.35174561 16.27426910 86 86 84
245965.67846680 3357375.61752319 16.18979645 90 90 88
245973.34338379 3357373.55429077 16.18757057 78 80 77
245968.71075439 3357373.05575562 16.38094139 60 60 58
245975.53027344 3357373.14434814 16.06766510 91 90 86
245968.97766113 3357373.72625732 16.70447540 114 116 129
245976.84759521 3357373.65878296 16.16725349 138 138 136
245983.57299805 3357373.76666260 16.18647766 100 93 85
245979.70117188 3357373.01052856 16.38958168 58 58 56
245975.25366211 3357373.69052124 16.19539833 65 65 63
245969.55700684 3357373.49111938 16.16990471 90 85 81
245981.81488037 3357373.08142090 16.31713486 47 49 48
245979.20220947 3357373.04776001 16.14130211 74 76 75
245966.07159424 3357373.69476318 16.37627602 147 134 128
245965.34472656 3357376.12725830 16.14927673 139 139 137
245984.96209717 3357376.23934937 16.54438972 41 37 38
245970.83465576 3357373.57077026 16.15676880 109 106 101
245967.10296631 3357373.49191284 16.48554420 151 147 138
245971.89038086 3357373.78396606 16.29861450 151 150 148
245977.00891113 3357373.79418945 16.46696854 65 64 59
245969.54260254 3357373.61221313 16.19478416 155 150 146
245974.77844238 3357373.50906372 16.13927841 89 90 85
245970.48596191 3357373.23977661 16.12800789 90 90 88
245967.92980957 3357373.96932983 16.50217628 39 40 35
245975.35528564 3357373.86062622 16.24207497 78 77 72
245976.16973877 3357373.60311890 16.36830330 66 66 64
245974.27905273 3357372.74371338 16.08973312 182 175 165
245975.01446533 3357372.99829102 16.24246979 208 207 203
245966.22668457 3357373.90103149 16.51362038 114 80 78
245983.37292480 3357373.66012573 16.17316437 125 120 114
245965.76617432 3357373.50354004 16.29132080 168 161 155
245968.87390137 3357373.35861206 16.42096710 45 45 45
245974.59436035 3357373.00897217 16.13409424 140 133 123
245973.07983398 3357373.49575806 16.41281509 79 79 77
245985.11529541 3357375.40130615 16.31372261 107 97 88
245967.76806641 3357373.19958496 16.18731117 147 146 141
245983.30499268 3357373.30148315 16.16163063 116 113 106
245965.91589355 3357375.25549316 16.45017624 93 97 96
245965.42645264 3357375.60009766 16.17353821 137 137 135
245976.40869141 3357372.76028442 16.13912201 94 93 88
245967.07952881 3357373.38833618 16.51411057 144 141 134
245980.61474609 3357373.39434814 16.21092606 55 55 55
245970.03393555 3357373.25372314 16.30772972 26 27 29
245977.72064209 3357373.54669189 16.21726990 127 129 126
245970.16577148 3357373.79772949 16.21755409 77 79 78
245972.98132324 3357372.90957642 16.30877113 133 130 123
245966.04437256 3357374.45809937 16.40800476 163 169 169
245984.93627930 3357376.29501343 16.54143524 65 50 53
245984.14941406 3357375.86389160 16.31978226 36 38 37
245967.71038818 3357373.62426758 16.31538200 146 158 148
245968.21069336 3357373.77917480 16.55883980 34 34 34
245982.01153564 3357373.71582031 16.13897324 81 81 79
245974.14178467 3357373.36056519 16.08570099 122 121 116
245965.29284668 3357373.64346313 16.16406441 183 179 170
245971.38269043 3357373.31338501 16.22793007 23 23 23
245965.75726318 3357375.14196777 16.23659325 76 76 76
245984.14776611 3357374.80694580 16.59962463 74 73 78
245968.65045166 3357372.77847290 16.34438324 72 73 68
245973.84082031 3357373.52850342 16.11776161 108 107 103
245973.84057617 3357373.53204346 16.11710739 108 107 103
245984.88269043 3357378.27661133 16.29454613 66 66 66
245965.79125977 3357375.06179810 16.32560158 70 74 75
245984.81951904 3357375.47375488 16.21315193 47 48 50
245968.77508545 3357373.65042114 16.59200668 38 40 39
245976.14562988 3357373.68881226 16.47570038 64 67 60
245972.27648926 3357372.72372437 16.11713409 156 151 145
245970.70831299 3357372.87997437 16.12396049 176 169 159
245965.93078613 3357373.78887939 16.46144867 138 125 117
245966.15863037 3357374.64044189 16.85108948 234 232 235
245972.14367676 3357372.54858398 16.08580780 171 163 152
245985.22912598 3357378.17901611 16.01136589 124 125 120
245969.85705566 3357373.75292969 16.26443100 52 51 49
245970.90051270 3357373.89511108 16.24539566 119 118 114
245972.91229248 3357373.19348145 16.20346642 96 97 92
245984.73004150 3357375.26965332 16.43650246 82 86 87
245966.28369141 3357374.24118042 16.80567360 121 123 118
245984.17883301 3357376.99063110 16.43889236 69 70 74
245965.88043213 3357375.22375488 16.40841103 65 71 71
245973.35266113 3357372.90573120 16.29241180 81 82 77
245972.03161621 3357373.20648193 16.15507317 61 61 61
245984.89697266 3357377.91067505 16.20806694 176 170 154
245971.21636963 3357373.80178833 16.54638100 19 23 24
245984.79144287 3357374.01791382 16.32773972 188 185 180
245982.53808594 3357373.87911987 16.11767960 90 89 85
245983.90551758 3357373.91232300 16.32725143 150 143 137
245972.07983398 3357373.24490356 16.18729401 29 29 29
245979.29455566 3357372.82363892 16.18734741 128 127 125
245975.42553711 3357373.40420532 16.09397316 91 90 88
245968.14978027 3357373.68685913 16.38393593 76 81 77
245981.37658691 3357373.10897827 16.28212166 30 30 28
245973.04998779 3357373.03463745 16.45802879 180 179 177
245982.04522705 3357373.68469238 16.13694763 81 83 78
245970.36083984 3357373.49124146 16.16696167 82 81 79
245983.80535889 3357374.10821533 16.47578239 189 185 176
245980.60815430 3357373.17761230 16.29599190 58 58 58
245969.52502441 3357373.59744263 16.19500732 161 154 148
245984.81640625 3357376.54129028 16.59459877 62 27 33
245965.68463135 3357374.15103149 16.40228844 40 36 35
245970.37255859 3357373.55654907 16.16038513 82 81 79
245971.06225586 3357373.91040039 16.36985207 42 42 40
245965.54010010 3357375.69696045 16.17771339 110 112 109
245984.47418213 3357375.38092041 16.58236504 63 64 66
245975.08093262 3357373.74078369 16.40427589 62 64 63
245973.01477051 3357373.78036499 16.68679619 126 130 133
245984.72503662 3357374.01034546 16.30774689 200 197 192
245985.17297363 3357376.32623291 16.38429642 103 97 97
245966.97039795 3357373.30746460 16.37553596 143 136 126
245969.01171875 3357373.22973633 16.41712189 60 60 60
245968.66918945 3357373.29992676 16.36145973 37 39 38
245976.32159424 3357373.78195190 16.36292076 59 57 58
245980.15576172 3357373.11462402 16.30035210 46 46 44
245983.41558838 3357374.08981323 16.14046097 139 130 121
245981.63159180 3357373.09750366 16.35427475 40 40 38
245968.95062256 3357373.71307373 16.69381142 65 67 79
245982.95202637 3357373.94567871 16.28405571 135 135 125
245977.97656250 3357373.30227661 16.11891747 97 99 94
245976.67242432 3357372.99087524 16.13448906 97 99 98
245974.02368164 3357373.40838623 16.10997772 153 152 147
245968.00744629 3357373.80584717 16.37053680 45 47 44
245974.00231934 3357372.87911987 16.13814163 140 139 134
245970.68841553 3357372.57986450 16.10887718 169 165 153
245965.54168701 3357374.06430054 16.33047104 222 205 185
245984.26995850 3357377.43008423 16.16731071 84 88 91
245967.11260986 3357373.44796753 16.51743889 153 150 143
245980.31903076 3357373.51663208 16.46039581 73 69 68
245975.00732422 3357373.00488281 16.23791122 208 207 203
245975.18426514 3357373.71591187 16.22133446 41 43 40
245983.85253906 3357373.31460571 16.31950951 132 129 124
245970.19842529 3357372.77175903 16.17755318 105 100 94
245981.45092773 3357373.37402344 16.98331261 73 73 73
245970.65893555 3357373.62796021 16.10691452 124 123 118
245970.65051270 3357372.83349609 16.10984421 174 165 156
245984.13348389 3357377.16589355 16.39926910 65 69 72
245984.15887451 3357377.09204102 16.41087532 69 68 73
245969.82867432 3357373.44564819 16.24184990 79 79 79
245967.52404785 3357373.52221680 16.40108109 186 200 183
245981.15301514 3357373.22784424 16.22952843 45 45 45
245970.45159912 3357372.92321777 16.14818764 134 129 123
245968.80883789 3357372.76708984 16.26148224 90 87 82
245979.42047119 3357373.47885132 16.41166115 41 42 44
245976.37036133 3357373.55984497 16.17710495 99 99 97
245972.70849609 3357373.17031860 16.11135864 107 106 102
245968.10021973 3357372.96594238 16.42812729 90 91 86
245981.62316895 3357373.26278687 16.72678757 77 78 80
245985.13134766 3357376.90188599 16.20404053 96 97 92
245981.26208496 3357373.14773560 16.48431778 147 145 146
245982.37854004 3357373.60394287 16.11237526 114 113 108
245981.39697266 3357373.81030273 16.78310585 56 61 41
245967.20794678 3357373.13433838 16.54084969 199 198 193
245979.75482178 3357372.82443237 16.47706223 55 55 53
245969.69293213 3357373.45932007 16.18973160 82 81 77
245984.69274902 3357375.17605591 16.21093369 76 80 81
245984.59375000 3357374.04196167 16.57155800 186 171 168
245984.27917480 3357377.00689697 16.40006638 71 72 74
245969.19085693 3357373.69461060 16.53263664 130 129 125
245975.01391602 3357373.12149048 16.26315308 149 145 142
245984.36639404 3357375.07861328 16.38448906 81 82 86
245968.22149658 3357373.40103149 16.36303139 30 30 30
245973.05603027 3357372.98733521 16.47379684 177 176 174
245980.15539551 3357373.48129272 16.57955360 65 64 60
245984.77728271 3357377.55218506 16.11421585 120 116 113
245974.26104736 3357373.64785767 16.07469177 150 143 135
245978.95416260 3357372.84280396 16.11585426 100 100 98
245981.00677490 3357373.78472900 16.23380089 165 164 162
245976.58532715 3357373.84735107 16.31908035 63 63 61
245984.46380615 3357376.39123535 16.48572731 51 38 29
245969.82714844 3357373.21499634 16.25518799 88 89 84
245980.11456299 3357372.77151489 16.32877350 91 92 87
245968.16925049 3357373.20361328 16.37633514 87 89 88
245969.25115967 3357373.43328857 16.38707161 51 45 45
245971.12237549 3357373.82727051 16.36351204 39 40 42
245970.20306396 3357373.48168945 16.24264526 41 36 40
245967.31439209 3357373.25088501 16.58926392 145 150 144
245981.55621338 3357373.72799683 16.84227562 95 98 89
245984.38195801 3357376.31411743 16.30202484 75 71 68
245976.65301514 3357373.20532227 16.10947609 88 88 88
245968.64416504 3357373.64141846 16.57821083 73 73 73
245970.98901367 3357373.86190796 16.27024841 103 101 102
245968.23004150 3357373.81848145 16.70564270 87 92 88
245968.78015137 3357373.31292725 16.38471603 82 82 82
245970.38562012 3357372.94168091 16.16578674 92 89 84
245967.37890625 3357373.62570190 16.68025589 143 144 138
245985.06085205 3357377.59576416 16.02755356 140 139 134
245968.52215576 3357373.07656860 16.49547768 65 69 72
245978.06506348 3357373.38751221 16.30505943 113 115 110
245980.62658691 3357373.81781006 16.39182472 44 43 39
245984.35833740 3357374.62228394 16.28423500 14 18 21
245967.16394043 3357373.88037109 16.31782913 162 158 149
245984.06402588 3357377.98464966 16.36784363 64 65 70
245970.33160400 3357372.69781494 16.11503792 168 159 150
245984.83282471 3357375.97702026 16.45424843 45 45 43
245983.05828857 3357373.37103271 16.15744209 170 166 157
245970.20007324 3357372.87216187 16.22501183 68 67 65
245979.16961670 3357373.77282715 16.36029625 123 120 113
245984.94641113 3357373.97488403 16.10135651 133 130 125
245984.85351563 3357374.12393188 16.29371262 122 114 112
245968.85949707 3357372.80526733 16.26040649 91 88 83
245978.55566406 3357373.85647583 16.12245941 149 146 137
245983.22790527 3357373.26739502 16.12463379 109 106 99
245970.28253174 3357373.70181274 16.17624855 72 72 70
245976.02709961 3357373.47244263 16.51468277 19 19 19
245971.84167480 3357373.44226074 16.14570618 83 83 81
245966.30303955 3357374.33267212 16.84162140 68 72 71
245984.24511719 3357375.73275757 16.30093575 67 69 68
245970.14508057 3357373.04064941 16.30867004 54 55 50
245981.20812988 3357373.29455566 16.42268944 20 21 23
245978.13781738 3357373.50637817 16.44992828 150 153 146
245981.75085449 3357373.46154785 16.67849159 25 26 28
245984.70758057 3357375.12829590 16.18039894 82 83 87
245975.72735596 3357373.45724487 16.26441765 103 104 98
245981.81939697 3357373.62664795 16.31745529 42 43 45
245970.13110352 3357372.90158081 16.31296921 40 39 34
245972.24658203 3357373.37176514 16.22612572 57 59 58
245981.94158936 3357373.21691895 16.30107689 85 84 82
245965.26129150 3357373.55151367 16.16395378 173 169 160
245984.79833984 3357376.70080566 16.55474472 70 64 66
245981.23199463 3357373.20828247 16.51824570 106 108 107
245970.39666748 3357373.31414795 16.14526176 91 90 86
245981.03692627 3357373.06890869 16.09893417 115 114 112
245984.56890869 3357378.01422119 16.25429916 86 87 89
245979.95996094 3357372.90798950 16.43565750 165 170 163
245981.31402588 3357372.90414429 16.06741142 114 110 101
245984.66510010 3357373.91705322 16.10288239 104 103 98
245973.54650879 3357373.59945679 16.14171791 201 203 198
245976.23437500 3357373.48080444 16.24174118 59 59 57
245972.91839600 3357372.66436768 16.17347145 152 148 136
245984.38403320 3357376.74816895 16.63043785 65 66 68
245983.71826172 3357374.09796143 16.31067085 145 138 130
245980.67443848 3357372.99737549 16.25297546 128 128 126
245965.81665039 3357375.70880127 16.26637459 101 103 100
245976.26348877 3357373.68902588 16.33084869 67 67 67
245972.00494385 3357373.34918213 16.18057442 43 43 43
245977.56762695 3357373.79724121 16.19727325 87 89 86
245983.95269775 3357373.27081299 16.33493233 111 104 98
245984.77856445 3357374.12484741 16.50929642 67 66 62
245984.31939697 3357374.30944824 16.45883560 77 77 79
245966.18579102 3357373.49743652 16.16184425 176 171 165
245984.25579834 3357375.46334839 16.63199425 41 42 44
245977.09301758 3357373.22924805 16.17431831 96 97 92
245982.12341309 3357374.02905273 16.10921860 54 55 50
245973.05017090 3357373.70794678 16.56142235 156 158 157
245969.54486084 3357372.92614746 16.15017509 147 147 139
245968.02227783 3357373.41702271 16.29092026 122 123 118
245984.20446777 3357376.36331177 16.96360779 160 162 159
245966.09655762 3357374.36721802 16.37780762 116 118 117
245967.41607666 3357373.33099365 16.52966309 178 192 177
245965.86035156 3357373.81454468 16.42344666 159 150 145
245970.45458984 3357373.13775635 16.14147377 90 88 89
245984.56451416 3357375.54592896 16.17830658 49 51 50
245967.82141113 3357373.60394287 16.25663567 56 61 55
245973.48608398 3357373.20986938 16.19415855 72 72 70
245975.21893311 3357373.62414551 16.17523766 74 74 72
245976.76013184 3357373.42431641 16.08110809 102 102 102
245969.16015625 3357373.08688354 16.26981544 61 62 57
245984.65270996 3357374.18664551 16.52782822 57 55 56
245972.64367676 3357373.16357422 16.10426521 97 96 92
245984.80816650 3357377.72848511 16.14955711 133 130 123
245978.40979004 3357373.62768555 16.14205170 102 103 98
245966.20922852 3357374.07369995 16.67115784 223 203 205
245978.59936523 3357373.75448608 16.09116936 101 100 95
245983.99328613 3357373.95117188 16.53082275 143 138 134
245980.48693848 3357373.69403076 16.41602516 14 14 14
245980.53997803 3357373.52612305 16.25878143 50 50 50
245980.08514404 3357373.03060913 16.30623627 113 114 109
245984.24060059 3357376.19338989 16.28207970 34 35 37
245976.08435059 3357373.50888062 16.44625854 17 17 17
245973.25305176 3357373.29797363 16.24234581 74 75 77
245980.90771484 3357373.84094238 16.52859116 65 66 58
245984.03009033 3357376.67727661 16.67715263 67 67 69
245983.94152832 3357374.90542603 16.65675163 50 50 48
245972.79351807 3357373.85583496 16.50656509 153 149 150
245981.72467041 3357373.39596558 16.47426224 33 32 37
245972.35101318 3357373.20153809 16.19042969 50 50 48
245968.90948486 3357373.60586548 16.59620667 54 53 61
245979.12915039 3357373.36422729 16.12854385 118 117 113
245981.91381836 3357373.59497070 16.18053246 70 70 68
245976.21600342 3357372.90814209 16.18910599 107 106 101
245977.49102783 3357373.12927246 16.16095734 81 81 79
245969.70562744 3357373.55908203 16.18671989 112 111 107
245981.74841309 3357373.30618286 16.39340782 39 41 40
245974.30975342 3357372.97891235 16.11341858 121 121 113
245981.27001953 3357373.07901001 16.14100075 72 72 70
245966.24639893 3357374.30767822 16.66148567 55 55 55
245967.89379883 3357373.84921265 16.34201050 50 50 48
245985.24615479 3357377.83666992 15.98516560 134 135 130
245970.83056641 3357372.51409912 16.14175797 161 155 143
245966.31158447 3357374.00610352 16.51173210 161 136 131
245982.02978516 3357372.95223999 16.24876595 118 115 110
245968.85943604 3357373.64437866 16.60742569 61 60 68
245981.26452637 3357372.97119141 16.09654617 67 64 59
245975.03802490 3357373.49676514 16.30599976 84 83 79
245984.95062256 3357378.29824829 16.34247780 83 83 83
245984.61077881 3357376.76568604 16.62815666 75 76 78
245984.09881592 3357374.19653320 16.52548981 188 184 181
245967.41137695 3357374.02154541 16.65410614 141 141 133
245966.16741943 3357374.62222290 16.67334747 78 79 81
245967.42474365 3357373.43310547 16.56748962 160 168 155
245971.96966553 3357372.77008057 16.12052345 134 131 126
245968.34576416 3357373.45874023 16.39532661 138 138 138
245975.93579102 3357373.71557617 16.68735504 163 162 157
245975.96459961 3357372.99124146 16.24110031 105 102 97
245965.48052979 3357375.94552612 16.17687225 116 118 117
245966.62512207 3357373.23559570 16.16883850 157 150 142
245985.39703369 3357377.72940063 15.95590115 167 167 159
245979.12615967 3357372.79913330 16.10934448 124 125 119
245976.92816162 3357373.46643066 16.12194633 135 136 130
245968.26110840 3357373.63739014 16.42078018 90 90 88
245984.24194336 3357375.34024048 16.71556854 70 71 73
245968.63995361 3357373.37667847 16.38425827 38 40 39
245981.59771729 3357373.26916504 16.80003929 57 58 62
245985.13391113 3357374.45260620 16.26268387 89 90 92
245981.73010254 3357373.27584839 16.42825508 34 38 37
245966.26910400 3357374.44479370 16.72311020 35 33 34
245973.22308350 3357372.63397217 16.15250206 158 151 141
245978.83068848 3357373.27575684 16.08908844 159 156 149
245967.89178467 3357373.01669312 16.26168251 154 155 149
245984.56726074 3357373.99075317 16.23176956 59 51 48
245968.88629150 3357373.42553711 16.45325470 58 56 57
245973.23730469 3357373.09265137 16.35008812 100 100 98
245979.97875977 3357373.08789063 16.37014008 189 190 184
245983.12988281 3357373.72644043 16.20695496 174 168 154
245969.63214111 3357373.72052002 16.22234535 158 155 150
245971.33093262 3357373.03067017 16.35384560 34 36 33
245984.19042969 3357375.42370605 16.65045357 33 35 34
245984.12359619 3357375.02886963 16.63206100 158 150 147
245965.51007080 3357374.93231201 16.17042732 80 78 79
245967.69348145 3357373.93527222 16.56110001 103 109 99
245966.10931396 3357374.72781372 16.72187424 227 226 231
245984.22161865 3357375.83001709 16.27748299 42 44 43
245965.91424561 3357373.83139038 16.46700859 159 148 144
245972.21374512 3357372.99911499 16.17501259 18 20 17
245979.06658936 3357373.82571411 16.20959663 131 127 118
245984.60095215 3357376.93435669 16.43952560 87 87 89
245970.38763428 3357373.57843018 16.15076828 87 86 82
245980.72106934 3357373.67056274 16.16875839 47 47 47
245977.91497803 3357373.77279663 16.37765694 78 80 75
245983.76611328 3357374.19812012 16.48647881 49 48 44
245981.13482666 3357373.25518799 16.21197510 52 52 52
245967.05664063 3357373.06216431 16.33511734 154 146 127
245973.97564697 3357373.45193481 16.10723495 156 153 146
245980.90374756 3357373.84197998 16.52398682 65 66 58
245984.94299316 3357373.75131226 16.02794456 161 158 153
245972.58331299 3357372.89672852 16.13818741 73 74 68
245965.45721436 3357375.52764893 16.17268562 143 143 141
245985.01660156 3357375.88977051 16.27656555 82 81 79
245985.58428955 3357378.16290283 15.96383953 155 153 141
245974.36175537 3357372.69284058 16.08834648 135 127 116
245981.87927246 3357373.54336548 16.20296860 63 68 64
245971.47955322 3357373.42413330 16.18374252 62 62 60
245984.29638672 3357376.45996094 16.44408798 45 46 41
245976.06475830 3357373.69274902 16.60482788 90 91 85
245971.82440186 3357373.89285278 16.30348206 111 103 101
245979.32006836 3357373.30694580 16.25674248 67 67 65
245975.83264160 3357373.44699097 16.47343826 38 39 34
245984.14068604 3357376.73126221 16.64514732 60 60 60
245973.92297363 3357373.89959717 16.15041924 108 105 100
245980.92181396 3357373.25115967 16.10282135 75 75 75
245971.52984619 3357372.74368286 16.38961792 28 28 28
245984.23217773 3357376.49423218 16.90561676 65 67 66
245970.54498291 3357373.22830200 16.12124252 94 93 89
245972.48492432 3357373.46261597 16.14049530 83 84 79
245984.38439941 3357375.64700317 16.17924690 71 73 72
245973.01770020 3357373.75549316 16.65464592 107 111 114
245965.32733154 3357373.56002808 16.16956329 171 167 158
245984.45880127 3357374.90704346 16.21331024 78 79 84
245966.35919189 3357373.45050049 16.14113426 175 168 158
245973.94201660 3357372.84573364 16.17399597 112 111 106
245972.14147949 3357372.81164551 16.12872124 75 70 66
245984.56347656 3357374.58557129 16.27064323 52 53 57
245978.71258545 3357372.83889771 16.16376495 90 91 85
245968.58239746 3357373.17105103 16.42001343 121 122 124
245981.87408447 3357373.77984619 16.38192177 75 76 71
245975.82135010 3357373.56539917 16.63834953 153 153 145
245971.56982422 3357373.13845825 16.20873070 67 67 67
245984.32238770 3357375.62045288 16.28839493 61 65 64
245984.46051025 3357377.90951538 16.23250771 85 89 92
245974.97119141 3357373.52993774 16.21700096 78 77 75
245970.09967041 3357373.71112061 16.23676300 87 91 94
245980.21661377 3357373.21179199 16.31445694 51 51 49
245984.02185059 3357373.57165527 16.26993752 133 129 120
245966.19738770 3357374.54479980 16.60601616 14 14 16
245972.24066162 3357372.70135498 16.11093521 163 159 150
245985.06225586 3357374.40429688 16.31700897 48 52 55
245985.02282715 3357373.99215698 16.03710175 153 150 145
245968.39648438 3357372.86248779 16.67591286 196 198 197
245979.79840088 3357372.99533081 16.42940140 65 65 63
245973.98004150 3357373.13903809 16.17010498 124 123 118
245981.59185791 3357373.02282715 16.16250038 46 48 45
245984.78991699 3357374.22869873 16.47546005 38 40 39
245971.21807861 3357373.71212769 16.36947441 33 38 34
245973.42333984 3357373.79998779 16.25818062 115 115 113
245976.74047852 3357373.46908569 16.07774925 93 93 91
245983.36199951 3357373.83645630 16.15429497 146 137 128
245968.34765625 3357373.60897827 16.45304680 81 83 82
245965.94409180 3357373.99493408 16.46406937 124 119 113
245984.70385742 3357375.12777710 16.18089867 82 83 87
245973.84082031 3357373.74380493 16.14736748 153 152 147
245971.61938477 3357372.71002197 16.30984116 59 59 57
245976.84466553 3357373.65029907 16.15917015 144 144 142
245966.18823242 3357374.58749390 16.73957634 80 80 82
245976.48297119 3357373.01589966 16.12438965 108 108 108
245974.78167725 3357373.74026489 16.15478516 113 114 109
245977.96417236 3357373.09646606 16.07702446 114 114 112
245973.55181885 3357373.16336060 16.24509811 66 67 62
245984.28118896 3357373.41464233 16.12899590 136 127 120
245981.17138672 3357373.53536987 16.34744453 25 26 28
245978.48754883 3357373.34503174 16.14766884 96 98 93
245980.78271484 3357373.15069580 16.13155174 67 65 66
245979.18621826 3357372.83612061 16.12660217 104 103 99
245984.24578857 3357376.70812988 16.67141914 61 61 63
245968.17999268 3357373.88201904 16.71352577 124 125 120
245983.21771240 3357373.98101807 16.20833588 145 136 127
245984.06457520 3357377.51358032 16.36595917 65 68 75
245983.89703369 3357373.44155884 16.38763046 90 87 80
245976.54064941 3357373.58895874 16.10044289 36 36 34
245979.89843750 3357372.79043579 16.50254631 220 222 219
245965.33496094 3357373.57797241 16.17329407 181 176 170
245985.08239746 3357377.92800903 16.06491661 96 97 92
245976.78924561 3357373.84429932 16.38292503 107 106 101
245984.63378906 3357376.82128906 16.55908203 82 82 84
245982.52807617 3357373.97271729 16.14162445 75 74 70
245985.24591064 3357376.61901855 16.30734253 162 164 163
245980.86541748 3357373.54559326 16.12176132 54 56 55
245983.14807129 3357373.14163208 16.06092453 106 106 98
245985.19177246 3357377.90155029 15.99440289 123 124 118
245966.58831787 3357374.30581665 16.63635826 68 64 61
245978.11688232 3357373.63027954 16.47590637 92 92 84
245984.30651855 3357377.33773804 16.16710281 81 85 88
245984.99102783 3357376.25500488 16.52195549 53 49 50
245984.33422852 3357374.90371704 16.25182343 74 75 79
245984.54974365 3357377.24517822 16.25633430 85 86 90
245965.96112061 3357374.84509277 16.50506783 223 227 226
245970.86627197 3357373.39843750 16.16806602 178 171 163
245981.54461670 3357373.23034668 16.83135986 51 52 54
245974.89355469 3357372.97421265 16.15074539 241 238 233
245967.84570313 3357373.01913452 16.23863983 167 164 157
245984.59185791 3357373.85256958 16.09124184 98 97 92
245965.35321045 3357374.31466675 16.20377731 150 145 139
245979.21563721 3357373.73504639 16.42561531 221 216 213
245980.91601563 3357373.82919312 16.48444939 64 65 59
245982.15264893 3357373.77276611 16.09440422 88 88 86
245967.02984619 3357373.60687256 16.35603714 149 145 134
245967.60510254 3357373.91714478 16.64844513 149 151 146
245985.28515625 3357376.62786865 16.28911591 120 120 120
245983.04418945 3357373.97796631 16.30549240 127 123 114
245984.19732666 3357376.07778931 16.28569984 22 22 22
245971.19110107 3357372.65539551 16.26458549 130 125 119
245980.87469482 3357373.84533691 16.46996307 68 69 63
245979.91345215 3357372.99197388 16.41849899 124 126 121
245969.45855713 3357372.81320190 16.15227509 162 155 149
245966.25396729 3357373.90155029 16.47156334 67 39 36
245970.54644775 3357373.89590454 16.14539146 165 161 160
245979.19561768 3357373.74215698 16.38620567 171 166 163
245980.55712891 3357373.73031616 16.31202126 18 20 19
245981.13763428 3357373.62057495 16.39407158 36 36 34
245984.43164063 3357375.51400757 16.34404182 41 43 42
245984.18341064 3357374.64443970 16.45946503 40 39 45
245981.33032227 3357373.11233521 16.50974846 78 78 78
245984.20550537 3357374.70544434 16.39671326 18 17 22
245984.04852295 3357373.85333252 16.44736671 175 168 162
245965.66119385 3357374.07067871 16.36882973 53 43 34
245979.55041504 3357373.59500122 16.44916534 41 43 38
245969.91534424 3357372.94134521 16.31532669 161 154 144
245980.45281982 3357373.07345581 16.35871315 80 82 81
245985.33245850 3357376.30725098 16.15939140 67 66 64
245977.28100586 3357372.99667358 16.26038361 39 40 35
245966.58215332 3357373.49136353 16.16697884 161 154 144
245971.49316406 3357373.52423096 16.16669655 65 65 63
245966.19042969 3357373.41207886 16.15174484 170 167 158
245981.27239990 3357373.69732666 16.76415062 43 44 39
245973.45947266 3357373.39581299 16.16423607 80 80 78
245972.14965820 3357373.34957886 16.22966957 58 60 59
245980.11260986 3357373.68179321 16.66204453 75 69 69
245984.47576904 3357378.04083252 16.25535583 83 87 88
245965.73699951 3357373.33346558 16.20649529 180 177 168
245968.33709717 3357373.85058594 16.81283951 137 141 142
245984.90545654 3357374.30264282 16.22598267 59 59 59
245976.40087891 3357372.98904419 16.14214897 89 90 85
245977.40155029 3357372.76892090 16.26000023 42 41 39
245969.25122070 3357373.79412842 16.49053764 80 77 72
245969.61456299 3357373.08789063 16.17003250 96 93 88
245976.55926514 3357373.09503174 16.12725258 94 94 92
245971.73571777 3357372.69079590 16.21988487 70 69 65
245984.79785156 3357373.84841919 16.07942390 189 185 182
245978.48840332 3357372.98117065 16.21106148 182 192 184
245982.68072510 3357373.27410889 16.13514328 87 86 81
245965.70031738 3357375.79858398 16.19815254 105 107 104
245977.80541992 3357373.06649780 16.08311272 99 101 98
245969.08557129 3357373.32788086 16.50181580 46 45 43
245984.61773682 3357375.41683960 16.42340279 68 69 71
245974.33105469 3357372.70114136 16.08942986 148 139 130
245974.39874268 3357372.92108154 16.11358452 157 154 145
245975.82238770 3357373.07873535 16.17648125 100 96 93
245969.13861084 3357373.19512939 16.36701202 102 103 98
245967.44891357 3357373.87167358 16.64370537 144 141 134
245984.89202881 3357375.36343384 16.50139809 45 50 53
245965.67315674 3357373.70965576 16.26772881 175 168 162
245965.97302246 3357373.48339844 16.23672485 84 81 74
245984.94372559 3357373.68634033 16.03063774 166 162 159
245984.57696533 3357375.61309814 16.12696457 80 80 80
245965.55670166 3357375.00381470 16.18828392 65 65 65
245980.43652344 3357372.87753296 16.30028725 79 79 79
245971.84930420 3357373.08618164 16.13336754 78 79 74
245985.17401123 3357375.72177124 16.14702034 132 131 127
245981.74615479 3357373.45849609 16.68950081 36 36 38
245971.50488281 3357373.00540161 16.31611252 52 52 52
245977.51123047 3357372.81506348 16.18047714 85 85 83
245981.59582520 3357373.62490845 16.86995316 135 135 133
245984.73553467 3357377.75695801 16.17048836 133 132 128
245968.09191895 3357373.91491699 16.60866928 80 82 77
245980.81048584 3357373.87319946 16.44922066 54 55 50
245971.12756348 3357372.97390747 16.26018524 113 113 111
245984.05108643 3357377.71002197 16.40242958 63 66 71
245984.07116699 3357375.68811035 16.46995926 46 47 49
245975.53643799 3357372.95043945 16.07110977 87 86 81
245967.70465088 3357373.89971924 16.48173714 145 150 144
245970.16339111 3357373.77160645 16.21315384 77 79 78
245968.77203369 3357373.43951416 16.41997147 56 56 56
245981.53918457 3357373.66262817 16.87009239 86 85 81
245978.69824219 3357373.22103882 16.09419632 93 94 89
245985.15325928 3357377.26739502 16.05031204 102 101 99
245979.50610352 3357373.74942017 16.49743843 67 64 59
245984.72052002 3357373.91491699 16.10605431 103 100 95
245965.54003906 3357373.58871460 16.24279594 171 168 159
245983.80041504 3357373.59548950 16.37285805 122 118 109
245966.50482178 3357374.07186890 16.29126740 136 128 125
245974.53814697 3357373.87176514 16.10471725 92 92 90
245985.06420898 3357375.21984863 16.40484619 101 99 100
245981.59820557 3357373.23092651 16.74462128 42 43 47
245984.82598877 3357374.27410889 16.42625237 26 30 31
245980.17425537 3357372.82839966 16.29313469 66 67 62
245965.91137695 3357374.77609253 16.41285706 97 101 102
245981.10504150 3357373.68325806 16.55800056 26 25 23
245983.95593262 3357375.62097168 16.56779099 53 55 54
245981.18121338 3357373.60482788 16.73770714 54 54 52
245967.04840088 3357373.20877075 16.45950890 136 127 122
245967.95520020 3357373.11410522 16.28695297 121 120 116
245981.96868896 3357373.86175537 16.18848419 88 87 83
245981.65875244 3357373.53186035 16.87391663 89 88 86
245985.42102051 3357377.38296509 15.98074150 134 131 126
245981.29711914 3357373.11975098 16.45578575 107 107 107
245980.98046875 3357373.80545044 16.23623085 131 131 129
245972.85943604 3357372.77102661 16.15724754 122 118 106
245985.32452393 3357377.77294922 15.96874142 154 153 148
245966.33020020 3357374.06378174 16.63090324 209 185 185
245985.04211426 3357374.54174805 16.30093956 87 88 90
245985.29925537 3357376.65887451 16.27296257 59 59 57
245972.26409912 3357373.82980347 16.29454422 52 51 49
245965.87475586 3357374.59634399 16.34719849 38 44 40
245974.79333496 3357373.01760864 16.13932419 178 169 160
245974.93969727 3357373.16436768 16.21931076 214 206 204
245984.24597168 3357377.61325073 16.13960266 84 85 89
245966.97753906 3357373.14489746 16.32510757 155 145 133
245976.56146240 3357373.73355103 16.17557526 72 74 73
245976.28503418 3357373.82135010 16.42612839 67 70 63
245973.13769531 3357372.89288330 16.47208405 61 60 56
245984.54040527 3357375.51812744 16.21706200 38 42 41
245985.10443115 3357377.71572876 16.02957916 154 153 151
245985.18457031 3357376.20956421 16.30310059 39 39 39
245965.51873779 3357375.79605103 16.17743874 124 124 124
245974.97595215 3357373.69265747 16.45682144 163 168 164
245974.70654297 3357372.99612427 16.13709831 182 174 163
245981.34643555 3357373.70751953 16.80182266 57 59 54
245984.36273193 3357376.68621826 16.70554733 64 64 66
245984.22729492 3357377.88150024 16.24800873 77 78 83
245968.50769043 3357373.34552002 16.41107368 45 46 48
245965.44567871 3357373.53469849 16.20759964 182 178 169
245972.36010742 3357373.62490845 16.16589165 51 53 52
245966.92413330 3357373.66320801 16.29854202 163 157 145
245978.00408936 3357373.08447266 16.07562256 153 155 150
245966.10101318 3357374.64181519 16.49273109 200 204 205
245965.89642334 3357373.59826660 16.38337708 95 75 76
245984.31054688 3357375.67166138 16.24999237 66 66 66
245984.13140869 3357374.39532471 16.56282997 106 104 105
245969.15570068 3357373.04513550 16.25683784 54 55 50
245984.84057617 3357373.97503662 16.19075203 185 182 177
245977.54394531 3357373.03353882 16.13584709 87 89 84
245980.49902344 3357373.40322876 16.27992249 99 101 100
245978.19244385 3357373.53131104 16.41192818 136 137 131
245966.14990234 3357374.89465332 16.79757118 52 50 51
245984.62719727 3357374.07498169 16.58032799 193 179 178
245966.53710938 3357373.20068359 16.16481018 159 155 146
245984.90228271 3357377.24472046 16.21558189 81 81 79
245981.21087646 3357373.27511597 16.42167664 49 50 52
245982.96234131 3357373.20959473 16.08479691 198 195 188
245984.28955078 3357376.06130981 16.24176598 23 25 22
245968.93811035 3357373.38235474 16.45823669 63 61 62
245979.33123779 3357373.33251953 16.28868866 63 63 63
245982.30645752 3357373.11645508 16.15877724 113 110 105
245976.23663330 3357372.88269043 16.18128777 79 78 73
245984.99780273 3357376.57714844 16.39773369 115 106 107
245976.54467773 3357373.53372192 16.09199524 44 44 42
245983.96704102 3357377.99224854 16.52452850 45 49 52
245973.34973145 3357373.49822998 16.18992424 82 82 82
245984.01733398 3357373.90408325 16.53255272 147 142 138
245970.89624023 3357372.92700195 16.18272209 179 173 161
245977.53247070 3357372.93713379 16.15035629 87 87 85
245965.38970947 3357373.62329102 16.19464493 184 179 173
245980.65692139 3357373.79745483 16.30032539 39 39 37
245980.63024902 3357373.83859253 16.47340202 64 66 61
245970.30792236 3357372.99874878 16.19594574 79 78 76
245980.23394775 3357373.39739990 16.38670921 73 72 68
245984.17877197 3357374.56628418 16.46271896 67 67 75
245984.54357910 3357376.46484375 16.68145370 127 119 117
245981.31262207 3357373.10894775 16.23244095 32 30 31
245971.52813721 3357373.94506836 16.22759056 44 44 42
245970.85394287 3357373.65081787 16.16314888 108 107 102
245984.62683105 3357375.64831543 16.11397171 99 99 99
245972.96197510 3357373.55685425 16.28929710 82 84 81
245974.18646240 3357372.91177368 16.10031700 101 98 91
245970.41717529 3357372.88796997 16.15636635 128 123 117
245973.08410645 3357373.42892456 16.40079308 141 142 137
245984.79455566 3357375.48678589 16.19704437 59 60 62
245966.06805420 3357373.68228149 16.36150360 147 134 128
245971.43768311 3357373.16754150 16.25845337 81 81 81
245975.66436768 3357373.60461426 16.44202614 122 123 118
245970.13568115 3357372.79388428 16.19939804 89 84 78
245978.59454346 3357373.16763306 16.13674545 98 101 94
245965.98461914 3357374.05474854 16.46500397 118 115 110
245980.07000732 3357373.56707764 16.66489601 158 157 155
245983.68554688 3357373.66683960 16.36923981 73 69 60
245983.22979736 3357373.97296143 16.19962883 135 127 116
245971.09497070 3357373.79470825 16.31561470 42 44 43
245984.59033203 3357374.25735474 16.48312950 53 53 53
245978.49884033 3357373.67257690 16.11047554 105 106 100
245981.79852295 3357373.50784302 16.58962631 35 37 36
245966.65490723 3357373.63021851 16.19225502 149 142 134
245974.90478516 3357373.53729248 16.18832207 108 108 106
245969.73986816 3357373.71603394 16.22025490 103 102 98
245975.16033936 3357373.82315063 16.32573318 60 59 55
245973.16247559 3357373.12643433 16.41334915 148 150 149
245984.67761230 3357375.49893188 16.22971916 46 45 43
245982.59436035 3357373.88604736 16.13044930 89 88 84
245985.15997314 3357375.07043457 16.19272804 122 120 123
245971.93652344 3357373.73217773 16.31941223 153 153 151
245979.59887695 3357373.73922729 16.51017761 63 59 56
245985.43255615 3357378.22402954 16.03756142 100 99 94
245975.76959229 3357373.52453613 16.59517288 200 200 192
245976.24505615 3357373.52743530 16.24079323 63 63 61
245975.63787842 3357373.11889648 16.09387016 90 89 87
245980.57818604 3357373.77838135 16.35366821 32 32 32
245970.90979004 3357372.85293579 16.19655609 183 177 165
245984.30181885 3357376.52990723 16.57630157 53 53 51
245984.33801270 3357375.07928467 16.61657524 70 70 72
245968.65203857 3357373.18664551 16.39302826 39 41 40
245978.22082520 3357373.41809082 16.37471581 123 126 119
245981.19555664 3357373.24722290 16.35319519 51 51 53
245985.01092529 3357378.17306519 16.05318642 67 68 63
245966.31408691 3357373.90841675 16.38608360 54 35 29
245983.93530273 3357375.75378418 16.52907753 42 43 45
245970.17022705 3357373.38946533 16.27030182 38 36 39
245975.33544922 3357373.65399170 16.17128372 77 77 75
245971.23553467 3357373.75225830 16.39211082 17 19 18
245974.57366943 3357373.44613647 16.12740135 90 89 85
245974.51983643 3357372.97369385 16.12662125 150 143 133
245984.90307617 3357374.58566284 16.31053925 91 92 96
245984.71173096 3357374.36038208 16.40664101 13 17 18
245972.26562500 3357373.46685791 16.20557785 55 57 56
245984.16711426 3357374.84881592 16.56549454 68 69 73
245977.39202881 3357372.79827881 16.26254845 51 50 48
245973.41979980 3357373.09152222 16.27361107 96 97 91
245971.59710693 3357372.53829956 16.22324562 81 78 73
245978.36804199 3357372.97875977 16.22574234 174 177 170
245975.47161865 3357372.77502441 16.08957291 136 133 126
245984.02862549 3357374.02816772 16.57822990 110 105 102
245965.61676025 3357375.18716431 16.20437431 34 35 37
245965.33367920 3357374.56088257 16.16569138 150 150 142
245984.06866455 3357377.16482544 16.45956230 61 62 66
245976.11749268 3357373.00436401 16.27005577 158 155 150
245984.08374023 3357374.63317871 16.68513680 123 127 130
245977.53228760 3357372.93188477 16.15113449 87 87 85
245970.03692627 3357372.80776978 16.24308014 165 163 150
245984.97460938 3357377.64572144 16.07043839 154 153 149
245984.65985107 3357373.99697876 16.55970383 94 78 78
245979.87689209 3357373.19369507 16.44430351 173 175 170
245981.09515381 3357373.72695923 16.27175903 16 16 16
245984.30029297 3357375.11532593 16.70832062 91 91 91
245984.22338867 3357374.78781128 16.35857773 47 46 51
245984.13348389 3357375.38775635 16.65840912 47 47 47
245985.22033691 3357377.63711548 15.97181320 137 136 131
245967.52343750 3357373.80026245 16.58620071 137 138 130
245968.26904297 3357373.58755493 16.40675545 97 97 95
245968.35424805 3357372.92547607 16.63795090 131 135 136
245974.80664063 3357372.99749756 16.13776970 178 169 160
245984.99157715 3357375.95504761 16.41320801 88 89 84
245981.85296631 3357373.13717651 16.33650398 24 26 25
245983.75543213 3357374.17657471 16.44717598 113 110 103
245976.10955811 3357373.03085327 16.28093147 161 160 156
245984.71417236 3357375.26068115 16.40561295 75 76 78
245966.88848877 3357374.01013184 16.18798637 157 154 145
245973.38519287 3357373.05520630 16.29814529 100 99 94
245968.38403320 3357373.69012451 16.60407639 37 39 38
245966.22454834 3357373.25387573 16.14847946 173 166 156
245979.40167236 3357373.72494507 16.48158264 99 98 94
245966.85003662 3357373.16305542 16.20192337 161 153 142
245968.38757324 3357372.83926392 16.65810585 196 198 197
245970.98004150 3357373.35861206 16.19408226 178 174 165
245973.10430908 3357373.40127563 16.26882744 113 115 114
245982.94897461 3357373.16751099 16.08959007 100 99 94
245975.63336182 3357373.50448608 16.20266914 131 131 129
245984.30895996 3357373.58966064 16.11728859 159 152 146
245983.99536133 3357377.18106079 16.54107857 54 55 59
245965.64141846 3357375.61328125 16.18002129 78 80 77
245982.27459717 3357373.16397095 16.16849709 115 112 107
245974.92199707 3357372.88061523 16.15382767 255 254 249
245985.21331787 3357378.11865234 15.97258854 123 124 119
245984.19525146 3357376.20947266 16.31644440 27 27 29
245985.19262695 3357375.03683472 16.12818336 107 107 107
245981.77471924 3357373.48233032 16.46486092 34 35 39
245965.94738770 3357373.90133667 16.48552704 152 139 133
245981.40728760 3357373.28973389 16.97295952 64 63 61
245978.30682373 3357373.64727783 16.23236084 117 118 110
245984.41607666 3357375.03027344 16.25374603 80 81 86
245985.22570801 3357378.17031860 16.00558281 124 125 120
245970.49688721 3357373.59423828 16.09421539 108 107 103
245968.03991699 3357373.91961670 16.52220345 109 112 105
245974.80072021 3357373.65829468 16.16070366 116 115 113
245971.31433105 3357373.17721558 16.28462029 40 41 43
245976.41314697 3357373.05377197 16.13551903 75 76 71
245985.33349609 3357377.37008667 15.98253727 129 126 121
245977.93151855 3357373.41790771 16.24001503 109 114 108
245980.43597412 3357373.12460327 16.35554695 69 71 70
245968.26123047 3357373.70483398 16.48280334 37 39 38
245966.39447021 3357374.67391968 16.90165520 61 60 56
245965.91949463 3357374.47833252 16.36843491 42 48 46
245985.23864746 3357375.82873535 16.11837959 134 133 128
245969.77435303 3357372.60174561 16.13463020 176 170 158
245971.29241943 3357372.51473999 16.22923279 150 140 128
245970.16906738 3357372.89944458 16.27227783 57 56 52
245984.56872559 3357373.81408691 16.08843613 109 108 103
245968.85290527 3357373.29751587 16.39801216 69 69 69
245982.11651611 3357373.68582153 16.11274147 89 91 86
245967.55462646 3357373.53244019 16.36290932 190 204 187
245974.37756348 3357373.36135864 16.10524940 132 127 124
245984.06866455 3357375.81219482 16.39652634 35 35 37
245977.63421631 3357373.05172729 16.09025192 97 99 96
245972.31402588 3357372.73858643 16.12188530 158 154 145
245978.11285400 3357373.42663574 16.40837288 156 161 154
245985.11608887 3357374.65371704 16.23703003 99 100 102
245984.25524902 3357374.59130859 16.37240219 42 45 50
245973.68615723 3357373.55746460 16.13391685 136 137 132
245967.73980713 3357373.21444702 16.19102859 130 129 124
245966.21661377 3357373.76422119 16.30919647 152 138 135
245970.39892578 3357372.83908081 16.15287018 160 153 147
245975.36627197 3357373.65093994 16.16512489 79 79 77
245971.98181152 3357373.82717896 16.45734024 68 63 60
245970.95678711 3357373.87823486 16.25682259 148 146 147
245984.75897217 3357378.25207520 16.24528885 88 88 88
245970.37384033 3357372.73434448 16.12395096 175 166 159
245984.18322754 3357377.05871582 16.40862083 66 70 73
245965.24554443 3357374.18981934 16.19672966 166 159 149
245970.61993408 3357372.80184937 16.10699272 172 163 154
245965.55682373 3357375.90509033 16.17869186 124 126 123
245984.14794922 3357374.61785889 16.56772232 42 45 50
245978.18518066 3357373.45843506 16.46001053 109 112 105
245984.21929932 3357377.19995117 16.30638504 73 74 78
245973.25250244 3357373.82260132 16.65826797 63 63 63
245966.81079102 3357373.49923706 16.26498604 152 145 135
245984.61047363 3357377.23431396 16.27379608 85 86 90
245978.86779785 3357373.07882690 16.10045815 108 108 100
245979.42639160 3357373.73910522 16.48870087 98 95 90
245984.09497070 3357376.62982178 16.76462746 68 69 71
245977.00805664 3357372.87805176 16.12817001 135 135 133
245966.39196777 3357374.40759277 16.99003792 95 94 92
245970.99414063 3357373.00723267 16.20650864 184 181 172
245977.87103271 3357373.29119873 16.09731102 95 97 94
245970.77606201 3357373.09072876 16.12396049 179 173 161
245984.95959473 3357373.54849243 16.03775024 141 137 136
245978.15612793 3357372.88717651 16.08599281 150 150 138
245976.81512451 3357373.15637207 16.10070801 92 92 92
245967.97961426 3357373.82678223 16.37543869 34 34 32
245965.63623047 3357374.95043945 16.18582153 85 85 83
245975.07843018 3357373.07843018 16.27122879 131 130 126
245970.41632080 3357373.38998413 16.13396454 95 94 90
245983.78100586 3357373.45199585 16.40600014 122 119 114
245983.19122314 3357373.41690063 16.23030853 155 151 142
245983.24053955 3357373.35083008 16.18859673 145 141 132
245965.89532471 3357375.30743408 16.40558815 70 74 73
245971.79376221 3357372.97821045 16.15287209 77 78 73
245974.51373291 3357373.61914063 16.09818077 121 122 117
245984.91119385 3357377.55288696 16.06092644 143 144 138
245985.01464844 3357375.20773315 16.40193939 99 99 99
245966.53051758 3357374.07342529 16.25734520 127 119 116
245969.97357178 3357373.89706421 16.32607841 42 38 39
245984.27172852 3357374.45651245 16.38922119 9 19 21
245978.12939453 3357373.55239868 16.46758842 192 195 188
245968.35009766 3357372.89706421 16.63080025 175 177 176
245973.34069824 3357373.65881348 16.20155907 93 93 91
245969.29077148 3357373.30157471 16.30948830 76 75 71
245976.95092773 3357373.71591187 16.31473732 126 127 122
245974.84741211 3357372.92770386 16.13232422 202 199 194
245970.19091797 3357372.86898804 16.22825432 57 56 52
245977.33850098 3357373.31307983 16.22125053 83 83 83
245985.19769287 3357376.20315552 16.25430107 44 46 43
245985.41430664 3357379.42565918 16.58069038 42 44 41
245984.02423096 3357380.97979736 16.37900734 35 29 29
245984.42846680 3357380.08245850 16.98308945 82 83 85
245984.50598145 3357380.36334229 16.70870209 138 123 118
245984.14514160 3357379.18145752 16.68712044 43 45 40
245984.14581299 3357380.11346436 16.69495010 52 52 54
245984.07476807 3357378.22042847 16.41474915 57 60 65
245984.41363525 3357379.05560303 16.39156914 110 106 105
245984.76550293 3357380.12832642 16.99335098 74 72 73
245985.34460449 3357380.47827148 16.07851410 105 107 102
245983.98535156 3357378.10067749 16.47571564 48 51 56
245984.63696289 3357379.49841309 17.36450958 113 117 100
245984.76495361 3357379.67184448 16.80922318 186 187 189
245984.50048828 3357378.88320923 16.50028801 46 46 46
245984.41662598 3357380.60494995 16.19332886 62 62 64
245984.07476807 3357378.93859863 16.75113106 65 61 52
245984.24072266 3357379.75234985 16.74457359 17 17 17
245985.37463379 3357380.52529907 16.07565117 72 74 69
245985.30413818 3357379.86755371 16.86250496 55 54 52
245984.76751709 3357379.41455078 16.19677544 103 105 100
245984.88580322 3357379.27279663 16.26407051 87 87 89
245984.33984375 3357379.68276978 16.82752037 95 96 98
245984.59332275 3357379.65447998 16.83728981 63 64 66
245984.27392578 3357379.83859253 16.79327393 40 40 40
245984.48822021 3357378.96060181 16.45045280 86 84 85
245985.32623291 3357380.12081909 16.19879341 115 112 107
245984.73754883 3357380.44869995 16.50907326 37 36 34
245984.10064697 3357378.87969971 16.43362617 47 51 52
245984.25836182 3357380.81872559 16.13144875 34 34 34
245984.13696289 3357380.58502197 16.43869209 96 95 101
245984.07263184 3357378.92419434 16.63817978 31 32 26
245984.40270996 3357379.98776245 16.96473694 64 64 64
245984.41125488 3357379.63992310 16.88108635 70 74 75
245985.41204834 3357380.63568115 16.07753372 74 76 71
245983.98992920 3357379.94061279 16.55694199 34 34 34
245985.25329590 3357380.79751587 16.21034241 93 92 90
245985.45739746 3357380.19723511 16.07013893 118 115 110
245984.42395020 3357380.50671387 16.46791267 66 61 65
245984.11914063 3357379.10803223 16.71916962 49 49 47
245984.71777344 3357380.48785400 16.46406174 36 35 33
245984.65106201 3357381.20013428 16.22658920 123 123 123
245984.13739014 3357379.37838745 16.63087845 66 70 73
245985.04962158 3357378.35610962 16.46241188 77 76 74
245985.63861084 3357381.18991089 16.05646133 119 118 113
245984.86938477 3357378.95523071 16.61842537 204 202 207
245985.14178467 3357380.20266724 16.72350121 91 91 93
245984.88800049 3357379.11715698 16.48054123 97 99 98
245984.10351563 3357379.14749146 16.52659798 55 53 54
245984.67474365 3357379.56781006 16.82293701 21 15 15
245985.22131348 3357380.24853516 16.43391228 61 61 59
245985.40100098 3357379.71102905 16.85016632 33 33 35
245984.70745850 3357379.30593872 17.16928864 102 83 87
245984.73480225 3357378.35388184 16.36201286 89 93 94
245984.40203857 3357379.70465088 16.89424515 101 102 104
245984.85009766 3357379.22637939 17.40319061 142 123 116
245984.61254883 3357379.47616577 17.37533569 63 63 65
245984.09698486 3357379.93814087 16.59074402 46 46 48
245984.52392578 3357380.82223511 16.15358734 88 89 84
245984.43914795 3357378.32363892 16.37445450 83 86 91
245984.17822266 3357378.53753662 16.55812454 49 59 60
245984.39672852 3357380.10342407 16.95452118 55 55 55
245984.84320068 3357380.22213745 16.80823898 86 86 86
245984.70513916 3357380.05477905 17.11241913 81 77 78
245984.61187744 3357379.45108032 16.96981049 83 88 84
245984.54852295 3357378.84411621 16.53947449 55 57 56
245984.86285400 3357380.37594604 16.57777214 84 83 81
245984.64550781 3357379.32244873 17.09561920 72 53 55
245984.22247314 3357379.38394165 16.67331886 70 71 65
245984.25183105 3357379.21282959 16.33693314 86 85 83
245984.75195313 3357378.99206543 16.54088974 54 54 54
245984.42297363 3357379.77178955 16.92261314 19 23 24
245984.44848633 3357379.55593872 16.75393295 73 68 72
245985.39599609 3357380.74841309 16.10009384 92 91 89
245984.85937500 3357378.99383545 16.59879684 133 131 136
245984.34796143 3357379.45159912 16.88989258 93 93 93
245984.69604492 3357380.93728638 16.23299980 111 107 106
245984.09295654 3357379.04989624 16.51536369 60 59 57
245984.47106934 3357378.49093628 16.45874405 70 74 77
245985.24432373 3357380.17276001 16.31886292 134 130 127
245984.48120117 3357379.38644409 16.19625664 95 95 93
245984.40020752 3357379.65493774 16.47994804 38 34 35
245984.32696533 3357380.06027222 16.92481041 48 50 49
245984.50476074 3357380.90332031 16.14992523 95 91 90
245985.38116455 3357379.97741699 16.40498352 118 113 110
245985.17236328 3357380.77914429 16.21832657 102 100 101
245984.22210693 3357378.11654663 16.27617836 79 82 87
245985.11627197 3357379.91006470 16.92530060 65 67 64
245985.21606445 3357380.25915527 16.41434288 57 57 57
245984.26855469 3357380.77465820 16.12208557 34 34 34
245984.49127197 3357380.09777832 16.99714851 60 61 63
245984.29553223 3357378.55859375 16.48903465 55 60 64
245984.50592041 3357380.52310181 16.43897057 81 76 72
245984.62817383 3357378.69723511 16.56372452 85 81 82
245984.99151611 3357380.41226196 16.57359123 71 71 71
245984.21130371 3357380.74053955 16.20526886 30 30 32
245984.41748047 3357380.38885498 16.70351791 65 56 59
245984.02490234 3357378.18893433 16.44199562 51 56 60
245985.11901855 3357379.53408813 16.75053978 52 32 34
245984.18963623 3357379.60241699 16.59910393 64 64 64
245984.47259521 3357379.65881348 16.59548187 21 17 16
245985.48699951 3357379.78271484 16.68103027 96 92 93
245984.72460938 3357380.04232788 17.09214211 86 85 83
245984.47467041 3357379.22195435 16.25776863 111 111 109
245985.22222900 3357380.14599609 16.65040970 90 88 89
245984.50604248 3357380.12420654 16.98338127 66 67 69
245984.60791016 3357379.32934570 17.08049965 59 43 46
245985.05639648 3357379.42800903 16.36173630 13 13 13
245984.73651123 3357379.45410156 17.36090279 97 96 91
245985.26403809 3357380.48452759 16.34906197 37 36 34
245984.46020508 3357380.64144897 16.16684532 56 56 54
245984.65466309 3357380.47500610 16.49846840 135 127 124
245984.48693848 3357379.35043335 17.08617020 80 76 75
245985.22235107 3357380.32659912 16.24484634 108 108 106
245984.49218750 3357380.22341919 16.90573692 59 59 61
245984.56231689 3357379.74288940 16.90788460 45 46 48
245985.11682129 3357378.41339111 16.54963684 8 8 8
245985.48126221 3357379.82846069 16.57883263 113 109 110
245984.57861328 3357378.42349243 16.40414619 72 77 80
245984.11663818 3357381.11666870 16.24410439 53 41 41
245984.06695557 3357378.89425659 16.63365173 37 38 33
245984.65502930 3357379.35293579 16.19132233 118 123 119
245984.15539551 3357380.30178833 16.76995277 156 155 161
245984.81152344 3357380.48928833 16.43580818 66 62 61
245984.38946533 3357380.91635132 16.09509850 77 75 76
245985.13781738 3357379.26519775 16.34182549 112 116 115
245984.69909668 3357379.58938599 16.28540421 46 46 44
245984.94610596 3357380.98516846 16.21984291 117 117 115
245984.38690186 3357380.45474243 16.56871605 68 61 69
245985.20166016 3357378.99600220 16.57441139 97 94 79
245985.43713379 3357380.36224365 16.03291512 134 130 129
245985.20635986 3357380.62954712 16.29463005 68 64 63
245984.31079102 3357378.33612061 16.41149902 77 85 88
245984.28833008 3357380.41931152 16.72194099 43 52 57
245984.52075195 3357379.51885986 16.89075470 69 71 70
245984.84906006 3357381.28817749 16.21932411 101 91 89
245984.31396484 3357379.60494995 16.42520714 32 34 33
245984.54113770 3357379.66751099 16.38593864 58 43 48
245984.58361816 3357379.41467285 17.32794762 82 80 81
245985.13659668 3357378.57983398 16.74148178 248 249 251
245984.58770752 3357380.43780518 16.57284355 113 98 93
245984.61999512 3357380.29260254 16.76513290 87 76 70
245984.42626953 3357378.57995605 16.48954773 62 66 69
245984.83789063 3357381.17733765 16.22845078 148 143 140
245984.79992676 3357379.39459229 16.20070648 106 106 104
245984.99438477 3357379.70889282 16.84874725 252 246 250
245984.02227783 3357381.07382202 16.34766388 40 30 29
245984.51379395 3357379.23275757 16.26062012 108 108 106
245985.32653809 3357380.05883789 16.34344101 130 125 122
245984.82867432 3357379.90185547 16.95106125 62 60 61
245984.23437500 3357379.79806519 16.73648834 40 40 40
245984.72863770 3357381.15112305 16.22948647 127 125 126
245984.75183105 3357381.31488037 16.21427727 101 96 92
245984.51531982 3357380.96597290 16.16376877 109 105 102
245984.36926270 3357380.57199097 16.29994011 68 68 76
245984.89477539 3357378.43807983 16.56385994 130 129 127
245984.71447754 3357380.27365112 16.76292992 70 65 62
245984.53961182 3357381.21408081 16.21521759 119 117 118
245985.04998779 3357380.01135254 16.90994453 73 73 71
245984.75207520 3357379.47012329 16.20820236 71 73 72
245984.99859619 3357379.40005493 16.21164131 47 52 55
245984.15246582 3357378.16238403 16.31038094 74 79 85
245984.78552246 3357379.33227539 16.21622276 116 118 115
245984.24804688 3357379.25897217 16.80505562 52 52 50
245984.81951904 3357378.48556519 16.53923607 117 115 116
245984.36846924 3357379.49758911 16.78540611 52 52 52
245985.45452881 3357380.42221069 16.02151680 134 133 131
245985.05206299 3357379.69137573 16.84758759 254 244 252
245985.16693115 3357378.94177246 16.63294220 124 113 85
245984.28747559 3357380.99288940 16.10879898 49 47 48
245984.52777100 3357380.34561157 16.72407722 93 80 74
245984.67346191 3357380.13500977 17.07559204 73 73 73
245984.78466797 3357378.91976929 16.59821510 204 203 211
245984.06793213 3357378.90084839 16.55499458 32 37 33
245984.59197998 3357380.58575439 16.28833580 60 56 53
245984.41589355 3357379.52856445 16.77279282 68 63 67
245985.21752930 3357380.21575928 16.53733826 85 83 84
245984.57269287 3357379.41760254 17.20416832 87 85 88
245985.36248779 3357379.47506714 16.29859734 117 116 114
245984.25158691 3357379.25772095 16.81028175 51 51 49
245984.54547119 3357379.37817383 17.20760918 87 85 88
245985.11010742 3357379.74877930 16.88081932 254 244 252
245985.41772461 3357380.10354614 16.12632370 118 113 109
245984.14392090 3357379.28414917 16.65839386 63 71 73
245984.68786621 3357379.44741821 16.20181847 95 95 93
245984.84191895 3357379.35989380 17.34593773 138 124 123
245984.02673340 3357380.06738281 16.58098984 45 46 48
245984.74359131 3357379.35989380 17.49319077 87 89 88
245984.75866699 3357381.10934448 16.23008156 125 123 124
245984.82299805 3357380.27368164 16.73313904 78 77 75
245984.35711670 3357380.45761108 16.58933830 58 55 64
245984.11419678 3357380.95709229 16.30228233 42 36 40
245985.01507568 3357381.18560791 16.20937920 100 86 77
245984.58966064 3357380.57226563 16.32089233 60 55 51
245985.32427979 3357379.42727661 16.55540848 110 114 115
245984.59881592 3357379.68041992 16.47775078 70 58 60
245985.27911377 3357380.65014648 16.24457741 143 139 138
245984.28546143 3357379.36770630 16.78894424 88 92 91
245984.00323486 3357378.23080444 16.48426628 51 55 58
245984.44433594 3357380.58383179 16.28035736 71 67 66
245984.50561523 3357378.47283936 16.44599342 72 77 80
245984.56823730 3357379.26974487 17.16850662 71 51 52
245985.21044922 3357380.01358032 16.87441063 88 88 86
245985.25622559 3357380.44821167 16.29594040 32 33 28
245985.06781006 3357378.40161133 16.55128670 13 13 11
245984.85351563 3357379.24267578 17.48446465 87 82 79
245984.61071777 3357380.53897095 16.39975357 61 56 52
245984.65850830 3357381.06838989 16.22389030 115 111 112
245984.92028809 3357379.43948364 16.25568771 26 34 36
245984.20550537 3357379.69549561 16.63546944 124 124 122
245985.08966064 3357378.58685303 16.73438835 245 245 245
245984.65905762 3357379.55828857 16.83420563 29 23 23
245984.78387451 3357379.42611694 17.39894104 98 97 95
245984.60815430 3357378.77764893 16.56536865 80 80 80
245984.93054199 3357379.92944336 16.94412804 60 59 57
245984.61999512 3357379.69070435 16.60621071 81 73 70
245984.47369385 3357378.30386353 16.35277748 86 90 93
245984.93811035 3357379.83770752 16.90432167 85 81 80
245985.02124023 3357380.54861450 16.34876823 95 93 96
245984.48693848 3357379.53109741 16.89530373 66 68 67
245984.91632080 3357379.51950073 16.44995499 125 113 113
245985.38073730 3357379.43603516 16.52665329 118 118 118
245985.25946045 3357381.04104614 16.17258644 109 91 87
245984.15216064 3357378.49597168 16.54301643 49 59 60
245985.42059326 3357379.86056519 16.67255402 32 31 29
245985.32440186 3357380.04556274 16.52125740 87 86 84
245984.80035400 3357379.38323975 17.30327606 134 123 119
245984.25024414 3357379.54788208 16.72800064 48 50 49
245985.06097412 3357378.92044067 16.68597412 162 156 124
245984.78424072 3357379.17169189 17.37125206 161 133 132
245985.14318848 3357379.51702881 16.73945427 62 40 42
245985.00347900 3357379.66357422 16.82510757 253 242 250
245984.58740234 3357380.81533813 16.18526268 91 90 86
245985.32940674 3357380.00122070 16.60615349 82 81 79
245984.64123535 3357378.67916870 16.56332016 85 81 82
245984.45428467 3357379.66665649 16.40642738 26 22 23
245984.16857910 3357379.20077515 16.76288986 47 51 52
245984.31744385 3357379.57882690 16.36879349 26 27 29
245985.46624756 3357381.19366455 16.13207054 110 105 101
245985.24365234 3357379.30831909 16.35404778 118 118 116
245984.97821045 3357378.76080322 16.72646141 246 242 241
245984.78088379 3357379.41476440 17.43674850 98 97 95
245984.42529297 3357380.32183838 16.79427338 60 53 60
245984.44372559 3357379.66641235 16.41382980 26 22 23
245985.00781250 3357378.34402466 16.43696594 75 74 72
245985.24981689 3357378.82382202 16.66050148 160 160 162
245984.32421875 3357380.14614868 16.90558815 53 57 58
245984.66998291 3357379.33398438 17.49332047 75 79 80
245985.43035889 3357379.59884644 16.88014030 21 19 20
245984.44555664 3357380.49435425 16.49378204 66 61 65
245985.24755859 3357380.61093140 16.33403206 73 69 68
245984.26336670 3357379.42971802 16.70082855 77 78 73
245985.07873535 3357378.77145386 16.73749352 239 235 234
245984.81396484 3357378.83126831 16.66094971 166 156 164
245984.74053955 3357379.32647705 16.21129227 113 117 116
245984.79724121 3357380.62933350 16.30026245 47 46 42
245985.42547607 3357380.94668579 16.10468674 143 143 145
245984.40417480 3357379.34451294 16.17984390 95 99 98
245985.32318115 3357381.05700684 16.16612244 144 129 124
245984.95611572 3357379.10525513 16.51596451 141 142 147
245985.01611328 3357380.96194458 16.20805168 123 124 119
245985.22888184 3357378.68295288 16.70769501 113 112 117
245984.38671875 3357379.14480591 16.35327339 90 89 87
245984.81634521 3357380.55636597 16.34684753 19 18 14
245984.21978760 3357379.37643433 16.67787743 70 71 65
245984.27239990 3357379.30593872 16.79320717 126 138 136
245985.09136963 3357379.03390503 16.58403778 151 138 121
245984.26989746 3357378.31546021 16.40012741 74 82 85
245984.67102051 3357380.32785034 16.69829369 134 123 121
245984.67510986 3357379.37567139 16.18782425 120 125 121
245985.25122070 3357380.44226074 16.37868500 23 21 22
245984.04663086 3357380.27728271 16.70992279 44 42 45
245984.86175537 3357379.89379883 16.93836784 59 58 56
245985.52862549 3357381.46899414 16.07729530 158 151 141
245985.54675293 3357380.74649048 15.99871922 115 114 112
245984.58642578 3357379.49169922 16.92204857 79 81 80
245984.68347168 3357380.06140137 17.10906792 85 81 82
245985.10253906 3357379.50622559 16.67431068 69 47 50
245985.17138672 3357379.95318604 16.90257454 74 74 72
245984.53833008 3357380.52508545 16.43459511 92 85 79
245985.07226563 3357380.15295410 16.80906487 87 83 82
245984.25726318 3357379.37966919 16.73624802 78 78 76
245984.67132568 3357380.53002930 16.41797638 67 66 64
245983.96289063 3357378.30938721 16.52538109 41 46 49
245984.09429932 3357379.02218628 16.72043610 81 81 81
245985.71124268 3357381.37365723 16.00531769 138 135 126
245984.88323975 3357379.95498657 16.96108437 69 68 66
245985.05340576 3357378.36392212 16.47847366 77 76 74
245985.09857178 3357381.35754395 16.15528297 120 111 104
245985.10656738 3357381.04241943 16.18429184 159 146 138
245984.03265381 3357378.86175537 16.78927612 88 85 78
245984.74011230 3357378.65643311 16.59029579 138 126 130
245984.75408936 3357379.17053223 17.45605469 134 101 108
245984.20373535 3357380.01794434 16.74275589 58 58 58
245984.10565186 3357379.00909424 16.44317436 62 62 60
245984.29278564 3357380.91906738 16.09685135 47 42 46
245984.58502197 3357380.22085571 16.87949753 65 65 63
245984.78314209 3357379.04208374 16.51753235 44 44 42
