245933.82568359 3357647.44110107 14.36031628 35 45 47
245933.35253906 3357657.50439453 14.27623558 60 64 67
245933.12261963 3357652.69903564 14.45328999 69 68 66
245932.10723877 3357660.50988770 14.35002136 107 109 108
245932.12695313 3357657.19934082 14.77836514 41 44 49
245932.28808594 3357661.62158203 14.51208973 95 99 102
245934.34680176 3357648.52069092 14.53991222 34 41 47
245931.80920410 3357660.02673340 14.51759720 64 68 71
245934.68615723 3357651.17633057 14.34951401 77 82 88
245933.48559570 3357651.04718018 14.60541439 51 59 62
245933.18444824 3357651.33184814 14.99313641 54 58 59
245935.52117920 3357647.41412354 14.33043480 133 131 119
245931.08264160 3357664.86468506 14.88091087 204 204 206
245934.59985352 3357648.15155029 14.43505859 40 47 53
245931.84265137 3357664.19750977 14.71260929 33 40 48
245933.09753418 3357656.06774902 14.47720432 58 68 69
245933.37774658 3357655.73461914 14.63214970 73 81 84
245933.76849365 3357653.29614258 14.43427563 208 203 199
245931.10113525 3357664.65582275 14.84584713 27 17 16
245932.85363770 3357659.43109131 14.46793747 48 56 58
245930.65350342 3357664.73077393 14.31722546 116 122 122
245932.33374023 3357655.68298340 14.91335773 94 104 106
245934.19775391 3357653.19555664 14.29919243 208 202 204
245934.98858643 3357649.62353516 14.35448170 97 101 102
245932.44799805 3357655.73516846 14.92599583 109 117 119
245932.63671875 3357659.13537598 14.64337349 63 70 80
245933.82458496 3357649.63287354 14.56083298 64 69 72
245932.70947266 3357659.85211182 14.71810055 12 19 25
245931.85290527 3357658.59637451 14.71173668 26 31 34
245935.09112549 3357648.57659912 14.35029697 68 76 79
245931.90722656 3357664.88153076 14.66393661 47 57 58
245933.62237549 3357657.03082275 14.31071091 69 69 67
245932.59265137 3357657.35943604 14.54093266 29 32 37
245934.51953125 3357651.17321777 14.39791870 61 70 79
245930.82678223 3357665.16809082 14.48995781 7 15 17
245933.89385986 3357648.88745117 14.71342659 14 21 27
245933.10034180 3357657.66021729 14.34283447 68 72 75
245931.80279541 3357663.33801270 14.66913986 33 40 46
245933.19982910 3357651.16247559 14.96392345 57 63 63
245934.65283203 3357647.71014404 14.69848728 45 62 82
245932.89965820 3357654.70263672 14.44979095 56 63 69
245930.80725098 3357664.76715088 14.54794502 38 38 38
245933.10687256 3357652.33618164 14.32358742 45 50 53
245932.59497070 3357660.49993896 14.26012993 191 185 171
245933.06640625 3357658.00103760 14.46304321 64 65 67
245933.47515869 3357657.87329102 14.26653671 83 83 81
245935.10473633 3357649.49291992 14.34387398 112 112 102
245933.42596436 3357654.11450195 14.44538403 136 146 155
245934.19042969 3357652.12524414 14.32851028 58 71 79
245934.03656006 3357652.62591553 14.71789455 159 178 182
245930.95617676 3357664.06304932 14.57894230 24 32 35
245934.13122559 3357649.70611572 14.51657486 58 66 69
245932.10186768 3357664.78546143 14.44065189 48 59 65
245932.76544189 3357654.54815674 14.37897396 145 154 159
245934.40881348 3357650.66345215 14.70068073 65 72 78
245931.67272949 3357665.27941895 14.71904755 33 39 39
245931.60455322 3357661.20581055 14.49389458 109 114 118
245932.00970459 3357658.90856934 14.67518234 73 80 86
245931.30126953 3357663.94024658 14.97782326 108 113 116
245934.98950195 3357648.06134033 14.35193729 61 75 76
245933.64605713 3357654.71948242 14.42035294 76 86 95
245931.94555664 3357658.21905518 14.44568157 49 53 56
245931.85058594 3357662.89062500 14.62178898 49 59 61
245932.76562500 3357659.69390869 14.69361401 61 69 72
245933.96295166 3357651.06707764 14.76861572 21 28 34
245931.38684082 3357663.40008545 14.91943550 138 153 184
245934.34552002 3357651.21240234 14.46662235 50 59 68
245933.85443115 3357650.06677246 14.65583611 54 61 67
245932.97338867 3357655.70635986 14.69106770 53 61 64
245931.75616455 3357664.86535645 14.72836685 43 50 56
245931.62640381 3357662.87591553 14.82028008 55 64 71
245934.74194336 3357648.45928955 14.37447548 52 61 66
245933.36267090 3357652.75836182 14.56057453 143 150 156
245932.82373047 3357654.77917480 14.46420860 64 71 77
245931.74157715 3357659.55023193 14.86205864 121 121 123
245933.08544922 3357654.69287109 14.49252796 72 82 83
245931.81176758 3357659.03546143 14.46578312 42 47 50
245931.63732910 3357662.77465820 14.48339462 30 36 36
245933.46844482 3357652.83013916 14.52611542 56 61 65
245933.47796631 3357651.04370117 14.60361767 50 58 61
245933.96264648 3357652.07781982 14.34784508 56 67 73
245933.47485352 3357650.43450928 15.03474140 101 108 116
245932.33892822 3357662.06152344 14.42868137 117 120 127
245932.94030762 3357660.73638916 14.23390675 173 168 148
245932.28802490 3357660.87646484 14.47034359 16 16 24
245932.79718018 3357659.50512695 14.55734921 51 54 59
245933.05017090 3357654.93945313 14.60341358 70 78 81
245931.61419678 3357662.47271729 14.36725235 106 115 122
245935.04595947 3357648.62493896 14.80756378 38 39 41
245931.24145508 3357664.12487793 14.93268585 33 34 36
245933.05706787 3357651.31781006 14.66256714 134 140 138
245933.06140137 3357654.27679443 14.40397072 167 180 186
245933.26690674 3357652.46362305 14.36308384 40 45 49
245933.31658936 3357649.83789063 14.39940453 56 64 66
245931.30078125 3357664.53680420 14.95440292 20 25 29
245933.18804932 3357657.14251709 14.73919964 15 22 30
245932.09417725 3357658.71545410 14.67399025 35 42 48
245931.85467529 3357664.33514404 14.73417473 37 44 54
245932.15032959 3357659.47637939 14.85787773 39 48 57
245935.05664063 3357648.62255859 15.01601601 49 55 55
245934.20141602 3357652.41613770 14.32512856 65 76 82
245933.97406006 3357651.96661377 14.32642269 60 74 77
245932.05749512 3357661.79357910 14.53010559 102 107 113
245934.34100342 3357649.24291992 14.42372417 37 42 45
245935.10198975 3357648.63885498 14.88208199 20 22 21
245933.04400635 3357654.34771729 14.41808891 153 163 172
245933.65246582 3357647.75787354 14.40972996 82 89 95
245933.85272217 3357649.65466309 14.57420826 63 68 71
245931.83337402 3357660.23071289 14.48102474 40 40 40
245933.06658936 3357652.53613281 14.98630524 144 148 149
245934.08514404 3357655.33856201 14.26735878 173 177 163
245933.12603760 3357659.21246338 14.30219460 78 81 86
245932.17346191 3357661.44903564 14.63028336 44 47 52
245933.68731689 3357648.82647705 15.02855682 4 15 19
245931.57995605 3357660.26153564 14.58285618 30 26 27
245933.63830566 3357649.08709717 14.40339470 33 41 43
245932.81408691 3357653.77966309 14.41600704 119 133 142
245934.47375488 3357647.17150879 14.50411987 51 62 64
245931.40179443 3357661.82073975 14.66795349 99 105 103
245933.06042480 3357652.50140381 14.68629837 18 28 29
245933.19683838 3357653.95941162 14.42304325 125 132 140
245932.06445313 3357659.65423584 14.87696743 124 130 130
245930.81958008 3357664.75006104 14.56537247 23 23 25
245933.47125244 3357656.95166016 14.41471291 55 58 63
245933.17346191 3357657.14575195 14.77021599 12 19 27
245932.60394287 3357658.01000977 14.59273720 34 42 44
245934.67163086 3357651.08142090 14.35989666 69 78 85
245932.23101807 3357661.26666260 14.55263138 69 74 78
245932.55047607 3357661.52258301 14.46174145 165 166 170
245933.71490479 3357648.88836670 14.71513653 8 16 19
245930.85906982 3357664.92572021 14.63854218 17 17 17
245931.87310791 3357662.11938477 14.58910751 58 63 69
245933.10821533 3357659.82012939 14.36023331 62 61 57
245932.43017578 3357656.74188232 14.62014198 49 52 57
245934.10089111 3357653.82666016 14.31716156 179 182 189
245932.40509033 3357661.53027344 14.51292419 70 71 75
245933.55657959 3357647.79333496 14.75371361 25 38 29
245932.08349609 3357657.00463867 14.73644733 32 37 41
245934.24346924 3357650.17498779 14.80764961 36 45 52
245933.19018555 3357649.96453857 14.47098064 55 66 62
245931.74670410 3357661.99468994 14.65726471 43 53 62
245933.87603760 3357648.89172363 14.70669079 14 21 27
245933.44305420 3357655.66979980 14.59273434 109 116 122
245932.02337646 3357663.89709473 14.54424477 73 80 90
245934.99224854 3357648.78961182 14.44736385 85 91 91
245931.16876221 3357662.59692383 14.44301891 69 73 82
245931.15466309 3357664.13055420 14.86476612 31 35 34
245933.51031494 3357650.12609863 14.67532921 38 53 56
245933.05517578 3357652.45910645 14.91385174 66 76 77
245933.06408691 3357654.39282227 14.43950939 150 160 169
245934.32263184 3357652.78424072 14.29616070 121 131 133
245933.06286621 3357658.87866211 14.45327759 82 87 93
245934.74230957 3357651.28619385 14.33194828 90 92 91
245931.67645264 3357663.50164795 14.65172768 30 39 46
245932.13470459 3357658.75134277 14.65718937 35 42 48
245932.72839355 3357653.92211914 14.34274006 115 128 137
245934.98883057 3357648.45538330 14.36901665 57 64 70
245934.37915039 3357653.68841553 14.27973080 190 191 183
245933.83093262 3357646.85485840 14.36199570 47 59 57
245931.61383057 3357664.43847656 14.74253750 38 55 63
245932.64172363 3357656.07702637 14.65627098 49 54 60
245933.12939453 3357651.39300537 14.57664013 74 75 77
245933.30432129 3357652.91912842 14.38679409 83 88 92
245934.11676025 3357650.40490723 14.65654945 63 70 78
245932.76892090 3357656.01031494 14.57804394 31 35 38
245933.79589844 3357648.11968994 14.85067177 90 109 116
245935.27734375 3357649.24066162 14.32579231 178 180 158
245933.61309814 3357650.29083252 14.79895306 22 39 57
245931.76623535 3357661.67352295 14.54997158 108 113 117
245933.80242920 3357656.00976563 14.27375698 84 89 93
245933.86590576 3357655.90679932 14.27653122 68 72 73
245932.78887939 3357660.36083984 14.27054214 122 122 114
245931.78686523 3357664.32934570 14.75782299 150 158 161
245934.77581787 3357648.83502197 14.66285706 7 10 17
245932.31970215 3357659.15679932 14.65831470 45 53 55
245933.80480957 3357650.95715332 14.71126938 105 114 119
245935.41247559 3357647.71881104 14.33571911 88 92 91
245934.57550049 3357648.59338379 14.48907661 28 36 38
245934.80963135 3357649.82159424 14.43649960 91 99 102
245933.31640625 3357656.97265625 14.55889034 58 63 67
245934.78833008 3357647.88543701 14.44281197 37 48 54
245934.58251953 3357652.03021240 14.29963589 80 88 91
245933.88067627 3357655.77740479 14.28440189 79 83 84
245935.05566406 3357648.28540039 14.35431576 66 74 77
245932.46380615 3357656.94750977 14.95035458 31 36 40
245931.42333984 3357664.82794189 14.89842510 49 60 64
245934.92553711 3357648.42938232 14.37037659 61 68 76
245931.58947754 3357661.48852539 14.77022648 126 130 133
245934.29138184 3357654.13250732 14.27321339 160 171 177
245930.72528076 3357664.65905762 14.36687088 97 101 104
245933.80645752 3357649.02337646 14.50120831 24 29 33
245931.27014160 3357662.73059082 14.52824879 59 64 68
245933.02508545 3357652.95214844 14.30404949 135 144 149
245933.58520508 3357655.88159180 14.30501366 62 72 74
245933.40039063 3357651.14440918 14.67835999 47 52 56
245932.25360107 3357657.42486572 14.48875141 35 38 43
245933.26342773 3357654.17199707 14.44089603 163 174 180
245933.55383301 3357647.72137451 14.74872494 16 32 21
245934.13421631 3357651.72900391 14.31058979 69 78 85
245934.71136475 3357650.67626953 14.40421200 75 86 92
245933.14959717 3357653.00463867 14.29473782 113 122 129
245933.18988037 3357651.48474121 14.51907063 25 25 27
245930.05712891 3357665.30957031 14.30923367 47 54 60
245932.17346191 3357658.28173828 14.67687321 42 49 55
245933.50762939 3357652.68878174 14.77595329 114 121 127
245932.31683350 3357662.09594727 14.42639446 114 117 124
245933.01672363 3357653.58850098 14.36657906 142 150 153
245932.51507568 3357655.66802979 15.03526592 79 84 87
245933.30541992 3357655.59649658 14.83594227 93 98 102
245934.20794678 3357650.50537109 14.69833374 49 54 60
245931.52514648 3357664.53240967 14.71744347 74 82 95
245934.00195313 3357652.81146240 14.47603798 20 23 28
245932.56488037 3357662.11206055 14.39304638 223 221 222
245934.41345215 3357652.90881348 14.28665066 97 110 118
245933.53826904 3357650.70568848 14.92888069 64 69 73
245934.85961914 3357647.40704346 14.53096581 75 86 90
245934.96459961 3357649.30963135 14.39865875 84 89 92
245933.69604492 3357654.70593262 14.38844490 74 84 93
245932.84167480 3357654.87976074 14.54109669 55 63 66
245933.21527100 3357650.05047607 14.60650349 44 55 51
245933.48345947 3357651.59545898 14.41005802 46 53 59
245931.66741943 3357662.00018311 14.67469406 18 28 37
245932.28515625 3357661.30999756 14.56289101 70 73 78
245932.70166016 3357659.45782471 14.57201767 48 55 61
245930.26586914 3357665.14068604 14.26442719 88 93 99
245932.46020508 3357660.58087158 14.30535030 147 150 141
245933.12261963 3357653.45495605 14.31406689 144 148 151
245931.90509033 3357665.03363037 14.71102905 57 65 67
245932.90795898 3357656.88049316 14.78616619 68 71 76
245934.62774658 3357647.32653809 14.54020596 46 55 62
245932.16900635 3357661.75244141 14.51290703 109 114 120
245932.30194092 3357659.73364258 14.68401241 37 42 46
245933.31298828 3357658.86889648 14.28008652 90 89 84
245931.63989258 3357664.17877197 14.80396557 28 35 41
245934.97662354 3357648.76892090 14.58311367 104 108 109
245931.62524414 3357660.27636719 14.25864315 62 65 56
245931.63043213 3357665.11663818 14.75086975 56 59 64
245933.57092285 3357648.87878418 14.55147076 19 30 32
245934.09222412 3357654.72613525 14.27652073 82 84 81
245934.13812256 3357650.15881348 14.73587990 37 46 53
245931.03051758 3357664.15283203 14.72251797 29 34 37
245934.79998779 3357648.82189941 14.69036770 0 5 11
245933.38610840 3357648.87658691 14.82880211 11 22 16
245934.63562012 3357648.61187744 14.97779274 43 50 56
245932.18078613 3357660.41082764 14.32069492 122 123 127
245934.45184326 3357648.94018555 14.56879711 28 31 36
245932.28637695 3357662.62359619 14.36705303 130 137 147
245932.40557861 3357656.78039551 14.87529182 50 55 61
245933.85693359 3357647.49896240 14.36476517 48 57 64
245935.04394531 3357650.50854492 14.29466820 176 177 161
245934.36779785 3357647.54998779 14.53533936 45 60 63
245933.43560791 3357654.08160400 14.44006920 127 137 146
245931.34106445 3357661.88922119 14.66628742 84 90 90
245933.80584717 3357648.91546631 14.64861584 14 19 23
245932.69366455 3357653.95574951 14.33793068 126 139 148
245931.79382324 3357659.31994629 14.45738888 43 51 54
245934.71661377 3357649.94781494 14.60242939 78 85 91
245933.45373535 3357648.62945557 14.94518375 50 66 55
245931.72894287 3357660.25994873 14.29385090 53 55 50
245934.48095703 3357653.12756348 14.27801991 175 173 178
245933.75018311 3357655.68988037 14.29868221 68 79 85
245932.36059570 3357659.89111328 14.59362316 26 27 31
245932.57678223 3357662.63275146 14.28541183 220 221 216
245934.57489014 3357650.77655029 14.47075748 75 85 87
245932.66265869 3357658.43176270 14.73011875 26 33 39
245932.11236572 3357663.63793945 14.58559132 38 42 51
245933.13793945 3357651.88671875 14.30349064 42 50 53
245933.11749268 3357651.03863525 14.81780148 54 60 60
245931.93872070 3357659.47241211 15.02927685 92 100 103
245935.10729980 3357648.43853760 14.35996246 70 78 81
245932.59436035 3357654.69671631 14.37484837 56 66 68
245933.32720947 3357650.11975098 14.63334274 63 74 78
245935.32250977 3357648.52416992 14.32758808 121 125 111
245932.76928711 3357660.48687744 14.24849319 139 126 107
245933.96441650 3357646.99121094 14.39300728 52 64 62
245931.72467041 3357660.68750000 14.61536121 49 49 59
245934.07196045 3357652.85656738 14.35453129 62 65 70
245934.23754883 3357648.47406006 14.54707623 31 35 44
245934.81524658 3357649.86315918 14.46277428 88 96 99
245931.31298828 3357664.83160400 14.99045563 183 191 194
245934.05065918 3357649.74444580 14.57460308 61 66 70
245931.74987793 3357659.49877930 14.56184483 22 29 37
245934.41656494 3357653.03875732 14.28744888 116 116 124
245931.72430420 3357663.30877686 14.64650917 27 40 46
245933.42675781 3357656.42279053 14.46572018 58 68 70
245931.73352051 3357661.33721924 14.64513493 97 102 106
245933.40960693 3357650.03588867 14.58863544 44 55 57
245934.29669189 3357647.21484375 14.46533394 54 64 65
245934.56701660 3357651.01708984 14.41720581 65 75 84
245933.41479492 3357650.94464111 14.56763172 40 44 45
245932.40802002 3357657.96551514 14.48047733 45 53 56
245931.79986572 3357660.05249023 14.49288559 61 65 68
245934.24401855 3357647.61499023 14.50105381 48 59 63
245933.09783936 3357652.45141602 14.91257286 46 57 59
245931.93261719 3357664.60528564 14.63012218 30 33 38
245934.80932617 3357648.81719971 14.69946098 0 1 4
245932.77893066 3357660.03839111 14.38334274 32 33 37
245930.43395996 3357664.88116455 14.31201839 37 47 48
245934.41662598 3357650.82940674 14.68690014 62 71 78
245931.66894531 3357660.29260254 14.74591255 84 82 83
245932.62451172 3357658.30334473 14.70170403 39 43 52
245932.94335938 3357655.27380371 14.65274334 56 64 67
245933.70458984 3357648.58697510 15.15274429 38 45 55
245933.50970459 3357654.46704102 14.38723469 133 144 150
245933.66528320 3357651.32830811 14.57408524 47 56 65
245934.87469482 3357647.16931152 14.41419506 60 71 75
245931.71508789 3357662.92620850 14.69775581 17 24 30
245932.49621582 3357663.68109131 14.34399033 73 87 90
245934.03729248 3357651.92639160 14.32035923 66 81 84
245933.93676758 3357649.96063232 14.67716503 48 53 57
245933.37756348 3357654.81140137 14.56146526 71 81 83
245932.38342285 3357662.26177979 14.36118889 132 135 142
245933.08935547 3357656.97625732 14.81607819 65 68 73
245931.67462158 3357659.55505371 14.59621716 49 53 54
245933.53833008 3357653.63793945 14.41725349 168 173 176
245933.25091553 3357656.93634033 14.61577606 55 60 63
245931.86541748 3357661.81121826 14.53229809 97 101 110
245931.35919189 3357664.40698242 14.85580158 63 72 77
245934.51129150 3357650.26202393 14.74464989 44 55 57
245930.85900879 3357665.04412842 14.60508728 44 50 48
245932.05694580 3357663.19146729 14.50821114 35 41 41
245932.05560303 3357661.85351563 14.53796005 94 99 103
245933.35644531 3357651.27575684 14.87439346 33 37 40
245933.98565674 3357649.00238037 14.55745411 18 23 27
245932.68115234 3357661.69537354 14.33434963 199 203 204
245932.16564941 3357658.62365723 14.67175007 26 33 41
245933.93969727 3357651.80853271 14.33055782 61 75 78
245933.02966309 3357657.10150146 14.89097595 103 114 118
245932.84460449 3357654.81842041 14.49535751 64 72 75
245932.67712402 3357657.37841797 14.50835609 27 30 35
245931.92266846 3357662.50006104 14.34172249 124 128 131
245933.56646729 3357653.89953613 14.40831661 127 135 138
245932.18096924 3357658.35467529 14.76931477 17 26 33
245933.71832275 3357657.04925537 14.25095844 109 111 98
245933.47082520 3357650.76611328 14.76322174 80 85 91
245932.05932617 3357659.16662598 14.69814110 52 62 64
245932.74114990 3357658.59442139 14.78127956 49 58 63
245933.35858154 3357653.77923584 14.43147373 138 146 149
245931.84771729 3357662.88140869 14.62324333 49 59 61
245931.65673828 3357665.26495361 14.73361588 49 55 55
245933.64660645 3357648.09747314 14.70331192 84 95 101
245932.98992920 3357660.87774658 14.23360729 203 203 201
245932.54791260 3357658.14062500 14.61531544 46 51 55
245933.72198486 3357648.58380127 15.16855049 41 48 58
245934.35247803 3357650.13531494 14.81588650 60 69 74
245931.74853516 3357659.58898926 14.88093090 164 165 167
245932.15313721 3357656.88665771 14.63147640 48 49 54
245932.36676025 3357655.57690430 14.79127598 67 74 84
245932.22735596 3357657.15130615 14.99513721 78 82 81
245932.84301758 3357661.49383545 14.25296974 210 210 210
245933.46179199 3357649.29901123 14.36622715 31 39 41
245931.78057861 3357662.60583496 14.30236053 111 114 121
245930.68701172 3357665.15411377 14.33678150 39 44 48
245932.04608154 3357658.59100342 14.70221138 23 32 37
245934.43273926 3357650.29693604 14.73769855 79 90 96
245933.60003662 3357657.53906250 14.25330162 121 121 111
245931.70501709 3357660.31787109 14.49833870 25 21 20
245931.38464355 3357661.55963135 14.69674015 70 74 77
245934.30047607 3357651.55828857 14.33882904 74 83 92
245934.16125488 3357648.42663574 14.51761627 25 32 38
245931.97076416 3357660.58227539 14.39988422 76 79 72
245931.68585205 3357664.58178711 14.70150852 68 79 85
245932.10314941 3357656.67401123 14.34250832 26 27 32
245935.32482910 3357648.13806152 14.34244347 77 82 78
245931.85363770 3357660.76367188 14.49765873 34 42 45
245932.71276855 3357656.72851563 14.78380108 60 68 71
245932.49523926 3357654.97070313 14.63386440 46 56 55
245933.78851318 3357656.77978516 14.25521469 135 137 126
245932.89422607 3357656.47351074 14.63467693 63 63 63
245931.78259277 3357659.50335693 14.75244617 65 72 78
245935.08221436 3357648.72302246 15.06393623 55 63 65
245933.65710449 3357656.70050049 14.32622147 66 71 74
245933.47882080 3357656.95166016 14.40968227 55 58 63
245932.21173096 3357658.24176025 14.57991791 49 54 57
245932.97247314 3357659.31732178 14.38367653 65 69 72
245932.93646240 3357659.44573975 14.41076565 59 65 65
245933.04064941 3357655.70367432 14.75866699 29 32 39
245932.58520508 3357660.37335205 14.29471397 97 97 97
245933.97711182 3357652.29492188 14.40324402 61 72 76
245932.31195068 3357656.21063232 14.47812843 52 57 60
245933.20007324 3357655.03857422 14.63811207 60 70 71
245934.06005859 3357647.79241943 14.52600765 41 56 63
245933.88464355 3357650.46502686 14.65224075 48 57 64
245932.10058594 3357661.60180664 14.57694721 85 88 95
245933.01434326 3357660.36096191 14.24388504 177 169 156
245932.47265625 3357655.98760986 14.75813389 6 11 14
245931.88397217 3357658.89202881 14.59902000 70 79 84
245932.98571777 3357658.64593506 14.38855934 66 71 75
245934.16796875 3357652.78131104 14.40459728 124 129 132
245933.41461182 3357652.65716553 14.79368591 93 108 115
245933.22869873 3357653.99316406 14.42241383 125 134 141
245934.91333008 3357650.32794189 14.35739136 82 86 87
245934.97033691 3357646.96276855 14.42093086 64 73 80
245932.33221436 3357664.06610107 14.55401134 57 65 68
245934.37744141 3357650.06774902 14.77538872 61 70 75
245933.51824951 3357649.97875977 14.60182285 60 70 72
245934.61029053 3357649.38006592 14.39597988 55 59 58
245932.58801270 3357658.86157227 14.59585190 66 73 81
245934.52850342 3357651.58624268 14.33718014 79 88 97
245934.22113037 3357647.43292236 14.44955063 62 74 74
245934.41766357 3357647.30902100 14.51159954 48 64 61
245931.96752930 3357663.58428955 14.67247009 9 16 22
245932.46978760 3357655.57366943 14.98072338 47 56 65
245933.55456543 3357647.81018066 14.53015614 40 48 50
245932.82196045 3357654.56231689 14.39666176 146 155 160
245934.32202148 3357649.12835693 14.45563889 33 36 41
245934.65698242 3357647.52026367 14.72901726 92 102 114
245933.66851807 3357649.02655029 14.45945072 22 30 33
245930.98291016 3357664.24322510 14.69294262 89 93 96
245934.51525879 3357650.16400146 14.82354832 47 58 60
245933.82092285 3357648.75103760 15.02894211 4 13 18
245934.92071533 3357648.28991699 14.36114883 60 69 74
245934.88818359 3357648.79632568 14.78154945 55 60 64
245932.91455078 3357652.48889160 14.67876053 29 39 40
245934.44415283 3357650.66625977 14.65287209 68 75 81
245932.46557617 3357663.50567627 14.26173019 71 82 86
245932.18170166 3357657.82867432 14.41230869 59 64 67
245933.08514404 3357655.21978760 14.62643814 66 71 75
245934.82196045 3357647.73425293 14.51104450 24 39 44
245934.92059326 3357648.64483643 14.98474026 49 54 57
245933.60479736 3357654.55468750 14.35405827 122 131 138
245933.47381592 3357650.88183594 14.56008148 33 37 40
245931.44274902 3357662.48809814 14.39741230 105 112 122
245932.97344971 3357655.74029541 14.58479691 39 46 52
245932.17315674 3357658.77154541 14.64123631 38 45 51
245932.18280029 3357662.06536865 14.44886398 96 103 109
245931.83843994 3357662.09387207 14.61459541 62 69 77
245933.49420166 3357656.79028320 14.41448212 54 59 63
245931.31170654 3357663.82000732 15.04851055 185 188 193
245933.65368652 3357656.78247070 14.31863117 69 73 72
245933.61120605 3357654.17419434 14.36412334 149 159 168
245931.47338867 3357663.10607910 14.77333355 93 106 123
245930.70703125 3357664.65606689 14.35623550 97 101 104
245932.32983398 3357662.02911377 14.43350601 122 125 132
245934.01568604 3357649.24023438 14.41370201 39 46 52
245932.63348389 3357662.81964111 14.27985668 192 188 179
245930.91101074 3357664.58105469 14.66593647 19 17 18
245932.95751953 3357655.29058838 14.66125870 56 64 67
245933.71429443 3357653.36309814 14.43092155 199 198 194
245933.81732178 3357650.61285400 14.76288700 48 55 63
245932.55944824 3357661.55828857 14.45936966 175 176 178
245931.77606201 3357661.89459229 14.61127281 88 95 101
245933.27532959 3357651.59289551 14.39938259 28 31 36
245932.32910156 3357660.26959229 14.37788868 28 32 35
245934.51397705 3357652.66741943 14.28829193 152 162 172
245932.87677002 3357652.67102051 14.32717037 44 45 49
245933.49810791 3357657.15380859 14.44575214 67 69 68
245933.87969971 3357646.97088623 14.36354446 46 58 58
245932.87286377 3357654.12219238 14.34987926 123 137 146
245931.07244873 3357665.29101563 14.60865974 33 35 30
245933.08325195 3357650.84356689 14.75081730 34 43 40
245933.84155273 3357647.99267578 14.57876778 33 58 78
245933.10858154 3357654.91284180 14.59809971 67 77 79
245932.27844238 3357655.94866943 14.48083687 5 10 13
245932.09088135 3357660.93225098 14.47603416 44 53 58
245930.89062500 3357664.94989014 14.68945217 28 28 28
245932.14678955 3357660.74688721 14.47861767 29 34 37
245934.68157959 3357650.12988281 14.64793015 71 80 79
245934.85668945 3357649.99816895 14.44892979 83 93 95
245931.09246826 3357663.16137695 14.59709644 34 42 45
245932.00714111 3357663.14221191 14.51751995 29 37 40
245934.51409912 3357648.70935059 15.00448990 58 69 75
245933.17395020 3357650.38214111 14.74262428 76 86 87
245933.52148438 3357656.87481689 14.38852692 57 63 63
245931.58953857 3357661.02368164 14.42570305 109 115 115
245932.45062256 3357658.84759521 14.55999470 41 48 56
245932.91754150 3357652.45440674 14.80781174 28 36 38
245933.33233643 3357650.61199951 14.80993271 161 171 180
245934.39117432 3357652.16094971 14.30723858 66 76 85
245933.02374268 3357651.14373779 14.84676838 41 50 45
245934.39880371 3357648.13122559 14.49051094 11 31 40
245933.84460449 3357650.72680664 14.73646355 50 55 61
245933.28765869 3357657.58874512 14.28036785 66 72 72
245933.91613770 3357654.11267090 14.29651546 162 172 182
245932.23199463 3357663.12799072 14.41041279 36 44 47
245931.49975586 3357662.63134766 14.31625366 111 118 126
245932.46533203 3357657.94897461 14.48447323 41 49 52
245933.63079834 3357650.50207520 15.06669807 92 99 109
245932.97906494 3357656.06536865 14.50671673 61 69 71
245934.64947510 3357650.63787842 14.45572090 75 86 92
245933.71423340 3357652.55371094 14.55159283 44 53 58
245932.24078369 3357662.60937500 14.35795212 129 136 144
245934.10028076 3357650.02978516 14.69024658 57 62 66
245930.56945801 3357664.67285156 14.28436089 100 109 108
245933.02929688 3357657.90576172 14.46580696 56 62 62
245932.96569824 3357656.18878174 14.53067112 58 63 66
245934.26770020 3357651.11059570 14.69106483 171 174 189
245933.78894043 3357650.59155273 14.82829189 32 41 48
245933.24493408 3357652.51910400 14.69712639 96 103 109
245932.80053711 3357658.08679199 14.65094662 36 41 45
245931.86389160 3357661.00872803 14.46516514 44 49 53
245932.48419189 3357658.78485107 14.57254028 43 50 56
245933.02056885 3357656.12103271 14.50757122 61 69 72
245931.51885986 3357663.96221924 14.86973000 31 38 48
245931.12768555 3357663.22271729 14.64021873 25 36 42
245933.90258789 3357646.66857910 14.42400265 46 58 54
245932.68487549 3357655.38079834 14.84869862 29 37 40
245932.61920166 3357654.69940186 14.38176346 56 66 68
245933.93347168 3357649.95581055 14.67761898 48 53 57
245932.78186035 3357658.97137451 14.65176392 67 72 76
245935.26208496 3357649.09686279 14.33650780 171 173 152
245931.94281006 3357658.22479248 14.47687340 54 55 57
245933.60241699 3357655.05023193 14.54709053 68 77 84
245932.27746582 3357663.83392334 14.49679089 57 59 58
245934.45562744 3357648.82775879 14.82412910 17 26 31
245930.29193115 3357664.90649414 14.30226898 17 29 27
245932.75677490 3357657.29876709 14.63659382 22 27 30
245934.08758545 3357648.79620361 14.75097466 26 33 39
245932.66528320 3357656.24877930 14.69422436 66 71 74
245933.09753418 3357655.81896973 14.58916759 32 40 43
245934.59545898 3357651.68707275 14.32039833 77 86 91
245933.28509521 3357652.17657471 14.31835270 49 56 62
245934.52343750 3357653.09277344 14.27542210 133 132 137
245932.85180664 3357658.22100830 14.66515064 45 58 74
245933.73822021 3357651.13989258 14.64030170 56 61 67
245932.88885498 3357658.51007080 14.40616512 67 74 80
245933.22479248 3357653.70861816 14.42421436 139 144 147
245931.53674316 3357661.24353027 14.62451649 101 106 112
245931.92431641 3357663.53363037 14.68638802 11 15 24
245931.91302490 3357659.56292725 14.99614048 116 122 122
245932.71093750 3357656.18963623 14.63601112 62 67 71
245930.80773926 3357664.94305420 14.55023193 33 37 38
245931.36297607 3357664.85498047 14.95313454 153 164 168
245931.05761719 3357664.29412842 14.81089115 140 144 145
245933.51660156 3357653.74774170 14.41703796 147 152 156
245932.66882324 3357655.40191650 14.85596943 45 53 55
245932.77239990 3357653.76727295 14.40477943 122 135 144
245931.68035889 3357659.58166504 14.81980991 61 61 61
245932.15179443 3357659.31768799 14.74800968 41 51 53
245932.33081055 3357661.90350342 14.44898701 116 119 124
245933.58819580 3357648.03894043 14.56694794 51 56 62
245934.94628906 3357648.62591553 14.96752548 51 55 56
245931.58306885 3357664.60461426 14.71598339 70 80 90
245934.09753418 3357650.80841064 14.76750374 57 65 68
245933.96002197 3357651.69409180 14.34248734 62 73 75
245934.81335449 3357648.85131836 14.60318375 0 1 5
245931.24212646 3357663.94671631 14.93783188 28 29 31
245933.18200684 3357655.52789307 14.81213951 120 121 126
245931.19262695 3357664.55035400 14.97576427 43 48 52
245933.15551758 3357658.26995850 14.32235813 60 65 68
245932.98242188 3357654.81842041 14.52239227 60 68 71
245932.01721191 3357664.96673584 14.59233189 58 68 70
245932.69970703 3357661.71118164 14.32785702 188 189 191
245934.50805664 3357647.77026367 14.79411983 44 65 86
245934.01361084 3357647.67132568 14.39490128 54 62 65
245932.99682617 3357655.71392822 14.68627453 26 31 37
245930.46899414 3357664.89544678 14.29949093 90 98 101
245932.68157959 3357657.19683838 14.76969624 124 135 141
245933.13018799 3357651.19226074 14.93469048 63 69 67
245933.46441650 3357650.79663086 14.67132187 97 102 106
245933.61767578 3357654.17144775 14.36158466 149 159 168
245931.60717773 3357663.72229004 14.76111698 0 10 20
245934.76556396 3357649.87115479 14.51806736 86 94 97
245933.22357178 3357654.77276611 14.54442978 66 76 77
245932.26361084 3357663.72607422 14.45917034 167 166 162
245934.90362549 3357648.92755127 14.45465946 38 43 47
245933.46166992 3357654.84271240 14.57460880 72 81 86
245933.33697510 3357649.54827881 14.35022640 52 59 65
245934.36083984 3357652.79443359 14.29177952 146 156 158
245933.41821289 3357652.49145508 14.38280296 51 54 59
245932.63696289 3357661.09234619 14.27496338 207 217 219
245932.28314209 3357659.93023682 14.59523678 52 55 62
245932.98364258 3357654.62481689 14.44768620 100 110 112
245933.36163330 3357650.56256104 14.82850742 145 158 166
245934.70184326 3357649.70574951 14.45014954 94 102 104
245933.84503174 3357656.48645020 14.26542950 145 148 137
245933.34423828 3357651.39300537 14.64317131 55 60 63
245934.55932617 3357650.27355957 14.66272640 87 97 96
245934.89770508 3357650.23150635 14.38680553 81 87 87
245932.91528320 3357658.54791260 14.39219856 57 62 68
245932.59442139 3357657.02972412 14.83702660 56 66 75
245935.40393066 3357647.20928955 14.31401634 64 72 75
245931.51800537 3357664.50366211 14.73086452 76 86 98
245934.66027832 3357649.40319824 14.39129543 91 95 94
245933.84429932 3357654.21209717 14.29160309 168 178 190
245933.86267090 3357648.93420410 14.60861111 16 21 25
245934.35388184 3357649.29278564 14.41485310 37 41 44
245932.82305908 3357658.98516846 14.65249157 72 77 81
245931.52001953 3357660.33428955 14.36742592 96 96 86
245932.35534668 3357656.91296387 15.02608299 23 28 32
245933.99310303 3357646.71582031 14.44004250 43 54 48
245931.54382324 3357663.22094727 14.72404194 71 93 117
245934.40075684 3357648.81494141 14.86005497 11 19 22
245933.54870605 3357657.20916748 14.33892250 72 76 79
245933.02758789 3357655.17999268 14.62077332 55 60 64
245934.97814941 3357647.48870850 14.43749905 63 74 80
245933.89282227 3357647.07757568 14.37712288 57 68 70
245932.76605225 3357653.06060791 14.30182362 69 78 85
245933.11627197 3357659.94464111 14.28985310 55 56 51
245935.01953125 3357647.14575195 14.37181091 78 87 94
245932.24505615 3357656.26983643 14.43667889 41 48 54
245931.83422852 3357659.78594971 14.70346165 49 50 52
245932.65087891 3357659.69543457 14.69027424 79 86 92
245934.35101318 3357651.10144043 14.56240845 112 119 127
245934.07635498 3357651.98101807 14.32528687 62 77 80
245932.86090088 3357654.23773193 14.35108280 161 178 185
245931.84149170 3357660.19622803 14.51407337 44 48 49
245934.36224365 3357651.34906006 14.40967751 65 75 84
245933.86700439 3357647.46527100 14.36600780 43 52 59
245932.95227051 3357660.54174805 14.23114872 199 194 162
245932.05938721 3357659.35870361 14.79924774 43 52 57
245932.39849854 3357655.75244141 14.90256786 122 131 136
245933.07312012 3357660.39910889 14.23905182 199 197 174
245931.62335205 3357664.95745850 14.74445915 17 22 28
245933.31512451 3357650.45709229 14.80621624 81 92 98
245931.85485840 3357659.37506104 14.83993340 71 82 88
245933.67913818 3357652.52050781 14.83153057 95 115 126
245932.17376709 3357660.63305664 14.39241314 65 70 73
245931.41705322 3357661.85864258 14.67568874 97 106 105
245934.36480713 3357649.61859131 14.43595219 84 87 92
245933.64141846 3357652.95397949 14.49896812 73 74 79
245932.25665283 3357657.61346436 14.44557476 54 57 62
245932.70843506 3357660.04394531 14.40670109 23 26 31
245934.09613037 3357647.49310303 14.41490173 47 57 58
245932.89666748 3357657.92639160 14.55138302 46 50 51
245934.83746338 3357648.79675293 14.80306435 29 34 38
245931.91204834 3357658.32745361 14.73197746 24 34 36
245932.73510742 3357656.44982910 14.67981148 52 56 59
245934.10791016 3357649.50207520 14.38790417 61 66 70
245931.22113037 3357663.81408691 14.94585514 2 3 5
245933.50061035 3357656.70819092 14.41788769 53 61 63
245933.97088623 3357650.71813965 14.74309349 53 61 64
245933.18859863 3357654.89746094 14.59650612 65 75 77
245932.52795410 3357658.91662598 14.58810616 35 42 50
245932.52069092 3357655.17126465 14.73442268 54 64 63
245932.14855957 3357656.81390381 14.50625992 44 47 52
245934.57507324 3357650.03424072 14.72018051 65 73 75
245934.38690186 3357652.25915527 14.30172157 68 81 89
245934.85595703 3357649.15368652 14.44208050 62 70 72
245932.68145752 3357660.19659424 14.33467007 30 31 35
245931.71081543 3357659.48980713 14.47269154 41 49 52
245932.87103271 3357661.30889893 14.25140381 135 133 136
245933.09466553 3357651.40441895 14.89002514 90 94 93
245932.79138184 3357661.93731689 14.30499649 175 175 173
245931.73583984 3357662.48754883 14.33834076 108 113 119
245931.51116943 3357663.01696777 14.75357533 21 33 47
245932.37530518 3357659.73522949 14.70167732 33 36 41
245932.49835205 3357654.73815918 14.39863396 45 57 57
245933.27709961 3357651.12115479 14.95566559 54 60 60
245932.40979004 3357663.63494873 14.33308601 56 67 73
245932.00982666 3357661.32269287 14.61352253 59 62 69
245932.51544189 3357654.97509766 14.64268398 46 56 55
245933.97003174 3357652.51910400 14.40730762 55 64 69
245932.55041504 3357662.17938232 14.37624359 150 151 153
245931.30572510 3357663.62634277 15.10951614 142 150 161
245933.77734375 3357651.49005127 14.47060585 41 50 57
245931.58966064 3357661.71936035 14.68181610 104 113 110
245932.42242432 3357656.13171387 14.57746696 62 68 68
245932.80444336 3357656.22338867 14.59841061 60 68 70
245931.08209229 3357663.25036621 14.56701565 38 48 50
245934.57525635 3357648.87481689 14.66704178 9 12 17
245932.87481689 3357652.47491455 14.62071896 31 41 43
245932.66369629 3357657.22094727 14.73809052 39 46 54
245933.54992676 3357647.98101807 14.73810673 25 34 33
245932.03515625 3357657.22558594 14.63395882 44 48 51
245931.56561279 3357661.42126465 14.78711128 117 125 127
245933.71533203 3357649.73730469 14.61827278 51 60 59
245931.95794678 3357664.42773438 14.66507053 85 88 95
245931.61212158 3357661.38403320 14.78887367 100 105 109
245932.69219971 3357653.85656738 14.34247494 116 126 136
245933.01226807 3357657.16802979 14.51042461 7 8 12
245934.29174805 3357653.60247803 14.28371906 191 193 192
245933.26257324 3357650.42218018 14.75907707 75 86 90
245933.84765625 3357649.87457275 14.67210960 52 60 62
245933.32824707 3357654.29504395 14.49706364 142 155 163
245933.08697510 3357656.41320801 14.55042362 49 53 56
245932.75573730 3357658.26226807 14.75429153 175 184 189
245931.68548584 3357659.50640869 14.44404984 37 45 48
245933.88830566 3357653.10498047 14.40572166 126 122 121
245933.39257813 3357652.22607422 14.32330990 48 53 59
245932.80969238 3357656.21356201 14.59475517 60 68 70
245931.95806885 3357657.97149658 14.33082485 44 52 54
245934.08959961 3357648.68023682 14.86387157 24 33 38
245933.70684814 3357648.93133545 14.57132244 9 17 20
245933.03881836 3357656.87030029 14.74947166 62 67 70
245934.57055664 3357649.05877686 14.47321320 23 31 34
245933.71051025 3357650.38946533 14.70464325 112 119 127
245934.45947266 3357650.27203369 14.78864574 111 120 127
245934.69604492 3357652.24005127 14.28200912 183 185 164
245933.86547852 3357652.55975342 14.48583031 69 80 84
245932.30120850 3357663.80041504 14.46864128 144 146 143
245931.86822510 3357664.79553223 14.64338398 47 55 57
245934.42449951 3357653.50781250 14.27442837 192 194 189
245933.36859131 3357658.08691406 14.27915382 71 75 76
245933.90667725 3357650.90362549 14.73362637 67 76 81
245931.25030518 3357662.14953613 14.60802078 33 42 49
245933.21240234 3357658.75164795 14.29913712 78 79 83
245931.89575195 3357660.50128174 14.37379742 77 78 70
245932.39099121 3357656.80810547 14.73546982 40 43 48
245934.16723633 3357648.63629150 14.78392315 26 35 42
245934.13214111 3357654.36968994 14.28255939 148 162 171
245934.52087402 3357652.43463135 14.28541946 77 87 88
245933.85858154 3357653.84759521 14.36205006 165 172 180
245932.50531006 3357661.30615234 14.43187141 88 89 93
245932.63684082 3357658.47656250 14.71965504 33 40 46
245933.48913574 3357653.38385010 14.37925243 189 191 188
245934.34686279 3357648.46899414 14.50536060 31 38 46
245932.61242676 3357662.80871582 14.28730679 205 202 193
245934.81402588 3357648.66052246 14.60386086 28 36 38
245933.51519775 3357654.78125000 14.50865936 71 80 87
245931.79730225 3357663.63745117 14.71639061 0 4 13
245932.32843018 3357661.78948975 14.46332073 99 104 108
245931.87255859 3357658.39739990 14.80854130 59 67 70
245933.29412842 3357651.64355469 14.38436699 36 41 45
245932.42590332 3357660.76965332 14.37243652 59 61 60
245933.60791016 3357649.91021729 14.62444496 40 48 50
245934.00451660 3357648.12481689 14.92363262 103 123 148
245932.73272705 3357660.39752197 14.26820564 120 113 103
245934.27716064 3357650.86016846 14.80631638 59 66 74
245931.98400879 3357664.70190430 14.58247852 29 36 42
245934.77435303 3357648.80395508 14.79669666 13 18 22
245931.71356201 3357661.39996338 14.68883705 90 95 99
245934.13623047 3357648.46118164 14.53090477 27 34 40
245934.19415283 3357649.61682129 14.43413162 71 74 79
245932.39086914 3357660.45989990 14.29700947 120 119 117
245934.08618164 3357649.58282471 14.40658188 68 72 75
245933.80383301 3357654.99377441 14.42729855 68 77 84
245931.58715820 3357663.63647461 14.72189903 32 50 64
245933.25958252 3357656.76641846 14.57760811 52 60 62
245932.89697266 3357652.86029053 14.31244659 128 135 143
245934.65460205 3357647.68395996 14.78151512 70 83 99
245935.48834229 3357647.83123779 14.33232403 138 140 126
245933.07049561 3357655.31372070 14.65495586 57 62 66
245933.69195557 3357647.92755127 14.43985844 113 124 130
245932.60955811 3357655.56420898 14.91891098 68 76 79
245933.82446289 3357656.46295166 14.27005482 104 105 97
245934.63708496 3357649.81140137 14.58576298 84 89 92
245933.03729248 3357660.23632813 14.26193905 83 76 68
245934.88580322 3357648.20794678 14.35412216 61 71 73
245931.94268799 3357664.19702148 14.65776253 38 42 51
245932.10668945 3357658.60302734 14.69573021 24 31 39
245933.25933838 3357650.04302979 14.53495312 61 71 72
245934.86761475 3357648.87915039 14.48093987 15 18 23
245933.57141113 3357655.81774902 14.32389545 61 71 73
245933.00256348 3357654.16351318 14.37295723 142 152 161
245932.64990234 3357659.83966064 14.70911884 19 26 32
245932.63970947 3357655.50140381 14.91044521 31 39 41
245934.75451660 3357649.97027588 14.56592464 74 84 86
245930.75640869 3357664.67077637 14.45519733 63 62 67
245932.57043457 3357655.59094238 14.96441460 58 63 67
245931.38012695 3357663.25756836 14.88457584 127 145 167
245931.64257813 3357660.78778076 14.69083977 17 19 31
245934.99853516 3357648.78625488 14.79046726 109 109 109
245934.20556641 3357653.20819092 14.29783249 204 198 200
245934.47454834 3357653.25738525 14.27165604 183 185 184
245934.27703857 3357647.62109375 14.51760292 32 43 47
245932.22003174 3357657.69989014 14.43593788 50 58 60
245930.92608643 3357665.01489258 14.72774696 21 23 20
245932.00402832 3357658.37371826 14.75909805 26 35 42
245931.92187500 3357662.68255615 14.36218834 113 122 129
245931.96234131 3357660.37713623 14.33837700 170 163 137
245934.20513916 3357650.73278809 14.79804230 64 69 73
245932.22381592 3357661.51391602 14.58385181 40 43 48
245932.95031738 3357661.32458496 14.24627495 149 149 147
245933.52374268 3357648.85675049 14.71073914 11 21 23
245932.83355713 3357657.11541748 14.84947300 25 34 39
245933.82049561 3357646.84588623 14.36252499 48 60 56
245935.24011230 3357649.57464600 14.30301094 179 183 158
245933.44891357 3357648.99163818 14.37980080 33 43 44
245932.86669922 3357656.60491943 14.71448517 70 70 72
245934.42932129 3357652.09130859 14.30807686 66 79 87
245931.07641602 3357663.50555420 14.74215412 62 67 71
245933.42633057 3357655.28912354 14.59308624 65 70 74
245931.73883057 3357663.31005859 14.64875031 36 45 52
245932.86724854 3357660.42443848 14.25075245 131 123 104
245930.26324463 3357664.79663086 14.37876606 18 31 24
245933.61480713 3357653.86480713 14.40315247 125 132 138
245931.99359131 3357664.37005615 14.66421986 138 142 145
245935.33343506 3357648.73327637 14.31844234 159 160 146
245932.77368164 3357655.25122070 14.72721863 45 52 58
245934.75634766 3357649.41058350 14.38982201 121 127 127
245934.90447998 3357648.92608643 14.45483208 38 43 47
245933.43273926 3357653.82824707 14.42929840 132 141 146
245933.08624268 3357652.49493408 14.51921177 35 36 38
245931.51116943 3357663.04595947 14.73774624 27 40 56
245933.60797119 3357653.69488525 14.41444778 180 188 190
245932.81591797 3357653.60681152 14.38169289 135 148 156
245932.41723633 3357659.55163574 14.66296291 46 55 60
245934.95684814 3357650.19207764 14.36567593 99 100 94
245931.62591553 3357661.80499268 14.65601730 102 111 110
245934.11761475 3357649.10632324 14.44928837 33 38 42
245931.40521240 3357661.31347656 14.78914070 66 67 71
245932.77740479 3357655.80413818 14.55399609 77 84 92
245933.40869141 3357649.78723145 14.44345474 50 60 59
245933.54553223 3357657.77722168 14.25793743 104 104 94
245931.41552734 3357663.66833496 15.03964615 249 255 255
245932.80401611 3357653.49725342 14.34022713 139 152 160
245934.52313232 3357652.28491211 14.29139900 73 81 83
245934.80499268 3357650.12945557 14.48713493 70 84 85
245934.40203857 3357653.40136719 14.27539063 190 191 186
245933.52252197 3357656.54528809 14.42140102 42 52 54
245934.59893799 3357650.81304932 14.44328022 77 86 91
245933.09967041 3357656.81182861 14.68254662 59 68 67
245933.09722900 3357651.58575439 14.37304211 29 34 37
245933.42095947 3357648.60510254 14.92512989 52 69 53
245934.71459961 3357652.13177490 14.28596020 185 187 166
245930.81365967 3357664.97723389 14.56177330 33 37 38
245932.75384521 3357658.28509521 14.83865452 170 181 187
245934.51519775 3357652.82415771 14.28160667 147 158 164
245932.72967529 3357658.24371338 14.75335407 81 85 94
245933.65966797 3357652.96765137 14.49735260 73 74 79
245934.80187988 3357647.20690918 14.45399284 55 69 72
245935.10327148 3357647.34790039 14.35624599 59 70 76
245932.46319580 3357656.74029541 14.92115021 27 34 40
245931.83215332 3357659.34606934 14.65227509 34 43 48
245934.49749756 3357650.49896240 14.57168007 67 76 83
245933.00848389 3357652.60449219 14.59527206 20 21 25
245931.07080078 3357663.91754150 14.75946903 7 12 15
245934.20050049 3357652.20312500 14.32258320 61 74 82
245933.96771240 3357648.67382813 14.90736675 7 14 20
245932.26251221 3357657.51684570 14.46583080 44 47 52
245934.36993408 3357652.21197510 14.30598259 68 78 87
245932.23767090 3357660.06750488 14.54757309 58 59 64
245931.55145264 3357663.85089111 14.81549168 79 91 103
245933.52490234 3357657.80548096 14.26045799 109 109 99
245931.84704590 3357658.92260742 14.53764248 61 64 69
245931.85760498 3357662.59057617 14.31022930 127 131 134
245932.52349854 3357656.35235596 14.60518551 67 73 73
245932.95379639 3357652.49188232 14.65733528 27 37 39
245935.15393066 3357648.93707275 14.37549591 82 86 85
245934.01086426 3357653.71435547 14.33498669 195 200 204
245932.48016357 3357662.60571289 14.37853622 137 150 158
245932.32098389 3357656.25024414 14.48553276 63 66 71
245933.35601807 3357655.67535400 14.76838017 145 149 152
245932.69732666 3357660.37121582 14.27600002 136 135 131
245934.91448975 3357649.72058105 14.36340809 93 101 103
245932.99908447 3357659.10937500 14.44565773 80 85 88
245932.71191406 3357660.23846436 14.30572701 66 67 69
245933.13226318 3357656.07995605 14.47095394 54 64 65
245933.97161865 3357649.10705566 14.45945358 30 38 41
245934.33453369 3357648.62701416 14.92950726 41 54 60
245931.82403564 3357659.40740967 14.71047974 57 66 73
245934.36889648 3357650.27740479 14.78728867 141 154 160
245932.90289307 3357658.02899170 14.57364655 45 49 50
245932.38928223 3357656.33648682 14.51258469 62 63 67
245933.91271973 3357655.84924316 14.27731419 87 89 84
245932.02221680 3357665.04821777 14.69348335 71 77 77
245933.58270264 3357652.53491211 14.47984695 83 88 92
245933.83166504 3357648.51867676 15.13227272 23 31 42
245931.61022949 3357665.30609131 14.68303871 78 83 86
245935.13323975 3357648.03387451 14.35329342 67 75 78
245932.52893066 3357655.22985840 14.76501560 46 56 55
245932.68597412 3357661.38653564 14.29963398 165 159 161
245932.26586914 3357656.86962891 14.67187977 35 39 42
245933.44470215 3357655.82940674 14.38958836 36 44 47
245933.00720215 3357655.29205322 14.65218925 59 67 69
245932.34564209 3357663.41900635 14.32811165 58 65 71
245931.74682617 3357663.92779541 14.73044586 30 39 46
245934.30297852 3357651.86315918 14.30830574 77 87 96
245934.48333740 3357649.37493896 14.39784241 45 45 47
245934.72479248 3357648.61950684 14.94562435 56 66 68
245932.20532227 3357660.49157715 14.32268238 129 139 141
245934.12890625 3357653.31860352 14.29865456 206 204 205
245934.18750000 3357654.69238281 14.27258587 138 140 127
245934.93280029 3357648.62011719 14.79508114 61 67 67
245932.97790527 3357659.54827881 14.48492622 59 63 66
245931.82171631 3357660.66912842 14.50722599 42 48 48
245935.33673096 3357647.78656006 14.34702396 80 88 91
245933.07525635 3357653.17187500 14.29794312 153 164 168
245934.28442383 3357649.78161621 14.59770679 79 82 87
245933.47729492 3357658.59271240 14.24192715 167 168 150
245932.54461670 3357660.66168213 14.27604866 127 123 111
245931.49645996 3357663.34741211 14.80927753 76 105 135
245934.76214600 3357650.13171387 14.52478313 68 79 81
245933.98571777 3357655.64776611 14.28428268 123 126 117
245932.71429443 3357656.78942871 14.79912853 60 70 72
245932.04357910 3357657.65856934 14.35412979 51 55 58
245932.41888428 3357661.22052002 14.42263317 84 83 88
245933.03533936 3357653.73168945 14.41627216 130 137 143
245931.52496338 3357665.13916016 14.75495911 152 157 161
245934.98773193 3357648.78985596 14.79386711 109 109 109
245933.15118408 3357653.36791992 14.29900646 146 147 152
245933.63189697 3357653.84020996 14.40504837 104 113 120
245933.51898193 3357653.21215820 14.39156151 191 187 186
245934.40655518 3357650.29321289 14.74878216 124 134 143
245933.50891113 3357657.02227783 14.38314819 53 56 61
245932.79455566 3357657.12243652 14.83827305 67 76 83
245931.85235596 3357659.33679199 14.71750546 43 52 57
245933.68237305 3357649.79858398 14.62505817 50 59 58
245934.24041748 3357649.20153809 14.42830753 39 42 47
245933.27362061 3357656.96136475 14.60302639 68 73 76
245933.48193359 3357655.70269775 14.45228291 31 40 45
245932.75915527 3357662.13513184 14.31607628 220 221 216
245935.41558838 3357648.67767334 14.31410885 165 163 151
245933.48388672 3357650.21875000 14.82390404 122 139 155
245932.14923096 3357659.65252686 14.84459591 87 95 98
245933.95648193 3357649.81414795 14.63000298 63 68 72
245933.02874756 3357656.27111816 14.53157139 57 66 65
245933.18060303 3357655.89337158 14.45960140 39 46 52
245934.41992188 3357647.33728027 14.51469898 51 67 64
245933.21441650 3357657.13781738 14.78782749 17 22 28
245933.04327393 3357659.98522949 14.32258224 49 51 50
245931.86743164 3357661.26593018 14.54031467 88 91 98
245934.49835205 3357647.71179199 14.86861515 97 110 127
245934.81701660 3357650.43225098 14.38345432 82 87 91
245933.76782227 3357648.82061768 14.85507488 15 18 27
245930.35668945 3357665.10101318 14.27097034 128 135 141
245933.17718506 3357655.40411377 14.70386696 56 63 71
245933.91265869 3357654.93786621 14.35854721 72 83 89
245934.93194580 3357648.39270020 14.36833477 66 73 79
245932.19927979 3357664.04162598 14.56182957 35 40 44
245933.42181396 3357657.18457031 14.48531437 29 33 34
245933.77294922 3357656.89697266 14.25027943 144 144 132
245933.45062256 3357654.78985596 14.53173065 73 82 87
245932.46606445 3357658.68249512 14.60667324 34 41 47
245932.50622559 3357655.44213867 14.78719521 43 52 57
245931.71923828 3357661.78948975 14.61011314 102 109 115
245933.49566650 3357653.23309326 14.37654972 191 187 186
245933.59747314 3357648.56921387 15.02307129 6 13 19
245933.84228516 3357648.48889160 15.06890965 28 37 46
245934.11041260 3357651.00012207 14.81560898 125 129 138
245932.56988525 3357654.88824463 14.51494408 52 62 63
245933.39117432 3357655.24353027 14.60942745 65 70 74
245933.09265137 3357657.16229248 14.69215107 32 40 43
245930.65435791 3357664.67724609 14.32633305 127 131 134
245931.22491455 3357664.93334961 14.98069000 129 137 140
245931.76879883 3357659.48834229 14.59645844 35 42 50
245932.50756836 3357661.26519775 14.41371155 87 88 92
245932.43041992 3357656.37487793 14.53119850 61 67 67
245932.57708740 3357662.39013672 14.29834366 206 206 204
245931.93011475 3357660.62286377 14.42875290 69 74 70
245933.81799316 3357647.07653809 14.35862541 64 74 76
245932.59069824 3357660.04754639 14.50650883 55 60 66
245932.49822998 3357662.33221436 14.32858276 151 154 159
245932.01379395 3357664.20703125 14.62095928 37 44 52
245933.63891602 3357647.09973145 14.51644707 34 43 40
245931.70709229 3357662.24902344 14.53248405 53 62 69
245934.06671143 3357654.52734375 14.27342129 148 158 168
245934.82250977 3357648.61822510 14.84646988 46 56 57
245932.65087891 3357662.43054199 14.25852013 207 208 203
245931.06835938 3357664.09948730 14.75609970 32 38 38
245932.26318359 3357663.57104492 14.42544746 38 39 43
245933.89404297 3357648.45428467 14.72995853 26 34 37
245933.61706543 3357652.54962158 14.75838375 50 68 80
245933.32861328 3357658.73919678 14.26393127 101 101 91
245931.76092529 3357661.52264404 14.57330608 106 110 113
245932.01019287 3357663.17718506 14.52678299 30 38 41
245930.96392822 3357664.29229736 14.68812656 17 22 25
245933.81616211 3357648.91333008 14.65583515 14 19 23
245933.15277100 3357650.95330811 14.79654503 41 50 49
245933.99755859 3357647.05816650 14.40323830 52 62 63
245934.07830811 3357653.93475342 14.30489731 161 168 176
245934.16827393 3357653.46911621 14.29125404 203 207 206
245934.66027832 3357648.70959473 15.00794983 84 93 98
245932.17578125 3357660.23126221 14.42289734 97 98 100
245934.38403320 3357649.16882324 14.44501686 34 39 42
245933.97863770 3357655.20324707 14.33212662 80 83 92
245933.23773193 3357655.04254150 14.64184380 64 74 73
245931.59240723 3357662.73406982 14.65678692 24 27 32
245930.30847168 3357664.79406738 14.35192585 18 31 22
245933.44049072 3357650.10772705 14.63942623 37 52 55
245934.36309814 3357650.95404053 14.69996738 42 50 61
245934.67175293 3357650.56512451 14.45208931 76 85 92
245933.93145752 3357652.76824951 14.62258720 0 9 14
245933.09094238 3357652.96044922 14.30000782 126 133 141
245932.33941650 3357655.76275635 14.85276222 127 134 144
245933.50952148 3357649.77990723 14.51955509 48 58 59
245931.93457031 3357659.85546875 14.73604012 78 83 87
245934.40228271 3357650.60723877 14.68578053 69 76 82
245933.03887939 3357658.45306396 14.31865883 54 57 62
245934.71142578 3357647.19232178 14.49418831 51 66 69
245932.25946045 3357661.80444336 14.47468472 103 110 118
245934.84802246 3357648.66778564 14.57259369 23 29 29
245931.74444580 3357663.89385986 14.73722458 34 43 52
245932.11254883 3357658.89758301 14.66566467 61 66 72
245935.21179199 3357647.46447754 14.33450890 70 84 93
245932.52185059 3357661.85284424 14.45648766 96 96 98
245932.94781494 3357661.19854736 14.24361992 200 204 205
245933.86529541 3357648.89428711 14.70262909 14 21 27
245933.06793213 3357652.43017578 14.35674286 34 38 41
245931.24731445 3357662.69635010 14.36996078 116 123 133
245933.61035156 3357649.25463867 14.38316154 46 54 56
245933.79241943 3357652.10644531 14.34779549 55 64 69
245932.84893799 3357655.43853760 14.80823898 39 44 48
245934.33117676 3357650.90051270 14.77135277 61 68 78
245932.64410400 3357656.75097656 14.79606724 62 70 73
245933.28210449 3357653.29376221 14.30432987 98 101 106
245932.69586182 3357655.92004395 14.59649372 43 47 50
245933.49188232 3357648.88342285 14.51191521 28 38 40
245934.10076904 3357650.09259033 14.70372486 56 63 69
245932.23437500 3357656.74243164 14.44403553 56 57 61
245933.19451904 3357653.57794189 14.37046814 161 162 166
245934.12969971 3357651.82147217 14.30646515 69 80 86
245930.93737793 3357664.06713867 14.55323410 21 31 33
245932.60937500 3357655.90716553 14.65659428 34 37 44
245935.66748047 3357647.39324951 14.31895733 181 182 166
245933.95428467 3357653.33441162 14.34849262 208 203 199
245934.19921875 3357647.31787109 14.44806290 56 64 66
245932.78253174 3357654.97003174 14.58033943 57 65 68
245932.03503418 3357660.29290771 14.37239552 36 27 20
245931.39929199 3357662.26043701 14.53303242 31 40 49
245934.04296875 3357654.59405518 14.27449989 101 109 120
245932.85772705 3357658.49133301 14.61481476 106 132 149
245932.66992188 3357658.47497559 14.73302555 24 31 37
245934.91882324 3357648.79180908 14.80972672 80 83 88
245931.39587402 3357662.75622559 14.45247555 61 64 73
245934.45812988 3357648.78784180 14.91876411 10 19 26
245933.65234375 3357656.76831055 14.32104301 66 70 71
245932.63299561 3357662.68615723 14.26416206 220 219 215
245933.37933350 3357656.00842285 14.39707184 52 60 63
245932.77154541 3357660.27294922 14.28842163 101 101 101
245932.46716309 3357657.87152100 14.45925617 45 50 54
245931.71411133 3357661.82470703 14.62501144 100 107 113
245934.79980469 3357650.75762939 14.35085869 83 91 93
245934.81988525 3357649.17633057 14.43724155 64 72 74
245933.39294434 3357651.23669434 14.77266026 39 44 48
245932.07598877 3357658.21533203 14.54308891 41 44 49
245933.87310791 3357650.28192139 14.61119366 80 87 95
245932.51629639 3357654.24499512 14.32393360 109 119 121
245931.69921875 3357662.00671387 14.66925621 38 48 57
245934.04736328 3357655.23626709 14.28688812 108 110 105
245932.70629883 3357657.95410156 14.61850739 35 43 45
245932.48767090 3357659.11767578 14.65920830 45 49 58
245932.83813477 3357661.90478516 14.28487492 217 217 215
245934.95941162 3357648.69348145 14.44228172 51 59 62
245933.10131836 3357657.18023682 14.48325920 21 25 28
245932.95806885 3357660.85015869 14.23519230 202 201 196
245934.83026123 3357649.71032715 14.38360023 96 104 107
245931.99749756 3357660.68096924 14.45229435 56 60 59
245932.57061768 3357660.65655518 14.26210022 136 134 122
245930.73156738 3357664.94323730 14.36014652 32 37 41
245932.33294678 3357657.45318604 14.48913956 36 39 46
245934.04882813 3357649.69018555 14.54094601 60 65 69
245933.52838135 3357651.55853271 14.43148994 46 55 62
245934.84234619 3357649.41564941 14.39093685 102 107 110
245933.58990479 3357647.66949463 14.47082996 139 140 144
245934.15435791 3357648.23590088 14.56976223 9 25 38
245933.21728516 3357658.11206055 14.32412052 67 71 74
245934.70532227 3357648.91925049 14.53261280 17 27 26
245931.87445068 3357660.83416748 14.48194599 34 41 47
245932.56488037 3357659.12750244 14.63488579 59 66 76
245931.97375488 3357660.74505615 14.49898720 35 45 46
245933.79888916 3357652.77575684 14.61580086 26 31 37
245934.35626221 3357649.93560791 14.69647217 71 78 84
245929.71771240 3357665.33178711 14.46440887 50 57 63
245934.27673340 3357648.59667969 14.74304390 9 18 23
245934.68170166 3357648.65319824 14.60066223 27 35 37
245932.10595703 3357663.11004639 14.47099304 39 44 47
245932.78552246 3357660.54235840 14.24097252 212 211 181
245931.59118652 3357663.72283936 14.76653290 0 6 20
245931.40740967 3357661.87377930 14.67579937 97 106 105
245934.08099365 3357649.51617432 14.39070988 61 66 70
245931.72497559 3357660.64050293 14.63611984 53 54 59
245934.06903076 3357652.62939453 14.71300983 154 172 174
245933.70697021 3357649.63262939 14.53550720 61 70 69
245933.36682129 3357651.57128906 14.42706203 34 37 42
245933.82989502 3357648.10430908 14.85533524 125 143 153
245933.27600098 3357658.08746338 14.29333210 66 72 72
245933.13000488 3357657.15411377 14.61431122 26 31 37
245933.36407471 3357652.09790039 14.32089329 45 54 59
245932.65753174 3357655.80029297 14.60604095 67 72 78
245933.01812744 3357659.01507568 14.46517658 82 86 89
245931.28125000 3357662.51446533 14.41255379 116 120 131
245932.00976563 3357661.25097656 14.55152321 65 72 80
245932.83117676 3357658.61761475 14.75077343 29 38 43
245931.91925049 3357659.55505371 15.00287819 116 122 122
245931.73968506 3357660.66223145 14.58782196 32 32 40
245931.43420410 3357662.72363281 14.75329018 37 44 54
245934.52838135 3357649.87957764 14.65765667 74 79 83
245933.83331299 3357648.09588623 14.83829975 131 149 159
245933.00158691 3357652.60461426 14.57415295 23 24 26
245932.68157959 3357657.75866699 14.44206238 45 50 53
245931.07330322 3357663.50659180 14.70885277 45 50 53
245933.79431152 3357652.54382324 14.73092937 50 72 83
245934.53491211 3357652.70922852 14.28669262 152 162 171
245932.88903809 3357653.96936035 14.37221909 105 119 128
245933.56103516 3357651.77557373 14.34624290 47 56 61
245933.84478760 3357652.12487793 14.36753368 61 70 77
245932.33483887 3357656.99517822 15.07723236 55 64 63
245933.96588135 3357653.88336182 14.33788109 170 177 183
245934.24499512 3357649.32910156 14.40640354 45 48 53
245935.27709961 3357648.86822510 14.32707787 134 134 126
245934.64263916 3357650.27758789 14.55013847 52 62 64
245934.80053711 3357650.75958252 14.35045815 83 91 93
245933.10821533 3357659.47381592 14.29614449 74 75 77
245932.96002197 3357659.01275635 14.51859283 76 81 84
245934.56164551 3357652.95642090 14.27195263 152 159 165
245931.73864746 3357664.01605225 14.73425674 38 47 52
245933.80090332 3357649.94458008 14.66942787 45 55 57
245934.74792480 3357649.17608643 14.43728065 45 53 55
245935.01647949 3357650.02972412 14.34628487 104 106 95
245932.91796875 3357653.79248047 14.42568588 114 129 136
245933.82238770 3357648.42266846 14.93426037 20 35 40
245933.86212158 3357652.49102783 14.41411114 48 55 61
245933.95507813 3357652.57867432 14.50758362 44 53 62
245932.48364258 3357656.85662842 14.96697617 77 82 86
245934.58825684 3357649.48291016 14.37608242 57 61 60
245932.78240967 3357661.45855713 14.26481819 213 212 210
245933.70239258 3357653.78814697 14.39793396 189 200 206
245933.46832275 3357654.16424561 14.43178654 140 150 159
245932.07171631 3357663.46490479 14.61733723 23 26 31
245934.46789551 3357652.44506836 14.28885651 80 91 97
245933.28491211 3357654.05450439 14.43174362 127 136 145
245932.76831055 3357661.06878662 14.25311756 213 221 223
245931.21118164 3357664.62982178 14.93707657 17 17 15
245933.49377441 3357654.98864746 14.59937477 67 74 80
245932.48345947 3357661.90527344 14.44755268 100 100 102
245932.57067871 3357660.03771973 14.51746941 55 60 66
245932.68774414 3357662.05828857 14.35151577 215 217 214
245934.49615479 3357652.83569336 14.28112411 147 158 164
245930.90332031 3357664.33862305 14.61322784 7 15 17
245932.82641602 3357659.97839355 14.46016026 14 15 17
245933.00891113 3357659.80157471 14.65648270 43 45 44
245931.65240479 3357663.73822021 14.75418282 29 38 47
245934.55914307 3357650.92150879 14.43791962 70 79 86
245932.04779053 3357662.20007324 14.46819019 91 94 99
245931.76196289 3357660.48681641 14.57231426 44 43 48
245932.89953613 3357659.56384277 14.54676151 61 64 69
245932.42102051 3357656.71679688 14.57588196 41 45 48
245931.88214111 3357658.11169434 14.31603146 51 56 59
245932.19561768 3357662.51092529 14.32268238 135 139 148
245931.91778564 3357661.72930908 14.49044800 107 110 117
245933.14996338 3357652.86071777 14.33442211 133 138 142
245933.97790527 3357654.19409180 14.27750874 167 181 192
245933.10034180 3357656.44323730 14.56271172 58 62 63
245933.67596436 3357647.12860107 14.38208103 81 89 92
245933.67248535 3357649.36462402 14.39464951 54 62 64
245933.20080566 3357651.51629639 14.45392323 23 24 28
245932.03955078 3357657.23004150 14.67440605 46 50 53
245933.79254150 3357656.68713379 14.26036167 109 110 102
245933.07476807 3357660.03308105 14.30862999 48 50 47
245933.13580322 3357652.47143555 14.40963936 42 45 50
245933.91839600 3357647.00561523 14.38110733 45 57 57
245935.19262695 3357649.55670166 14.31485558 181 177 152
245931.42431641 3357664.98193359 14.85728741 180 189 196
245934.43011475 3357652.27905273 14.29788685 72 82 91
245931.05859375 3357664.66973877 14.80285931 54 29 33
245933.62017822 3357651.11517334 14.60983086 46 55 60
245933.33355713 3357657.11804199 14.71058846 59 64 70
245933.34454346 3357652.55450439 14.93286324 57 70 79
245933.77423096 3357647.05706787 14.36372662 72 82 84
245932.77459717 3357657.91284180 14.60282040 43 47 50
245931.53509521 3357662.70025635 14.74157143 35 38 45
245930.84375000 3357664.99017334 14.60637188 31 35 34
245932.67193604 3357661.85003662 14.34979057 179 183 182
245932.56414795 3357655.05065918 14.63493347 45 55 54
245932.55853271 3357656.76348877 14.91404343 127 130 135
245933.92974854 3357652.76477051 14.63996315 8 19 25
245931.81402588 3357660.07873535 14.51478672 57 61 64
245935.48437500 3357647.70587158 14.33010769 92 95 86
245932.71081543 3357655.64221191 14.63988018 72 82 84
245932.80456543 3357658.64648438 14.77603054 27 35 38
245933.45153809 3357657.19451904 14.44566059 28 32 31
245932.58660889 3357654.74511719 14.39575100 48 56 59
245933.45806885 3357649.35809326 14.36096478 34 42 45
245931.41503906 3357663.31970215 14.88885498 131 152 179
245932.16503906 3357661.16479492 14.47212029 86 91 97
245929.72143555 3357665.31268311 14.44127655 25 32 38
245931.71771240 3357661.13800049 14.42943668 116 122 122
245932.69653320 3357658.18505859 14.73789787 36 39 46
245932.33404541 3357659.54412842 14.73247242 54 65 69
245934.24530029 3357648.59942627 14.72359180 10 19 24
245933.05780029 3357655.71020508 14.74126911 28 33 37
245933.61474609 3357655.32446289 14.44113922 70 77 85
245932.29766846 3357656.38366699 14.46208668 47 50 55
245935.02423096 3357648.77416992 14.78886509 101 97 94
245932.31933594 3357655.88885498 14.61334896 0 0 2
245931.41491699 3357664.21069336 14.89728832 72 77 80
245933.31634521 3357656.64886475 14.54271984 48 56 58
245931.12475586 3357663.02508545 14.72851276 56 63 69
245932.97766113 3357660.77264404 14.23213196 187 184 169
245933.75134277 3357655.32788086 14.40192509 67 76 83
245933.58190918 3357658.00262451 14.25267029 140 142 131
245929.71276855 3357665.23791504 14.37980270 28 35 45
245932.50000000 3357657.24560547 14.62366295 32 36 39
245932.08081055 3357661.95092773 14.52133846 74 77 82
245933.44006348 3357651.97003174 14.32649517 46 55 60
245931.73406982 3357659.39239502 14.39570332 45 52 60
245931.11352539 3357664.31988525 14.86892414 99 103 106
245933.79986572 3357654.64007568 14.32308006 76 86 95
245934.17749023 3357649.98760986 14.68481445 60 65 69
245932.74194336 3357657.93157959 14.62379169 36 44 46
245931.72113037 3357660.65216064 14.64002132 60 60 68
245934.20739746 3357654.46173096 14.27121735 151 162 166
245932.15112305 3357657.27038574 14.48900604 28 33 37
245932.72650146 3357653.41961670 14.31276226 126 136 145
245934.36950684 3357650.91546631 14.71530819 55 64 73
245932.12005615 3357661.23950195 14.54364204 56 63 71
245933.72149658 3357649.83215332 14.64666843 54 63 62
245932.76800537 3357653.68939209 14.40080166 123 136 145
245934.09857178 3357652.62512207 14.63202190 53 63 64
245933.46081543 3357648.80889893 14.91258335 24 36 32
245934.15502930 3357654.57934570 14.27294922 92 100 103
245932.73345947 3357661.74407959 14.31644058 210 211 213
245933.55725098 3357649.24877930 14.37182999 39 47 49
245933.59979248 3357647.33734131 14.58050728 21 30 25
245932.80883789 3357652.98687744 14.30422211 129 136 142
245932.56298828 3357661.28918457 14.33923531 112 114 113
245931.10968018 3357664.90008545 14.91061783 212 213 215
245933.13653564 3357659.02301025 14.35266209 81 86 90
245933.84179688 3357648.71954346 15.04504204 0 9 11
245932.76464844 3357658.47375488 14.79448605 42 49 55
245933.10656738 3357659.85272217 14.35315323 62 61 57
245934.67779541 3357648.56237793 14.43053913 40 48 50
245931.39495850 3357661.93402100 14.68056774 80 88 91
245932.70635986 3357654.58050537 14.37274742 129 138 145
245931.36346436 3357664.79364014 14.94646740 150 161 165
245931.53253174 3357662.77062988 14.42925167 63 66 71
245933.61755371 3357648.08563232 14.68097496 43 50 56
245933.69989014 3357650.46636963 14.95844555 56 65 80
245930.93542480 3357664.22155762 14.60293865 27 37 38
245931.67956543 3357659.60260010 14.75175571 71 72 74
245932.16607666 3357664.01934814 14.55769253 28 35 41
245934.80438232 3357650.11004639 14.49907017 73 84 86
245934.49200439 3357647.77471924 14.82196140 53 72 89
245934.62304688 3357650.97906494 14.39668846 67 76 83
245934.60229492 3357650.76269531 14.45422363 78 87 92
245934.07446289 3357650.87219238 14.76993561 58 65 71
245932.92846680 3357652.40167236 14.33199215 35 39 40
245934.36712646 3357649.10552979 14.46914196 33 36 41
245933.31463623 3357653.57647705 14.39033413 158 162 163
245933.29302979 3357651.31549072 15.00044537 48 49 51
245930.56823730 3357665.04998779 14.29317856 122 129 135
245932.91711426 3357659.12481689 14.51590538 79 83 86
245934.21936035 3357650.48889160 14.68720341 52 59 67
245933.17462158 3357653.57678223 14.36666870 161 162 166
245933.21276855 3357657.13952637 14.76364136 15 20 26
245934.30133057 3357651.52185059 14.34975719 76 86 95
245932.29132080 3357660.60345459 14.36176205 20 29 28
245934.28796387 3357648.56683350 14.66735554 17 24 32
245933.80633545 3357646.76184082 14.38917160 34 46 42
245933.03643799 3357657.37652588 14.35769939 28 28 36
245933.69000244 3357655.34368896 14.42085171 68 75 83
245933.26348877 3357650.40753174 14.76312923 72 82 84
245933.00842285 3357656.56634521 14.65039921 78 76 77
245932.58990479 3357661.70935059 14.37726116 199 200 202
245935.01354980 3357647.72296143 14.43608189 50 61 65
245933.87341309 3357647.64837646 14.37104607 40 49 56
245933.70977783 3357650.66339111 14.84531784 38 46 49
245932.89697266 3357657.63970947 14.39750481 58 63 66
245933.49810791 3357653.46594238 14.39882278 186 188 187
245932.51739502 3357655.36938477 14.77738571 40 50 51
245934.90179443 3357648.68853760 14.54856777 50 55 59
245933.32604980 3357655.90362549 14.42051983 46 51 55
245933.78192139 3357648.79858398 15.02046394 5 16 22
245932.56103516 3357662.58843994 14.32808685 154 163 168
245932.01239014 3357658.20172119 14.48501682 47 51 52
245933.49560547 3357657.63653564 14.26465797 70 71 66
245933.41680908 3357651.93365479 14.32328129 45 52 58
245932.71197510 3357657.90362549 14.56693554 40 45 49
245932.61877441 3357656.38305664 14.81667900 74 78 79
245934.46728516 3357652.05004883 14.30712414 71 84 93
245932.67749023 3357657.19018555 14.77250767 124 135 141
245933.81463623 3357648.17517090 14.93513775 48 64 77
245930.11010742 3357664.89916992 14.34111118 17 29 27
245932.22082520 3357661.93493652 14.46185303 107 114 124
245934.86206055 3357648.88531494 14.48060703 39 44 48
245931.69293213 3357664.69628906 14.68604374 18 29 33
245932.10540771 3357661.49243164 14.62619400 44 44 52
245931.71252441 3357663.65777588 14.72565174 14 24 33
245932.10540771 3357664.26953125 14.59028530 66 68 67
245932.64141846 3357662.51440430 14.24663162 206 203 198
245933.49310303 3357653.68218994 14.42110825 151 159 162
245933.85296631 3357653.14398193 14.41914272 159 153 153
245932.38824463 3357660.95349121 14.43966389 19 23 26
245934.09539795 3357653.06201172 14.32462120 140 135 139
245932.79296875 3357656.29748535 14.61633015 56 62 62
245934.00695801 3357650.26171875 14.66291046 80 87 95
245933.35675049 3357651.27520752 14.87348557 33 37 40
245933.00500488 3357655.71905518 14.66921806 26 31 37
245932.37738037 3357657.02862549 14.90955639 11 16 20
245932.46081543 3357654.86877441 14.52507401 48 58 59
245934.33770752 3357649.97955322 14.71853447 64 71 77
245931.66571045 3357660.70062256 14.75322056 37 37 45
245933.79382324 3357648.45666504 15.05550575 22 35 43
245932.56268311 3357660.22558594 14.37537766 26 29 34
245933.75018311 3357649.83636475 14.65834522 54 62 64
245933.53527832 3357650.03753662 14.63613224 41 53 53
245932.17102051 3357659.95251465 14.61224461 15 16 18
245932.41516113 3357659.90344238 14.60936832 25 26 30
245933.70031738 3357655.10241699 14.48645592 66 75 82
245933.57397461 3357658.06054688 14.25350094 150 153 142
245933.77606201 3357653.77154541 14.38525677 181 191 193
245931.09155273 3357664.44659424 14.87958813 123 126 133
245932.40875244 3357661.79400635 14.46154881 105 106 110
245931.54992676 3357662.66387939 14.30556297 114 118 127
245932.05712891 3357660.53680420 14.36636734 86 87 79
245933.08251953 3357655.11334229 14.62676525 57 62 66
245933.29425049 3357656.99182129 14.59567165 45 50 54
245934.04797363 3357651.40802002 14.40515614 52 61 66
245933.43841553 3357650.56970215 14.95684814 114 123 128
245935.60656738 3357647.35406494 14.32427406 179 177 162
245933.83386230 3357652.88769531 14.50230598 61 64 69
245933.33441162 3357657.13647461 14.71012688 42 46 55
245930.98919678 3357664.56652832 14.74464130 21 15 17
245932.72875977 3357655.66998291 14.60827351 74 83 88
245932.98553467 3357659.01641846 14.49422073 76 81 84
245932.19885254 3357664.20983887 14.58715248 48 49 51
245933.77825928 3357655.96826172 14.27823353 66 73 79
245933.30816650 3357657.39178467 14.30947208 35 40 43
245933.28649902 3357658.13635254 14.28715706 71 76 79
245933.33264160 3357650.85522461 14.65428257 55 59 62
245931.77880859 3357661.77569580 14.56977367 101 108 114
245933.64105225 3357653.24975586 14.43308353 197 187 185
245932.89593506 3357658.65704346 14.58296490 37 52 57
245933.85327148 3357654.55584717 14.30220222 123 133 142
245933.80297852 3357653.82745361 14.37472248 146 155 160
245932.66857910 3357654.89123535 14.52842903 58 66 69
245933.50714111 3357648.42602539 14.88482380 18 31 21
245932.82922363 3357655.66766357 14.56961346 68 78 80
245932.85168457 3357656.71008301 14.76583481 64 68 71
245931.33850098 3357662.92053223 14.79847145 36 47 49
245932.58020020 3357658.17193604 14.68742466 40 45 51
245934.91741943 3357648.74383545 14.97090340 78 85 91
245933.08569336 3357653.40753174 14.30373955 139 144 148
245933.38452148 3357654.13916016 14.45210075 144 154 163
245934.35565186 3357649.77514648 14.60593033 78 83 87
245933.92419434 3357651.08416748 14.74135017 22 31 36
245932.22619629 3357662.60040283 14.35437489 129 136 144
245932.22033691 3357658.62652588 14.65628624 27 34 42
245932.10449219 3357662.10827637 14.50007534 90 95 99
245931.89526367 3357661.01965332 14.45527077 43 48 51
245932.49389648 3357655.56182861 14.97294998 47 56 65
245931.53698730 3357662.96008301 14.76414204 32 42 54
245935.07403564 3357648.73590088 15.04414082 56 64 67
245933.44903564 3357650.39697266 15.01302242 80 90 99
245932.37835693 3357663.82452393 14.50193501 42 50 52
245931.48181152 3357664.90960693 14.82105923 72 77 83
245932.57446289 3357661.99237061 14.38833523 193 192 190
245931.58660889 3357661.94909668 14.68430996 63 70 76
245934.31408691 3357651.08544922 14.65694523 140 144 155
245931.43127441 3357665.17901611 14.78744984 180 189 194
245935.16955566 3357647.44458008 14.33997345 63 76 84
245931.47375488 3357662.79992676 14.85791302 27 34 42
245934.08422852 3357652.56756592 14.38312817 65 73 76
245933.13964844 3357656.35205078 14.52223015 57 62 65
245933.00231934 3357656.85626221 14.76772976 64 69 72
245929.64703369 3357665.30053711 14.48838997 0 6 11
245931.96868896 3357661.35614014 14.62684631 74 75 80
245932.52307129 3357657.78778076 14.43915081 56 61 64
245934.17968750 3357647.74365234 14.55231094 33 44 50
245931.92144775 3357660.78741455 14.49526596 40 50 52
245933.06658936 3357659.62957764 14.51261711 49 53 56
245932.14868164 3357658.27398682 14.66756344 35 42 48
245932.92260742 3357652.68853760 14.33787727 61 65 68
245931.39129639 3357663.95361328 14.94919968 200 207 215
245932.57495117 3357655.38848877 14.81777763 33 43 45
245932.98217773 3357653.66918945 14.39682674 129 140 144
245933.06945801 3357652.20391846 14.29839230 40 48 50
245933.80346680 3357652.54040527 14.90607357 176 197 202
245933.76251221 3357650.62768555 14.87073517 24 29 35
245932.70898438 3357657.39538574 14.47953701 25 32 38
245932.84399414 3357655.66961670 14.57917404 73 82 87
245935.11779785 3357649.31542969 14.35908508 98 100 89
245932.24157715 3357657.09106445 15.06844139 67 75 78
245934.69586182 3357650.85723877 14.38302422 74 85 91
245931.76977539 3357664.26525879 14.75575161 29 40 46
245933.01147461 3357660.06945801 14.32612801 46 50 51
245933.73223877 3357650.83648682 14.71276951 67 72 78
245933.10449219 3357658.45520020 14.31279659 69 70 72
245935.28729248 3357648.36431885 14.33915615 91 93 88
245934.06384277 3357647.36370850 14.41253185 64 72 74
245932.01678467 3357658.12225342 14.39804173 48 53 57
245932.01177979 3357658.02520752 14.36312389 47 52 55
245931.41522217 3357663.68908691 15.03516293 249 255 255
245932.20416260 3357664.57470703 14.44083500 33 44 46
245933.47973633 3357656.50463867 14.45046711 40 50 52
245933.03564453 3357654.67816162 14.47251987 66 74 77
245932.35375977 3357662.65600586 14.38901043 132 138 150
245934.71447754 3357647.91442871 14.45660400 25 42 50
245933.38641357 3357657.98150635 14.27741337 73 77 80
245933.40075684 3357649.43078613 14.35370445 50 60 62
245934.66424561 3357651.74713135 14.30639458 94 99 95
245931.41320801 3357664.91168213 14.88972092 169 176 182
245933.63256836 3357650.45306396 15.04654789 121 128 144
245933.84973145 3357656.61779785 14.25607204 152 154 141
245932.21020508 3357660.79718018 14.46718216 60 65 69
245933.27087402 3357658.59692383 14.27060604 72 76 75
245932.60852051 3357655.58367920 14.80528545 41 46 49
245932.97442627 3357659.56872559 14.51828003 62 66 69
245932.06823730 3357659.88507080 14.69451809 55 58 63
245934.24768066 3357647.42010498 14.45690727 62 74 74
245933.67468262 3357649.37579346 14.39801311 54 62 64
245933.14886475 3357650.56390381 14.68814278 96 106 108
245931.09082031 3357663.86163330 14.81800079 12 17 20
245933.31213379 3357658.76800537 14.27265358 84 83 79
245933.23541260 3357654.14276123 14.43332195 155 166 170
245931.62249756 3357663.99365234 14.80215549 28 32 43
245933.89489746 3357652.57269287 14.83434200 125 142 152
245933.11730957 3357651.85247803 14.30441570 40 48 51
245931.81750488 3357662.77307129 14.47869301 41 46 50
245933.39489746 3357654.37957764 14.48089123 139 149 158
245934.68395996 3357649.61022949 14.38900471 98 107 106
245934.96282959 3357647.28997803 14.40194798 60 69 74
245933.98022461 3357653.43444824 14.32813072 198 198 196
245932.82934570 3357658.26440430 14.71370220 126 152 165
245932.22882080 3357663.67846680 14.47185040 142 140 141
245933.72546387 3357652.91192627 14.51647282 59 62 69
245934.18890381 3357651.82818604 14.30563354 71 81 90
245933.30688477 3357659.30017090 14.24731636 183 185 164
245934.61407471 3357651.39422607 14.34054279 84 91 99
245933.51220703 3357649.78051758 14.52174568 48 58 59
245930.86444092 3357664.80529785 14.63852978 66 62 61
245932.90167236 3357658.12561035 14.58457851 43 44 49
245932.64678955 3357658.27282715 14.71225166 33 37 46
245933.01574707 3357657.18084717 14.64522266 18 23 26
245932.19836426 3357661.33367920 14.62285995 46 49 54
245932.86901855 3357659.90112305 14.62595367 13 14 16
245933.47674561 3357652.51708984 14.50980568 98 103 109
245933.96606445 3357650.66992188 14.74144936 56 64 67
245932.11456299 3357661.79577637 14.52133560 103 108 114
245933.87652588 3357648.85717773 14.77044106 27 34 40
245933.79785156 3357646.59283447 14.43396854 34 45 39
245934.16082764 3357649.77032471 14.57689381 71 76 80
245933.03997803 3357652.49963379 14.70646477 23 33 34
245933.41876221 3357651.20465088 14.67514801 49 56 62
245934.07891846 3357652.64288330 14.47279072 51 55 58
245932.89276123 3357658.79864502 14.61464119 90 97 103
245933.84155273 3357648.08917236 14.83194923 128 150 163
245932.41943359 3357656.07653809 14.61382008 41 46 49
245933.42285156 3357657.06115723 14.51775360 34 37 42
245932.94909668 3357655.70745850 14.63356113 88 95 101
245931.41296387 3357662.79357910 14.83631134 87 94 102
245934.37945557 3357651.35272217 14.40428734 65 75 84
245932.85839844 3357658.51068115 14.55190372 129 154 174
245933.47845459 3357651.76879883 14.34852028 40 47 53
245931.49090576 3357662.89068604 14.84711838 31 40 47
245934.76989746 3357651.83740234 14.29541016 180 179 158
245935.00262451 3357650.13720703 14.35594654 109 109 99
245933.68865967 3357656.09051514 14.29524231 71 81 83
245933.18395996 3357650.89904785 14.78664875 44 53 52
245933.43927002 3357651.56402588 14.42861938 41 48 54
245934.61065674 3357646.80651855 14.55517864 61 68 74
245933.89367676 3357648.48107910 14.88137341 48 56 59
245933.46008301 3357652.00201416 14.32931614 46 55 60
245932.15496826 3357657.93768311 14.42284012 48 54 54
245932.36737061 3357662.09582520 14.42188168 124 123 129
245934.61767578 3357650.59832764 14.48566532 74 85 91
245932.92132568 3357656.17993164 14.54140186 59 64 67
245934.60552979 3357650.10540771 14.76034069 79 88 87
245932.97015381 3357659.18096924 14.44328403 69 73 76
245933.33673096 3357657.20501709 14.46254063 27 32 36
245932.24353027 3357664.18145752 14.58388519 56 60 63
245933.28497314 3357652.83105469 14.41839504 102 107 111
245932.59948730 3357661.55474854 14.37085819 219 223 222
245934.61199951 3357652.59381104 14.28366089 142 152 162
245933.30523682 3357655.83361816 14.49691105 37 45 48
245932.81628418 3357658.63653564 14.76834202 27 34 40
245932.66876221 3357659.70587158 14.70140457 79 86 92
245933.57324219 3357647.71307373 14.60821438 15 25 24
245932.88525391 3357652.53778076 14.70681381 52 54 53
245931.25976563 3357662.75640869 14.69694519 38 45 51
245932.48474121 3357663.55151367 14.27035141 72 83 87
245931.76055908 3357661.56726074 14.53750896 88 93 97
245933.83270264 3357650.88415527 14.72487926 106 115 120
245934.44976807 3357653.63183594 14.27651119 186 189 182
245934.94689941 3357649.17102051 14.41764641 67 72 76
245932.41986084 3357655.41467285 14.75166512 45 56 60
245932.26251221 3357658.79449463 14.60916996 43 48 54
245932.23834229 3357657.29351807 14.52277279 26 29 34
245932.56213379 3357659.26116943 14.65771675 45 52 60
245931.99731445 3357657.58489990 14.32741737 52 57 60
245934.09991455 3357650.44635010 14.66761684 62 67 73
245932.25946045 3357656.00445557 14.43477345 49 54 58
245931.08020020 3357664.23181152 14.81805229 28 32 33
245934.42187500 3357649.35198975 14.40282345 46 46 48
245934.16882324 3357654.92993164 14.26269531 190 191 175
245931.81250000 3357664.01879883 14.65400982 58 67 76
245932.44665527 3357659.35961914 14.65630054 38 49 55
245932.02496338 3357664.78277588 14.51583290 43 54 58
245932.22985840 3357663.71240234 14.47858906 159 157 158
245935.44573975 3357647.40240479 14.33090115 88 94 92
245932.48419189 3357662.73608398 14.39266872 129 140 146
245934.06866455 3357651.32666016 14.47503281 50 59 66
245933.42059326 3357656.76013184 14.46615601 53 61 64
245932.01873779 3357659.78271484 14.77398777 57 62 66
245932.56475830 3357656.09326172 14.70915604 47 52 56
245932.32025146 3357660.54327393 14.32995605 122 127 123
245934.80944824 3357647.59552002 14.62707710 109 122 131
245930.88494873 3357664.95269775 14.68083000 11 11 11
245934.59216309 3357649.33544922 14.40499973 36 41 44
245932.72052002 3357659.88031006 14.68915939 6 10 13
245931.06811523 3357663.64697266 14.83655262 13 23 25
245931.68005371 3357661.77581787 14.62631989 102 110 112
245934.15325928 3357653.29675293 14.29768467 208 204 205
245929.81970215 3357665.08630371 14.33665848 105 114 121
245933.20611572 3357649.96630859 14.47220421 64 74 73
245932.17242432 3357659.11987305 14.66559696 53 58 61
245933.69586182 3357648.99768066 14.49754620 20 25 29
245934.41516113 3357653.39813232 14.27450085 190 191 186
245934.83801270 3357648.93981934 14.47479153 21 26 30
245933.58245850 3357647.71185303 14.52707386 24 32 34
245932.17376709 3357657.18920898 14.89124966 9 10 14
245933.80291748 3357648.45538330 15.04021835 18 31 39
245934.16351318 3357652.77368164 14.58147526 102 103 98
245931.70013428 3357664.02020264 14.75629997 29 36 42
245934.81225586 3357648.63031006 14.89238548 48 56 58
245934.74328613 3357648.63775635 14.49657631 24 32 34
245933.61437988 3357657.64923096 14.25060749 143 144 130
245932.84655762 3357656.55541992 14.69584656 63 67 68
245934.68176270 3357647.44873047 14.61319923 68 79 85
245934.67590332 3357648.68005371 14.99801350 84 93 98
245933.68762207 3357650.05035400 14.64012623 42 51 56
245932.16595459 3357662.39752197 14.33061695 123 130 138
245930.72467041 3357664.98895264 14.35063457 31 36 40
245932.50634766 3357655.95196533 14.80552578 26 30 31
245933.41784668 3357656.75622559 14.46831894 53 61 64
245933.25408936 3357652.80682373 14.41368866 112 117 121
245930.88818359 3357664.42260742 14.61567974 13 17 20
245933.30871582 3357654.18939209 14.44673920 151 164 172
245933.66821289 3357648.87066650 14.74934101 8 13 17
245934.08178711 3357649.13842773 14.43444157 36 41 45
245934.78295898 3357650.59350586 14.37732220 78 87 92
245934.52752686 3357650.30242920 14.64959049 36 48 48
245934.32293701 3357652.28015137 14.30607319 65 78 86
245933.71185303 3357646.72363281 14.49952888 34 47 40
245932.64361572 3357661.74609375 14.35624218 213 214 218
245933.39770508 3357648.93737793 14.51215744 22 34 34
245933.95336914 3357653.80767822 14.34751320 181 186 190
245931.08990479 3357663.35736084 14.63972855 52 60 62
245933.64245605 3357657.21038818 14.28776264 76 79 72
245933.02001953 3357654.11950684 14.37253475 132 142 151
245933.22558594 3357649.99053955 14.49198341 64 74 73
245934.25286865 3357650.41638184 14.66094589 57 66 73
245935.24127197 3357649.05731201 14.34394073 133 134 116
245933.32257080 3357651.02282715 14.62493420 31 41 43
245934.28143311 3357654.24548340 14.27046394 170 185 192
245933.97979736 3357651.49249268 14.38916969 58 67 74
245933.87896729 3357647.07897949 14.37375450 51 62 64
245932.55914307 3357661.53289795 14.45599842 188 188 190
245932.43615723 3357661.27319336 14.46925354 83 82 87
245931.13909912 3357664.62695313 14.89848423 25 25 25
245931.45098877 3357660.89630127 14.58654213 59 60 65
245933.25183105 3357658.73724365 14.28578758 77 79 78
245933.72558594 3357646.95690918 14.39702702 75 85 86
245930.98236084 3357663.95288086 14.58195591 26 34 36
245933.97003174 3357653.30371094 14.34448719 212 207 203
245933.36553955 3357657.16113281 14.57053280 35 40 44
245934.82733154 3357651.75317383 14.29131222 174 175 157
245934.21343994 3357647.94653320 14.67034435 90 125 163
245932.25213623 3357659.63714600 14.79119968 82 91 96
245934.84271240 3357650.44036865 14.37238312 82 87 91
245933.44104004 3357652.71105957 14.69018364 85 94 101
245932.00836182 3357657.98944092 14.35700512 42 50 52
245933.70947266 3357654.65759277 14.34817028 70 80 89
245933.34655762 3357649.12988281 14.35904884 48 58 57
245932.09808350 3357659.93572998 14.65288925 10 11 13
245933.30212402 3357656.30120850 14.45799065 53 58 64
245931.04003906 3357665.15728760 14.80287552 64 67 60
245932.95684814 3357653.96179199 14.38816166 116 126 135
245933.40686035 3357649.84729004 14.48027515 49 59 60
245931.50994873 3357663.79321289 14.84962463 93 110 126
245933.27062988 3357659.04479980 14.28340530 98 97 92
245932.99572754 3357652.60784912 14.54274273 21 22 24
245933.54632568 3357650.24450684 14.90074825 155 171 196
245931.15643311 3357665.00903320 14.96937943 144 149 153
245933.96337891 3357652.49487305 14.41062927 55 64 69
245934.51300049 3357647.75195313 14.86618137 53 70 86
245933.67572021 3357650.33203125 14.71401405 32 41 48
245934.34643555 3357648.44061279 14.49653816 31 38 44
245932.66912842 3357660.44012451 14.26535320 131 120 114
245931.56652832 3357662.85510254 14.87351131 53 62 71
245934.32043457 3357653.41223145 14.28086376 195 195 195
245932.03686523 3357658.14831543 14.43883228 54 59 62
245929.65032959 3357665.91296387 14.89226627 39 44 48
245931.25030518 3357665.85998535 14.42943764 83 83 75
245929.33062744 3357665.97155762 14.70426464 38 46 49
245931.20715332 3357665.83837891 14.46432495 81 78 71
245929.39434814 3357666.46557617 14.38171387 62 67 73
245931.33996582 3357665.88897705 14.37068272 115 111 102
245929.98693848 3357665.74639893 14.94443703 12 19 27
245930.54345703 3357665.97991943 14.59395027 105 126 83
245929.68170166 3357665.38940430 14.56244183 25 33 35
245929.51251221 3357666.10931396 14.58284283 52 56 59
245930.60705566 3357665.54327393 14.44041157 64 74 63
245930.48767090 3357665.91448975 14.65853214 170 199 141
245929.60864258 3357666.15350342 14.31106758 111 116 120
245931.15985107 3357665.84216309 14.49262142 76 76 68
245930.38104248 3357665.88427734 14.76239204 24 35 27
245931.03784180 3357665.34008789 14.54457569 47 54 47
245929.27081299 3357665.59204102 14.73976231 71 108 64
245928.80975342 3357666.33062744 14.61527348 37 44 52
245929.91394043 3357666.01519775 14.94115162 125 117 128
245930.49060059 3357665.36956787 14.31569386 48 57 62
245931.13977051 3357666.05413818 14.44999695 89 89 79
245929.62512207 3357666.07226563 14.45065880 56 61 64
245931.20001221 3357665.99029541 14.42439461 92 92 84
245929.77648926 3357665.60882568 14.75141907 24 33 32
245929.57110596 3357666.17364502 14.32659531 118 123 127
245931.31823730 3357665.80804443 14.40804291 117 114 105
245930.26959229 3357665.65966797 14.73536587 12 20 23
245930.76904297 3357666.04034424 14.57551956 61 71 46
245930.01824951 3357665.56048584 14.48610306 22 26 27
245929.43902588 3357666.18109131 14.54332542 57 61 64
245931.32000732 3357665.58734131 14.49921131 4 6 3
245929.75848389 3357665.99798584 14.44629669 55 56 60
245931.24816895 3357665.62243652 14.50377274 3 2 0
245930.22082520 3357665.99206543 14.55530071 49 53 52
245929.66296387 3357665.46441650 14.66760445 50 60 61
245930.69189453 3357665.91955566 14.57647133 172 192 143
245929.38537598 3357666.18017578 14.56338024 51 56 59
245929.68499756 3357666.04821777 14.76690674 35 22 29
245929.77209473 3357665.80535889 14.89290905 43 48 52
245930.74792480 3357665.66540527 14.55315399 127 144 90
245929.92901611 3357666.07208252 14.31917763 61 65 68
245930.78033447 3357665.67553711 14.57099342 119 140 73
245931.04919434 3357665.45959473 14.53670216 31 32 34
245930.03796387 3357665.73779297 14.93424511 13 18 24
245930.01715088 3357665.76904297 14.96891022 15 22 30
245929.87475586 3357665.36297607 14.38914204 40 43 50
245929.22863770 3357666.37396240 14.49147320 50 58 61
245930.36047363 3357665.96429443 14.63576794 94 107 89
245929.77282715 3357665.85192871 14.91916180 42 47 53
245929.42016602 3357665.83093262 14.61415386 24 29 35
245929.59637451 3357665.97912598 14.83437634 38 32 36
245930.05035400 3357665.65954590 14.74550247 12 20 22
245929.81396484 3357665.98596191 14.57764053 33 32 37
245930.36499023 3357665.59906006 14.53699398 48 58 57
245929.88085938 3357666.11541748 14.27784729 63 68 71
245928.71990967 3357666.09899902 14.70799351 25 34 39
245930.83734131 3357665.39318848 14.44515133 33 37 40
245931.47937012 3357665.90283203 14.33858871 151 143 132
245930.24145508 3357665.70581055 14.94287968 79 84 90
245931.38537598 3357665.90362549 14.35389233 133 126 116
245930.37609863 3357665.92187500 14.70512199 58 76 54
245929.47265625 3357665.94091797 14.71913624 32 35 42
245928.94439697 3357665.97625732 14.72675133 20 28 30
245929.25787354 3357666.12451172 14.64395809 41 50 55
245929.36639404 3357666.17517090 14.57430935 45 53 56
245929.24108887 3357666.43096924 14.47231197 51 59 62
245929.06707764 3357666.37249756 14.54010010 47 52 58
245929.23742676 3357666.07208252 14.68917751 30 37 43
245929.52630615 3357665.45190430 14.74157429 112 138 113
245929.11688232 3357665.75793457 14.72820282 24 33 30
245930.99884033 3357665.56158447 14.60631943 15 17 3
245930.36047363 3357665.56671143 14.46314335 47 57 58
245931.17431641 3357665.99603271 14.43954086 88 88 78
245930.34887695 3357665.96166992 14.65229225 121 136 117
245929.67437744 3357665.66174316 14.71406746 30 34 37
245930.12976074 3357665.49938965 14.36199760 33 38 44
245929.93560791 3357666.10552979 14.29128647 65 70 73
245929.36694336 3357665.83142090 14.62278080 21 26 30
245931.82293701 3357665.41448975 14.58371067 78 86 89
245929.28588867 3357665.77819824 14.65396786 24 33 30
245930.62475586 3357665.78100586 14.73379040 106 119 109
245930.69885254 3357665.51696777 14.44017792 62 69 61
245929.54833984 3357665.43841553 14.71846867 33 46 36
245930.38500977 3357665.44683838 14.33253956 50 61 65
245930.05621338 3357665.98608398 14.48824120 20 24 25
245930.84234619 3357665.54296875 14.51215267 24 29 7
245930.70550537 3357665.72631836 14.57458687 105 122 88
245930.50189209 3357665.55560303 14.45234776 63 74 68
245930.96826172 3357666.18499756 14.51472569 87 86 81
245928.84338379 3357666.12744141 14.68848133 27 35 38
245930.98699951 3357665.98077393 14.56119633 90 92 79
245931.07550049 3357665.73815918 14.59614849 26 29 22
245929.85198975 3357665.35412598 14.39084053 29 34 40
245930.51611328 3357666.21075439 14.44577503 70 71 75
245930.58093262 3357665.80389404 14.66479588 205 231 183
245930.57690430 3357665.78527832 14.72051334 115 128 111
245929.15313721 3357666.26007080 14.56070900 45 52 58
245929.98724365 3357665.94012451 14.65828323 28 32 44
245930.39416504 3357666.08728027 14.48428440 44 48 49
245930.75146484 3357665.76696777 14.66718864 101 122 89
245930.23284912 3357665.58221436 14.47066021 35 43 45
245929.75518799 3357665.66156006 14.78277016 30 41 43
245930.32232666 3357666.27191162 14.36240196 70 79 78
245931.15582275 3357665.68322754 14.54933071 104 105 100
245928.78289795 3357666.11395264 14.70649624 20 27 33
245929.10278320 3357666.17816162 14.63095284 36 43 49
245930.89648438 3357665.69183350 14.73767567 125 146 87
245929.30059814 3357666.24237061 14.53503036 47 55 58
245930.45880127 3357666.24890137 14.40820694 82 87 90
245930.11907959 3357666.21362305 14.32906532 70 75 79
245929.51324463 3357665.68664551 14.63184452 10 22 20
245930.01263428 3357666.40576172 14.28358364 76 81 84
245929.51251221 3357665.51043701 14.74899483 124 159 117
245930.61456299 3357665.77972412 14.76706314 111 129 113
245929.91436768 3357666.40472412 14.27796268 78 83 86
245930.46533203 3357665.82861328 14.76670933 107 121 104
245930.74279785 3357665.52142334 14.45306396 47 55 40
245929.77130127 3357666.01019287 14.91559505 117 100 108
245930.10614014 3357666.01092529 14.42248440 47 51 52
245929.13854980 3357665.73144531 14.72274590 37 46 45
245929.25018311 3357666.02636719 14.70248222 26 31 35
245929.63342285 3357665.46356201 14.68625736 26 36 35
245929.60565186 3357666.09344482 14.40681839 62 67 71
245929.96832275 3357665.50054932 14.44547272 22 30 32
245930.19555664 3357665.59484863 14.50834179 31 36 40
245930.98913574 3357665.76306152 14.71365261 49 61 41
245930.91937256 3357666.10650635 14.57898903 67 70 59
245931.45196533 3357665.62902832 14.44624615 37 36 32
245930.26293945 3357666.24578857 14.35438061 68 76 78
245929.76745605 3357666.43072510 14.26931763 72 77 83
245930.23901367 3357665.96466064 14.67049313 18 27 26
245930.46197510 3357665.89068604 14.68533707 112 140 91
245929.92767334 3357665.37957764 14.38140583 44 49 55
245930.90246582 3357665.80072021 14.69755268 144 161 127
245930.89093018 3357665.82080078 14.67922306 171 190 145
245930.12286377 3357665.68902588 14.85971737 19 24 28
245929.19293213 3357666.11846924 14.65387535 36 43 49
245930.75018311 3357666.04980469 14.57457066 51 58 40
245929.78442383 3357665.58959961 14.73003769 17 26 23
245930.32397461 3357666.01513672 14.53381538 36 42 38
245930.19238281 3357666.30639648 14.32513332 71 79 81
245929.30529785 3357666.29492188 14.48531342 60 65 69
245931.55688477 3357665.44421387 14.56527138 72 83 79
245930.92089844 3357665.51336670 14.54401398 22 26 12
245929.68463135 3357665.50714111 14.67271805 50 60 61
245929.67724609 3357666.09545898 14.30566788 72 77 80
245930.64385986 3357665.77893066 14.70031548 99 112 103
245929.60583496 3357665.84912109 14.77756596 32 40 43
245930.42395020 3357665.83056641 14.79972458 44 54 53
245930.96209717 3357665.76544189 14.75141621 98 110 90
245930.21197510 3357666.36981201 14.31600285 73 81 83
245930.15197754 3357665.67041016 14.77694225 9 14 18
245930.03735352 3357665.74548340 14.94918537 16 21 27
245929.26947021 3357666.25701904 14.53043747 48 56 59
