245873.94622803 3357415.99194336 17.21816254 78 28 40
245875.46704102 3357416.92968750 16.97446251 87 87 85
245874.42443848 3357413.36541748 17.32430458 34 37 42
245873.06134033 3357411.84869385 16.97005844 66 70 73
245875.46948242 3357415.93023682 17.36287308 84 85 87
245873.15460205 3357412.70611572 17.99243164 40 56 27
245875.03076172 3357413.86959839 17.23125648 75 76 78
245874.48052979 3357411.38287354 17.24419022 67 71 74
245874.88873291 3357418.92712402 16.85233307 90 91 93
245874.02850342 3357413.12799072 17.47224808 30 37 43
245874.31298828 3357415.10012817 16.88026619 87 91 90
245871.48791504 3357410.33767700 17.14903831 42 41 39
245869.37298584 3357410.11041260 17.29756927 30 31 35
245875.15106201 3357415.42858887 16.96724510 48 47 43
245868.30059814 3357409.87380981 17.35230637 10 16 16
245873.82250977 3357409.18841553 17.70809937 67 70 75
245875.05261230 3357418.21041870 17.01012611 35 37 36
245875.27276611 3357416.41146851 17.05390739 52 52 54
245874.45922852 3357418.77648926 16.91522789 66 70 71
245868.72601318 3357410.58044434 17.70936203 59 62 67
245874.07843018 3357409.75143433 17.48799133 50 53 60
245873.72900391 3357411.05349731 17.20264435 38 39 41
245873.92047119 3357413.09338379 17.58986092 118 122 123
245873.84210205 3357414.26187134 16.98834801 60 65 68
245875.07946777 3357410.01400757 16.94459152 87 91 92
245873.69873047 3357411.59945679 17.29853821 2 13 15
245874.96447754 3357409.37161255 16.95009804 104 106 105
245873.51690674 3357411.27172852 17.05483437 62 63 65
245875.50994873 3357418.76052856 16.84438133 96 98 97
245874.80200195 3357411.42803955 17.16645050 102 105 110
245873.38903809 3357413.48019409 17.47217751 54 59 53
245869.76873779 3357409.92437744 17.12646484 68 70 69
245873.87030029 3357415.44540405 16.92802620 82 86 87
245875.40887451 3357411.83755493 16.86668015 100 104 107
245875.56121826 3357414.09826660 16.88985634 103 107 106
245874.87451172 3357411.21777344 17.05356407 94 98 101
245873.68194580 3357413.08438110 17.40725327 58 59 61
245874.13049316 3357418.14474487 17.21918297 88 94 94
245874.23553467 3357416.02563477 17.37088776 86 57 61
245875.40374756 3357417.80236816 17.31633377 45 49 52
245873.07055664 3357410.96163940 16.98365784 70 74 77
245873.50158691 3357414.48669434 16.94721603 40 45 48
245875.20025635 3357417.04980469 17.03931427 60 59 57
245868.56250000 3357409.87469482 17.17101479 47 48 50
245875.40838623 3357416.60037231 16.96105194 84 86 85
245874.70141602 3357411.04678345 17.12331772 23 30 38
245873.37231445 3357410.88989258 17.04052925 66 67 71
245874.81665039 3357412.72653198 17.23431206 59 64 70
245873.95153809 3357410.86520386 17.64238167 28 32 35
245875.02001953 3357409.63442993 16.93873596 105 107 106
245873.34155273 3357414.02496338 16.93854904 49 55 55
245874.96478271 3357408.53683472 16.95435715 76 74 77
245874.66601563 3357410.34460449 17.20631599 73 77 80
245874.97198486 3357413.50054932 17.39392471 22 23 25
245874.77801514 3357410.76953125 17.12529373 82 85 90
245874.67108154 3357412.45687866 17.26549339 46 49 58
245875.12353516 3357409.79876709 16.92355347 92 96 97
245873.67425537 3357410.81872559 17.43401909 14 17 22
245873.67266846 3357414.40594482 16.93100739 54 60 58
245874.56671143 3357416.87112427 17.42081070 72 75 80
245873.26361084 3357413.04772949 17.52652931 49 56 40
245868.65850830 3357411.80865479 17.66198540 27 30 35
245875.51507568 3357418.87741089 16.82808113 103 103 103
245873.42950439 3357412.24096680 17.05802536 68 69 71
245875.38537598 3357415.43377686 17.12652588 46 48 47
245875.41607666 3357416.83914185 16.97531128 89 89 87
245874.81866455 3357413.53930664 17.31505966 27 31 34
245868.60064697 3357412.02178955 17.16258240 35 38 45
245875.17419434 3357418.12649536 17.09370995 90 93 98
245868.40447998 3357411.86578369 17.82101440 18 24 24
245873.44372559 3357410.18826294 17.19707489 42 46 49
245873.36291504 3357411.89797974 17.03017616 63 67 70
245874.29547119 3357410.47030640 17.34014320 75 80 84
245873.70129395 3357408.69155884 17.56000900 31 34 39
245875.26049805 3357416.99349976 17.01264000 57 53 52
245874.07019043 3357412.55017090 17.37456512 59 67 70
245875.10437012 3357410.08026123 16.93678284 96 100 101
245873.82806396 3357413.37475586 17.49130249 38 43 47
245873.62261963 3357413.20593262 17.38340187 35 40 44
245874.69830322 3357418.28546143 17.10873222 48 58 59
245873.66162109 3357410.27593994 17.27882576 40 44 47
245873.37792969 3357413.23666382 17.39871216 48 53 49
245874.46356201 3357416.99884033 17.40891838 120 121 125
245873.52929688 3357409.23812866 17.63678360 44 54 55
245874.57128906 3357414.82525635 16.94712257 91 93 92
245875.20788574 3357417.75903320 17.47916985 39 40 42
245874.75787354 3357409.20458984 17.10333443 89 95 95
245874.19262695 3357408.59927368 17.40327072 31 35 36
245874.56298828 3357418.29235840 17.22423363 99 110 112
245869.59576416 3357409.69540405 17.76275826 19 23 24
245874.91931152 3357418.81637573 16.88013268 80 82 81
245874.07287598 3357408.69641113 17.50060844 34 37 42
245874.17681885 3357410.60061646 17.46238327 71 74 79
245875.59429932 3357415.25018311 16.89888954 105 106 101
245874.65533447 3357418.85552979 16.87976265 82 83 85
245873.73492432 3357408.82690430 17.59392738 9 10 12
245873.59436035 3357408.99237061 17.67312241 37 43 43
245868.61560059 3357411.94946289 17.33678818 38 41 46
245868.85986328 3357411.12783813 17.25753212 44 51 59
245875.49304199 3357415.77182007 17.26015472 24 23 28
245874.31909180 3357408.37066650 17.04995537 45 47 46
245875.09161377 3357413.19219971 17.22035980 196 195 191
245875.31365967 3357417.52215576 16.94013405 83 85 84
245874.38848877 3357408.63287354 17.30903435 41 42 44
245874.76928711 3357408.60317993 17.12642097 38 42 45
245868.21081543 3357409.89422607 17.62413597 14 19 22
245873.72424316 3357412.02459717 17.40287590 62 66 67
245873.50592041 3357410.97268677 17.07041168 60 60 62
245873.59234619 3357412.72137451 17.38731194 60 66 66
245868.62835693 3357409.98300171 17.70353699 13 14 16
245873.89935303 3357410.42413330 17.47025871 92 95 100
245873.63507080 3357408.68029785 17.49949074 27 31 32
245868.89666748 3357410.92883301 17.36845016 44 52 63
245874.59613037 3357410.36166382 17.24283981 72 76 79
245875.33947754 3357416.78234863 16.99168396 91 90 88
245874.22644043 3357413.51986694 17.40028763 51 56 60
245874.14801025 3357409.62597656 17.43180275 62 63 68
245874.55236816 3357408.59173584 17.27811623 36 37 41
245868.66638184 3357411.53598022 17.75006485 56 61 67
245873.39373779 3357410.22961426 17.17813492 37 40 45
245874.45019531 3357414.90252686 16.90933609 91 95 96
245874.27050781 3357413.54147339 17.40695000 60 65 69
245874.84393311 3357413.24588013 17.45136261 101 102 106
245873.59228516 3357413.63500977 17.55004120 73 74 78
245873.78802490 3357416.75460815 17.11935806 77 77 79
245874.71417236 3357409.30053711 17.16617584 92 98 98
245873.31793213 3357413.52294922 17.60552406 64 68 54
245873.60357666 3357413.98178101 16.91104698 34 39 43
245874.77520752 3357413.01290894 17.36741829 54 61 67
245874.11486816 3357413.91854858 17.27675056 60 65 69
245868.73107910 3357411.18890381 17.44994164 26 33 39
245874.70983887 3357417.67001343 17.05056000 77 79 78
245868.88677979 3357410.96017456 17.35923004 44 52 63
245873.74200439 3357416.34402466 17.01700401 59 62 67
245874.37445068 3357416.50833130 17.55389595 163 159 156
245868.82104492 3357410.94546509 17.51051140 34 45 49
245873.26623535 3357413.04504395 17.60997200 51 58 40
245875.42816162 3357411.28707886 16.85292816 142 141 139
245875.33197021 3357417.73129272 17.27008438 43 51 53
245868.50183105 3357411.38006592 17.85098267 9 17 20
245873.23925781 3357413.12432861 17.97898865 42 56 33
245874.32647705 3357418.67419434 16.99671936 66 71 74
245873.65551758 3357414.72357178 17.00924110 126 125 130
245868.56451416 3357411.83215332 17.85072136 50 54 55
245875.56347656 3357413.06387329 16.91660690 104 108 109
245874.72406006 3357418.23910522 17.10716820 66 76 75
245874.56585693 3357417.70028687 17.09598351 77 79 78
245873.59313965 3357411.03720093 17.08383942 60 59 64
245868.88244629 3357411.36157227 17.13257980 52 59 67
245874.11657715 3357412.17651367 17.53570938 93 98 102
245875.27532959 3357415.44851685 17.31726837 26 27 31
245875.06256104 3357413.53012085 17.38523865 42 38 39
245874.34216309 3357409.03234863 17.43703651 76 80 83
245868.24328613 3357409.64331055 17.07238770 51 56 59
245875.31359863 3357412.37982178 16.87926674 91 95 98
245873.53698730 3357410.29687500 17.22216606 40 44 47
245873.86187744 3357415.89318848 17.13622093 38 36 37
245868.54370117 3357410.58087158 17.78540421 47 55 58
245874.37139893 3357411.96359253 17.42498970 86 91 94
245874.08929443 3357414.68447876 16.93621254 63 67 70
245874.94726563 3357409.62936401 16.96743202 100 104 103
245875.17810059 3357416.85577393 17.09765434 66 60 60
245868.33752441 3357409.81661987 17.16203690 21 27 27
245873.28137207 3357412.94613647 17.38016319 54 57 50
245873.92126465 3357408.58270264 17.60480690 21 21 29
245875.66107178 3357414.61651611 16.87085342 116 118 115
245873.40515137 3357410.15408325 17.19839668 37 40 45
245873.22845459 3357413.71447754 17.32984543 65 68 61
245868.86993408 3357409.81335449 17.33209038 45 46 50
245874.42694092 3357410.17227173 17.33650970 54 55 60
245868.67224121 3357411.66751099 17.08162308 37 44 52
245868.84893799 3357411.49801636 17.10018921 61 68 74
245873.58294678 3357415.49057007 17.01230812 82 86 87
245875.15063477 3357418.17971802 17.00912285 48 52 55
245875.22961426 3357413.63305664 17.12006569 82 82 82
245869.82354736 3357409.95736694 17.10287094 72 76 75
245873.14367676 3357411.66262817 16.99078941 71 74 79
245874.45819092 3357418.56375122 17.03706932 74 78 81
245868.63641357 3357411.62091064 17.21778297 36 41 45
245875.08795166 3357409.91360474 16.94124031 95 99 100
245868.25311279 3357410.31954956 17.77814865 21 22 26
245875.08673096 3357417.04663086 17.18022728 61 59 60
245868.88873291 3357410.69497681 17.46788025 38 45 53
245873.11553955 3357411.06631470 16.98667908 69 78 77
245873.81756592 3357414.32928467 16.93586349 62 67 70
245874.72692871 3357410.04598999 17.19884872 84 88 91
245874.01611328 3357408.80612183 17.55595398 62 65 70
245873.19378662 3357413.04290771 18.08420372 59 69 45
245869.69079590 3357410.00100708 17.11313057 29 33 34
245875.30590820 3357415.01074219 16.90954208 112 112 110
245874.54864502 3357413.65121460 17.26180077 54 59 65
245874.65612793 3357409.41088867 17.18848991 90 95 98
245874.10101318 3357408.39379883 17.36300087 105 105 107
245873.73419189 3357415.52511597 16.95237732 92 93 95
245875.62927246 3357415.05926514 16.93360710 110 109 107
245874.03656006 3357414.46020508 16.90585518 115 119 122
245874.74255371 3357417.04534912 17.31055641 67 67 67
245873.78210449 3357413.09133911 17.51132774 153 153 153
245868.53088379 3357410.16400146 17.78392982 14 18 21
245875.14312744 3357408.94259644 16.91755295 102 104 103
245874.22729492 3357409.53335571 17.38012695 68 71 76
245873.41693115 3357410.67596436 17.12675285 27 32 36
245875.11206055 3357413.54977417 17.37551880 69 60 61
245873.12310791 3357411.90759277 16.95389557 65 69 72
245874.79919434 3357414.79248047 16.98341370 100 102 101
245874.29144287 3357411.68762207 17.58191681 99 104 108
245873.72375488 3357413.24276733 17.47619438 31 36 40
245868.21990967 3357410.15567017 17.79151726 15 16 20
245874.57037354 3357412.74038696 17.37686348 59 64 67
245869.37054443 3357409.99029541 17.78288078 39 43 46
245874.19421387 3357417.94671631 17.19779968 71 75 74
245875.47760010 3357417.50018311 16.91163635 99 101 98
245873.97045898 3357413.70083618 17.66852951 76 80 83
245868.14605713 3357409.90112305 17.22286034 39 44 47
245873.77954102 3357411.07882690 17.23287392 49 50 52
245874.34094238 3357417.62893677 17.23465157 84 88 87
245875.35223389 3357410.78286743 16.85826492 107 107 107
245874.96740723 3357414.05752563 17.22169113 81 85 86
245874.34637451 3357410.24832153 17.35407257 68 69 74
245875.16711426 3357414.43450928 17.01520729 104 105 107
245875.18640137 3357417.40109253 16.98588943 80 82 81
245874.96417236 3357416.55786133 17.24580956 36 37 41
245873.94342041 3357408.67581177 17.59634399 31 34 41
245868.36798096 3357409.71640015 17.07425117 47 56 55
245874.38018799 3357409.82943726 17.40688515 72 76 79
245874.02160645 3357416.84661865 17.70740891 113 114 118
245873.96124268 3357412.25592041 17.55267334 86 89 96
245868.98419189 3357410.34652710 17.32909012 65 66 70
245873.31835938 3357412.21871948 16.96125984 71 75 78
245874.95513916 3357408.81268311 16.93476295 89 90 92
245873.98834229 3357411.46133423 17.56043243 139 148 157
245873.60736084 3357412.84570313 17.32313347 114 116 115
245874.07452393 3357412.54696655 17.37194633 59 67 70
245873.62060547 3357416.50595093 16.95041656 80 84 87
245875.22418213 3357417.66360474 17.04482651 105 106 108
245869.19702148 3357409.61825562 17.79317665 39 42 47
245875.38183594 3357417.70324707 16.93038940 77 81 80
245874.57543945 3357409.09881592 17.31651306 100 105 109
245873.48583984 3357412.80456543 17.30180740 52 58 58
245868.93542480 3357410.91876221 17.33011055 47 56 65
245874.39111328 3357408.37048340 17.00895119 40 42 41
245874.24835205 3357409.03210449 17.47739601 71 75 76
245873.96917725 3357412.87930298 17.59515190 182 184 181
245875.28851318 3357413.38198853 17.05198669 72 76 77
245873.80328369 3357411.08203125 17.26655006 38 39 41
245875.39123535 3357417.76052856 17.57266045 25 25 27
245874.66912842 3357408.74990845 17.21815109 58 59 61
245873.62982178 3357416.93392944 17.22171211 99 100 102
245874.44165039 3357415.93621826 17.40688133 44 28 31
245874.88653564 3357408.64471436 17.01406288 58 58 60
245871.75543213 3357410.34881592 17.11781502 39 41 36
245873.72662354 3357410.11972046 17.30434990 43 47 50
245868.74011230 3357411.13046265 17.57583618 31 39 42
245875.58093262 3357415.47091675 17.04254913 52 53 48
245875.16485596 3357418.21908569 16.97411346 46 47 49
245868.40606689 3357409.79940796 17.11655807 47 51 54
245873.74230957 3357411.48983765 17.26327515 20 29 28
245874.25335693 3357418.16036987 17.22520065 30 35 38
245869.56530762 3357409.84915161 17.73352623 66 70 71
245868.49322510 3357411.19781494 17.84366417 11 18 26
245873.05151367 3357410.80010986 16.99314499 72 76 79
245875.25903320 3357416.57516479 17.03482437 59 61 60
245875.04168701 3357416.10067749 17.35555458 45 47 46
245874.37481689 3357416.71240234 17.60083199 219 221 218
245873.87695313 3357413.92102051 17.23999023 55 58 65
245875.59954834 3357415.52035522 17.05246735 82 83 78
245873.75927734 3357414.27679443 16.96243477 53 62 61
245871.03930664 3357410.39959717 17.34197807 50 45 41
245873.87994385 3357409.75677490 17.46769714 48 49 53
245875.09741211 3357409.16094971 16.91653442 106 108 107
245875.69342041 3357417.99542236 16.80893898 98 100 99
245874.90814209 3357414.55438232 17.05795860 102 104 103
245874.35662842 3357409.85748291 17.42055511 108 109 113
245874.93914795 3357417.41305542 17.06450462 74 76 75
245875.03765869 3357415.43368530 16.97973633 18 18 20
245874.73681641 3357414.89318848 16.94926071 98 98 98
245874.20202637 3357414.91119385 16.94157219 82 88 88
245875.31506348 3357416.90725708 17.00161552 55 51 50
245875.23767090 3357416.73388672 17.02124023 42 38 37
245875.04284668 3357415.42526245 17.14382744 18 18 20
245868.78881836 3357410.88388062 17.66321373 52 61 66
245874.73901367 3357412.83288574 17.33731842 58 65 71
245874.42413330 3357413.07620239 17.38704109 106 113 119
245868.70178223 3357410.88391113 17.78969383 146 151 154
245869.10443115 3357409.97030640 17.68152618 0 1 0
245874.16107178 3357418.48010254 17.24804306 67 71 74
245873.81634521 3357416.77450562 17.19801903 73 73 75
245868.66589355 3357411.70907593 17.66406250 23 28 34
245873.37713623 3357411.50225830 17.07737923 63 62 67
245875.46331787 3357418.63653564 16.85942459 78 80 79
245873.42834473 3357409.74871826 17.38744164 58 61 66
245873.05194092 3357411.36676025 16.97048187 67 72 76
245868.64648438 3357411.60644531 17.20217323 42 47 51
245874.39379883 3357412.37249756 17.31599236 70 80 89
245875.71221924 3357415.69351196 16.88687897 77 76 72
245868.56213379 3357411.25131226 17.83504677 11 16 22
245874.85510254 3357415.49307251 17.29356956 31 32 34
245874.86499023 3357412.16500854 17.13180923 28 37 42
245874.80645752 3357410.77175903 17.09507942 82 85 90
245868.86889648 3357410.51623535 17.57717133 51 54 59
245874.58929443 3357412.04122925 17.37118530 47 56 63
245873.69989014 3357413.85827637 17.22605705 31 34 39
245874.36706543 3357415.51486206 17.05458260 23 25 24
245874.39733887 3357416.43911743 17.49863815 176 168 166
245875.33245850 3357417.15023804 16.99646759 76 78 75
245873.76385498 3357417.19625854 17.55206871 95 96 100
245875.10034180 3357412.15380859 16.94085312 77 82 86
245873.67510986 3357411.21261597 17.08441544 58 62 65
245873.66418457 3357413.43548584 17.51580238 40 44 47
245875.20391846 3357412.33502197 16.88506508 81 85 88
245873.80920410 3357409.61288452 17.68359756 105 103 104
245875.57073975 3357417.20059204 16.93342590 96 98 95
245874.97235107 3357417.65057373 16.95155525 63 67 66
245873.79803467 3357408.36175537 17.01497459 56 61 57
245873.65020752 3357412.02941895 17.31180000 57 58 63
245874.17559814 3357408.73626709 17.43258858 31 35 38
245868.46490479 3357409.67700195 17.05426407 62 66 69
245874.56341553 3357416.08657837 17.39813995 92 56 60
245873.26599121 3357412.68289185 17.28219414 50 46 45
245875.40820313 3357413.40216064 16.96136475 83 84 86
245874.27526855 3357412.20730591 17.43538857 95 102 108
245874.47485352 3357417.80889893 17.10365868 72 74 73
245868.21331787 3357409.91680908 17.31529236 9 13 14
245874.48852539 3357412.19705200 17.41677284 41 51 60
245873.56475830 3357413.06295776 17.31747055 42 46 47
245874.17108154 3357414.35290527 17.03322792 82 86 89
245873.24072266 3357413.68344116 17.25786400 64 66 61
245874.65380859 3357415.49157715 17.31170082 75 76 80
245874.21044922 3357408.38858032 17.12945938 70 76 76
245873.28314209 3357413.09704590 17.38109779 56 58 53
245874.65722656 3357413.62261963 17.21367455 52 56 59
245869.06646729 3357409.86129761 17.82723236 28 32 31
245874.62036133 3357413.85830688 17.16750717 58 63 66
245873.65679932 3357415.96298218 17.11185265 65 69 70
245873.90893555 3357408.37347412 17.15009117 31 32 34
245875.38397217 3357413.00241089 16.95723534 103 107 108
245874.46984863 3357412.39791870 17.29767609 49 56 64
245875.00292969 3357409.38757324 16.93615150 110 112 111
245875.32843018 3357409.45910645 16.89168930 113 115 114
245874.17675781 3357415.88623047 17.35334778 61 38 46
245873.22113037 3357411.50512695 17.01074791 69 70 74
245874.02740479 3357412.83068848 17.47986412 100 100 102
245874.62738037 3357413.00103760 17.40383339 81 88 94
245875.69909668 3357418.62170410 16.84172058 92 94 93
245874.55358887 3357418.55990601 16.99985504 49 50 54
245875.27703857 3357414.69323730 16.93859100 107 109 108
245873.51397705 3357409.77441406 17.41076279 105 106 111
245873.85833740 3357412.59503174 17.47346306 32 36 39
245868.24249268 3357410.12515259 17.80577087 12 13 17
245868.80407715 3357410.69110107 17.70262146 49 56 62
245868.89727783 3357410.55346680 17.50695610 51 52 57
245874.50122070 3357416.64370728 17.49433136 172 172 170
245874.59490967 3357415.45938110 17.20103836 45 46 50
245873.61175537 3357412.34097290 17.33133698 56 57 61
245874.24053955 3357417.06619263 17.54045105 136 142 142
245874.23150635 3357410.40496826 17.36642647 68 71 76
245874.79614258 3357417.63537598 16.98909378 72 74 73
245873.12792969 3357412.56701660 17.41972542 75 70 64
245871.27624512 3357410.40771484 17.14722061 27 32 26
245873.40777588 3357412.05969238 16.97056580 63 66 71
245873.86352539 3357415.77148438 17.08725739 72 76 77
245875.35937500 3357414.68063354 16.92983627 114 118 117
245873.61688232 3357413.81842041 17.19616699 28 31 36
245874.42590332 3357415.48553467 17.10124779 47 49 48
245873.66979980 3357415.09579468 17.04058456 66 70 73
245874.41729736 3357411.52865601 17.44063950 79 82 89
245873.77642822 3357415.04559326 17.03004265 91 95 96
245873.95886230 3357412.19024658 17.56431770 62 65 72
245868.55688477 3357410.85037231 17.78293228 172 177 180
245874.19219971 3357413.47216797 17.37610626 42 47 50
245868.95202637 3357410.39083862 17.38916016 57 58 62
245873.76287842 3357414.79138184 17.02377510 39 40 44
245874.40447998 3357415.24133301 16.86037445 98 100 97
245873.76855469 3357411.90426636 17.47275352 57 62 66
245873.27783203 3357412.26730347 17.04177284 69 70 72
245869.76275635 3357409.56375122 17.06361198 77 78 80
245874.86114502 3357410.19689941 17.11340332 82 88 88
245868.62286377 3357411.86459351 17.80434990 48 51 56
245874.92523193 3357415.87167358 17.41294670 45 45 47
245874.73706055 3357410.80224609 17.18602943 79 84 90
245873.62792969 3357412.48312378 17.40521431 59 62 67
245875.33911133 3357417.95022583 17.03811073 97 98 100
245875.27166748 3357408.91589355 16.90844917 109 111 110
245874.07269287 3357413.49865723 17.42821312 50 55 59
245874.39050293 3357412.54415894 17.36159325 50 53 62
245868.83422852 3357410.14834595 17.52759552 47 51 54
245869.29083252 3357410.03433228 17.53702927 20 24 25
245875.21807861 3357415.75677490 17.53389359 76 76 76
245875.15008545 3357408.12698364 16.87393570 126 128 115
245868.95666504 3357409.92239380 17.65958595 50 54 55
245869.71453857 3357409.45437622 17.05879021 73 77 80
245875.38751221 3357415.42077637 16.97924995 34 34 34
245874.92315674 3357412.91400146 17.22889900 113 114 116
245874.43560791 3357411.51422119 17.40834618 79 82 87
245874.08367920 3357409.23257446 17.56383705 37 42 45
245868.97882080 3357410.71377563 17.31935310 53 60 68
245873.42352295 3357410.58596802 17.16524506 42 47 51
245869.58612061 3357409.89532471 17.58595085 43 47 50
245873.76300049 3357417.04888916 17.53767204 97 98 100
245873.97930908 3357412.60348511 17.42858315 47 52 55
245874.25183105 3357418.40795898 17.40836525 67 72 75
245874.91076660 3357412.54675293 17.08055115 64 69 73
245874.77600098 3357412.50360107 17.20223999 46 54 57
245874.62011719 3357410.93624878 17.26326752 111 121 130
245874.82067871 3357408.30307007 16.91272354 86 88 83
245874.09088135 3357408.77447510 17.49759674 30 35 38
245874.52893066 3357415.91244507 17.39866638 52 33 37
245874.28991699 3357416.21441650 17.42883110 97 85 85
245875.17053223 3357416.53469849 17.09565353 52 52 52
245873.69610596 3357410.44424438 17.36755371 133 141 143
245873.60833740 3357409.78457642 17.46874237 92 91 97
245868.48577881 3357409.69085693 17.06274223 60 64 67
245874.80987549 3357416.05249023 17.37481117 69 70 74
245874.99487305 3357415.17251587 16.86378670 119 121 116
245875.02026367 3357415.00613403 16.90176773 109 109 107
245875.45831299 3357417.29202271 16.94718552 95 97 94
245873.57458496 3357413.92810059 16.93729782 40 45 49
245874.04437256 3357413.01290894 17.44289017 27 34 42
245873.73046875 3357411.20272827 17.09933662 44 49 53
245875.59515381 3357415.64947510 17.03391838 46 45 41
245874.99749756 3357409.88159180 16.96450424 90 96 96
245875.15643311 3357417.67459106 17.08860970 147 151 152
245870.25988770 3357410.40777588 17.01176262 77 81 84
245875.03302002 3357417.77255249 17.34532738 12 14 13
245873.88830566 3357410.63851929 17.72738647 87 88 92
245870.81274414 3357410.38021851 17.24990845 46 47 49
245868.83160400 3357409.91854858 17.59990692 65 67 66
245874.76818848 3357412.28442383 17.19676018 47 52 58
245874.80780029 3357412.40246582 17.14276886 51 56 62
245874.76934814 3357408.27230835 16.91448402 88 91 84
245875.55255127 3357412.95495605 16.92732430 105 109 110
245874.13769531 3357408.58288574 17.44063568 39 43 46
245874.20385742 3357413.35742188 17.32600403 30 35 41
245874.36242676 3357410.97961426 17.40490723 83 88 94
245874.10876465 3357410.90802002 17.55997849 61 65 68
245873.75805664 3357415.53259277 16.95086861 91 93 92
245873.57006836 3357415.86199951 17.07551575 82 86 85
245869.55395508 3357409.85531616 17.75341034 71 75 76
245874.51861572 3357418.61083984 16.97708893 53 54 58
245874.18066406 3357412.27508545 17.43678474 101 108 114
245868.35247803 3357410.35681152 17.79969215 27 33 33
245873.29425049 3357412.33071899 17.15647888 45 45 47
245873.05029297 3357410.88012695 16.99136543 71 75 78
245875.39166260 3357412.86773682 16.93670464 107 108 110
245875.25415039 3357415.09127808 16.88466644 114 114 112
245871.01635742 3357410.40817261 17.30263710 44 43 39
245874.99200439 3357412.74478149 17.07670975 71 72 74
245869.62353516 3357409.82855225 17.42246819 36 37 39
245868.92163086 3357409.82827759 17.52494240 19 23 24
245874.76983643 3357418.17764282 17.09405899 74 83 82
245874.73565674 3357412.27050781 17.21004486 47 52 58
245875.65753174 3357417.62579346 16.85393715 111 113 110
245875.23107910 3357414.36224365 16.99469948 101 105 104
245874.56915283 3357408.87786865 17.29802704 86 90 91
245873.70977783 3357415.07208252 17.03734779 73 77 78
245874.24487305 3357412.06384277 17.50808525 92 100 102
245874.93292236 3357411.37924194 17.04239082 102 106 109
245873.96801758 3357414.98715210 16.98627090 55 59 62
245873.34228516 3357413.56655884 17.18263817 54 58 57
245874.69622803 3357413.71340942 17.17047882 38 42 45
245874.05493164 3357409.04190063 17.58145905 32 32 34
245873.53894043 3357409.86013794 17.35090256 96 95 100
245873.95672607 3357416.34210205 17.21870232 65 63 66
245874.77899170 3357411.86306763 17.29227638 64 71 77
245874.24249268 3357416.76519775 17.70931435 121 123 122
245873.99151611 3357408.99420166 17.63274002 52 53 57
245874.81988525 3357414.64254761 17.03602409 104 106 105
245874.05621338 3357411.59140015 17.65025902 102 111 116
245874.27990723 3357416.43603516 17.56976509 133 135 134
245875.31805420 3357414.10470581 17.01204109 95 99 98
245874.90325928 3357414.48541260 17.07934380 102 104 103
245869.07189941 3357410.13369751 17.28938484 59 60 64
245874.10369873 3357409.32766724 17.52518082 33 38 41
245875.30871582 3357414.47232056 16.93525314 105 109 108
245875.01116943 3357412.60717773 17.00855446 74 79 82
245874.76995850 3357410.80865479 17.15293503 87 92 96
245874.82104492 3357408.17535400 16.89376068 96 103 85
245874.42834473 3357416.51556396 17.51607704 143 140 135
245873.76861572 3357410.58761597 17.56332779 46 47 51
245873.88177490 3357409.39239502 17.68651199 56 60 63
245868.64233398 3357411.89492798 17.48072243 40 43 48
245874.30712891 3357413.58499146 17.41084099 67 72 76
245874.04223633 3357412.01953125 17.63395500 89 94 97
245873.58459473 3357412.95190430 17.31734848 81 83 82
245874.77453613 3357418.52532959 16.97748566 48 49 51
245874.19342041 3357411.38922119 17.58858681 61 66 70
245868.63220215 3357410.80419922 17.79882431 172 176 177
245873.56079102 3357410.72595215 17.31583595 27 27 35
245874.92340088 3357410.07107544 17.05474854 85 89 92
245868.68798828 3357409.47607422 17.06405449 76 77 79
245875.26770020 3357409.99124146 16.89773369 108 110 109
245873.50250244 3357411.98846436 17.09399033 58 62 65
245873.34545898 3357411.17358398 17.01678848 68 72 73
245874.58483887 3357410.78814697 17.31835365 75 80 86
245873.39495850 3357412.65036011 17.28043175 62 63 65
245868.66815186 3357411.45254517 17.75579453 49 57 60
245874.62414551 3357409.03121948 17.30033112 94 99 102
245875.59991455 3357416.09939575 16.88673401 74 74 74
245874.30426025 3357416.24087524 17.44114685 97 85 85
245873.75445557 3357413.79183960 17.50688744 45 48 53
245869.19006348 3357410.00729370 17.69278526 8 12 13
245875.30639648 3357416.07299805 17.26901245 37 39 38
245875.64611816 3357415.64181519 16.96457100 88 87 85
245869.01379395 3357410.07055664 17.41895866 58 64 64
245875.09539795 3357417.83792114 17.51302338 56 61 65
245874.33837891 3357411.81204224 17.51711464 103 107 110
245874.43981934 3357418.94125366 16.88379860 83 87 90
245870.12683105 3357410.22106934 17.03879547 80 84 87
245874.43090820 3357411.29806519 17.20594597 55 59 62
245873.60833740 3357416.92037964 17.19260788 94 94 96
245875.32269287 3357417.74481201 17.33282280 39 47 49
245874.57391357 3357412.14849854 17.39279556 38 45 55
245868.58551025 3357411.54962158 17.85081863 23 24 28
245873.27386475 3357413.39776611 17.87882996 63 77 51
245868.57470703 3357412.10827637 17.19890785 49 54 58
245874.72186279 3357412.70193481 17.31200409 52 59 67
245874.66809082 3357409.03436279 17.23330688 121 126 129
245873.19909668 3357412.32293701 17.20993614 55 51 52
245868.61572266 3357411.74411011 17.25969124 33 39 39
245868.20947266 3357410.22476196 17.77663040 21 22 26
245873.64044189 3357415.16995239 17.03437805 60 64 67
245868.58367920 3357411.35668945 17.82906342 7 12 16
245874.70922852 3357415.40682983 16.94346046 37 38 42
245869.59912109 3357409.86984253 17.53718567 32 36 37
245875.48266602 3357412.14956665 16.89605522 98 102 103
245868.76373291 3357411.02886963 17.72385979 15 26 32
245874.95379639 3357410.46102905 17.00786591 96 100 101
245874.06005859 3357417.04113770 17.68511200 226 230 233
245874.01940918 3357416.04711914 17.27704620 136 68 83
245875.28918457 3357413.73739624 17.18489075 92 92 92
245874.98931885 3357415.13137817 16.87325287 117 119 114
245868.96478271 3357409.69528198 17.30124855 45 48 53
245874.10278320 3357418.28601074 17.42613029 80 87 93
245873.19952393 3357412.31451416 17.15419579 55 53 54
245875.27972412 3357410.75875854 16.86494064 108 110 109
245874.07781982 3357415.92697144 17.26739883 63 21 33
245875.03863525 3357415.42810059 17.09028053 26 26 28
245874.98303223 3357417.45535278 17.02058220 74 76 73
245874.46838379 3357413.70074463 17.28701591 50 57 63
245875.38269043 3357416.22509766 17.00920486 47 48 50
245874.87744141 3357415.45056152 17.24410629 23 24 26
245874.75744629 3357416.84915161 17.35884285 19 18 23
245873.16253662 3357412.77960205 18.01392365 71 84 58
245874.07666016 3357416.99417114 17.70662498 203 207 210
245874.17938232 3357415.32247925 16.85240555 91 97 95
245874.00177002 3357417.52316284 17.45655251 100 102 101
245873.68829346 3357413.49465942 17.57270622 44 47 52
245874.16851807 3357415.22857666 16.88646889 84 88 89
245874.65197754 3357410.73422241 17.22862244 77 80 89
245874.41864014 3357418.35531616 17.39958954 30 35 38
245873.69433594 3357413.88302612 17.16968346 32 33 38
245874.06060791 3357411.13000488 17.46045876 64 67 74
245874.85046387 3357410.40515137 17.08955193 84 88 89
245874.33258057 3357415.66278076 17.40272903 122 119 128
245874.07507324 3357418.23318481 17.37233734 83 88 92
245869.53973389 3357409.97097778 17.60645103 37 41 44
245873.80035400 3357413.70205688 17.70390511 48 53 56
245873.68591309 3357408.42739868 17.48350143 28 37 34
245874.25604248 3357409.93518066 17.43952942 102 103 108
245875.24835205 3357414.10736084 17.06258965 91 95 96
245874.99945068 3357411.82125854 17.11894798 85 90 94
245873.85052490 3357412.40191650 17.47695732 60 69 76
245875.44464111 3357415.94024658 17.07364273 26 27 29
245873.86138916 3357416.24273682 17.20369530 63 57 61
245874.68615723 3357414.94509888 16.92672729 101 103 102
245873.40338135 3357411.19757080 17.02328110 68 72 75
245874.02270508 3357414.41503906 16.92526054 71 75 78
245874.11090088 3357414.28103638 17.07428932 74 78 81
245873.17114258 3357412.63626099 17.35371590 100 96 93
245873.39398193 3357410.44180298 17.17485428 45 50 53
245875.60736084 3357414.99789429 16.93662643 116 116 114
245874.37084961 3357409.04537964 17.42554855 66 70 71
245875.08776855 3357408.30645752 16.88657761 107 112 106
245874.43457031 3357409.99572754 17.35797310 57 58 63
245874.29742432 3357411.99926758 17.47819328 97 102 105
245874.18316650 3357416.28280640 17.42537308 62 51 55
245874.12011719 3357411.11651611 17.48620033 82 82 90
245874.34020996 3357411.36743164 17.37777138 64 67 72
245874.31915283 3357411.47412109 17.51216316 76 79 86
245874.36224365 3357409.22067261 17.41391373 54 59 63
245868.61151123 3357411.80862427 17.25492859 32 38 38
245868.72137451 3357410.55752563 17.70075989 56 59 64
245874.31060791 3357409.22326660 17.44037819 54 58 61
245868.73248291 3357410.48614502 17.63056374 50 51 56
245875.22082520 3357414.68954468 16.95016098 101 105 104
245875.15039063 3357415.58599854 17.47434235 71 75 78
245873.72467041 3357409.76489258 17.65986633 40 41 45
245874.26196289 3357410.58428955 17.36430168 71 74 79
245874.37646484 3357408.30004883 16.91324806 75 78 71
245873.77362061 3357415.94183350 17.13342667 59 61 60
245874.66687012 3357418.44351196 17.05414200 25 30 34
245868.22290039 3357409.91204834 17.55390549 14 19 22
245873.83825684 3357411.41812134 17.33350182 26 36 37
245873.92382813 3357415.42654419 16.90610123 81 85 86
245869.32867432 3357409.47488403 17.05076218 30 35 39
245873.38616943 3357411.28295898 17.02138710 64 68 71
245868.56567383 3357411.62237549 17.87887001 82 83 87
245868.42254639 3357412.16802979 17.45504761 81 96 77
245874.92871094 3357418.40756226 16.94528770 49 50 52
245875.50189209 3357417.99526978 16.85628319 76 78 77
245873.68475342 3357413.89859009 17.13204384 37 38 43
245874.72985840 3357412.38485718 17.20889091 47 52 58
245874.60968018 3357408.41442871 17.10492325 16 17 21
245874.09881592 3357409.81723022 17.49125862 59 66 74
245874.94018555 3357415.02078247 16.89891052 106 108 107
245875.03784180 3357413.45632935 17.42597389 37 35 36
245874.13220215 3357414.22360229 17.12974930 67 71 74
245875.07336426 3357412.87734985 17.05276871 129 131 130
245875.42517090 3357410.96307373 16.85072899 203 202 197
245874.90106201 3357414.49423218 17.07727242 102 104 103
245874.34326172 3357418.07736206 17.17761040 55 59 60
245874.21240234 3357408.47308350 17.34766388 49 50 52
245875.30285645 3357411.18844604 16.86246490 214 215 207
245875.00927734 3357410.52413940 16.97555542 98 102 103
245875.17199707 3357413.58557129 17.15091324 72 72 72
245874.99224854 3357415.32308960 16.86444283 95 94 92
245875.69396973 3357417.34735107 16.88462067 111 113 110
245873.76953125 3357414.24926758 16.98390770 55 61 61
245873.79040527 3357409.66073608 17.72302818 126 124 127
245874.15600586 3357416.24819946 17.38999748 38 26 28
245875.16412354 3357411.63085938 16.93296623 100 105 108
245874.06109619 3357417.73025513 17.34470940 90 94 95
245873.84002686 3357411.74291992 17.51780701 116 129 137
245875.38116455 3357411.18029785 16.85547066 201 201 193
245875.10357666 3357413.57031250 17.36318588 69 60 61
245874.79589844 3357409.18191528 17.04520607 86 92 92
245868.96777344 3357410.45895386 17.35395050 58 62 65
245868.66552734 3357411.77221680 17.63512802 28 33 39
245874.50628662 3357409.26553345 17.33011436 64 68 71
245871.08404541 3357410.38885498 17.42083359 70 57 49
245874.94207764 3357410.58514404 16.99548340 93 97 100
245874.09338379 3357411.58325195 17.66407204 100 108 111
245869.00189209 3357409.51803589 17.11059380 63 64 68
245874.21765137 3357417.32061768 17.40304375 98 102 103
245874.04260254 3357409.10046387 17.59093475 31 32 36
245868.77691650 3357410.65744019 17.71660995 52 57 61
245873.65826416 3357414.22848511 16.93128967 49 54 58
245868.74060059 3357411.13146973 17.68697357 22 29 35
245868.80657959 3357410.17572021 17.53660965 42 46 49
245873.43194580 3357410.60803223 17.16883850 30 35 39
245873.26495361 3357411.27719116 17.00335693 68 72 75
245874.87420654 3357413.22903442 17.45465469 203 203 203
245874.37414551 3357413.10910034 17.36626625 19 26 34
245873.11218262 3357412.37265015 17.34810448 139 128 132
245868.63922119 3357409.81817627 17.13630867 64 65 67
245874.01586914 3357413.04684448 17.50045013 38 45 51
245874.23590088 3357417.30426025 17.39931870 104 108 109
245874.41424561 3357410.66351318 17.30841255 70 71 76
245875.25726318 3357417.87860107 17.59897423 81 84 89
245875.01599121 3357411.67510986 17.08012772 101 107 107
245869.02825928 3357409.98977661 17.57105827 64 68 69
245874.52490234 3357417.04776001 17.36293983 78 79 81
245873.13000488 3357412.41848755 17.34729767 134 123 127
245868.57849121 3357411.50030518 17.84131622 2 7 10
245875.10760498 3357413.61407471 17.29023170 80 70 69
245875.63061523 3357416.76318359 16.93034554 105 105 105
245873.72326660 3357414.08706665 17.01516151 40 43 48
245874.39379883 3357415.16818237 16.87255096 99 103 102
245874.47583008 3357409.25857544 17.35366249 60 65 69
245873.94342041 3357409.85171509 17.45318222 65 67 79
245873.97509766 3357414.88858032 16.98207664 62 66 69
245873.91186523 3357412.86181641 17.58756638 237 236 231
245868.75219727 3357411.69937134 17.06410408 49 56 64
245875.53820801 3357418.45059204 16.85437775 74 74 74
245874.00421143 3357416.17608643 17.30770302 102 56 67
245875.24316406 3357411.45547485 16.89284325 82 85 90
245875.16943359 3357415.41848755 17.10088921 43 43 43
245874.48913574 3357417.96972656 17.08820534 50 54 53
245869.39111328 3357409.71194458 17.92400551 10 14 17
245875.69866943 3357416.05093384 16.86475182 87 87 85
245873.59680176 3357409.92160034 17.32548523 21 22 27
245873.78973389 3357408.36718750 17.47626495 103 109 107
245875.18829346 3357410.92007446 16.89304924 103 103 103
245874.71392822 3357418.13461304 17.11039734 95 106 102
245875.06402588 3357413.44821167 17.30689430 66 66 64
245868.88970947 3357410.80249023 17.41295242 50 59 68
245874.17706299 3357417.33251953 17.41971016 102 106 109
245874.78692627 3357414.06600952 17.22387505 83 87 88
245875.35693359 3357413.91790771 17.06923103 90 94 95
245873.27563477 3357413.58795166 17.57710648 49 52 43
245873.76904297 3357408.72311401 17.60162926 33 34 38
245868.64331055 3357411.35098267 17.78170776 38 43 47
245874.43554688 3357410.83862305 17.40249634 45 50 54
245874.94488525 3357415.43170166 17.08070946 24 25 29
245873.70428467 3357413.84637451 17.25818825 29 32 37
245874.74755859 3357418.64013672 16.93987846 63 64 66
245873.62817383 3357410.91967773 17.20210648 1 14 20
245874.15917969 3357409.92581177 17.46409607 77 81 92
245874.48181152 3357413.17953491 17.38772011 54 62 65
245874.02221680 3357416.49276733 17.38509941 51 55 56
245874.94372559 3357409.92175293 17.00647163 86 92 92
245874.29748535 3357415.00512695 16.90291023 82 86 87
245874.64556885 3357410.14721680 17.24059677 46 50 53
245873.27734375 3357412.45361328 17.24802780 49 43 43
245873.77606201 3357415.36706543 16.94590950 76 77 79
245873.24993896 3357413.28973389 17.96653557 61 74 46
245873.37866211 3357411.13540649 17.02217484 70 74 77
245873.88043213 3357415.97357178 17.17962265 45 18 25
245868.44946289 3357411.47671509 17.86997795 6 14 17
245873.68176270 3357411.20648193 17.08462524 47 52 55
245874.29504395 3357411.33551025 17.40544701 59 62 67
245873.49066162 3357414.09124756 16.86950684 34 39 42
245875.04022217 3357410.64273071 16.95712471 97 98 100
245868.63604736 3357411.16497803 17.81407166 60 67 73
245874.04895020 3357413.40411377 17.40280914 40 43 48
245875.19964600 3357408.27777100 16.88162041 115 117 114
245873.88684082 3357416.69812012 17.18271637 68 68 70
245874.89141846 3357411.69323730 17.24317360 104 108 109
245874.66143799 3357417.98373413 17.09217072 36 40 39
245873.51275635 3357414.56912231 16.96225929 35 40 43
245875.13677979 3357416.94897461 17.16035652 81 77 76
245868.44860840 3357411.41970825 17.86480331 6 14 17
245874.11291504 3357410.25149536 17.40949821 57 60 67
245869.23919678 3357409.60577393 17.26375008 20 28 30
245873.71887207 3357409.91351318 17.35200691 86 85 90
245873.94641113 3357409.15145874 17.66541290 79 84 87
245874.39929199 3357416.19110107 17.41094780 118 89 93
245873.73614502 3357413.05218506 17.46308708 143 141 142
245874.80352783 3357409.34393311 17.05758476 93 99 97
245873.98937988 3357410.00677490 17.44039917 73 76 85
245875.11132813 3357414.91366577 16.92239761 108 108 106
245868.47094727 3357409.72103882 17.07515335 60 64 67
245874.50146484 3357414.30886841 17.11737633 82 86 87
245874.71429443 3357409.18579102 17.16839218 91 97 97
245868.67584229 3357411.24417114 17.76822662 46 55 60
245874.78088379 3357409.71572876 17.08668137 90 94 95
245874.25854492 3357415.34802246 16.85251999 100 102 101
245874.98864746 3357411.76379395 17.11670876 93 97 100
245874.06896973 3357417.27423096 17.54145050 109 110 114
245868.43249512 3357410.12869263 17.82363319 12 13 17
245875.14996338 3357410.74099731 16.91235924 103 105 104
245873.96588135 3357408.23153687 16.93647957 97 101 86
245873.47912598 3357411.91723633 17.10778046 55 59 62
245873.24188232 3357411.25222778 17.00126839 71 76 79
245875.27825928 3357413.16604614 17.04444504 96 98 97
245874.94982910 3357416.70129395 17.25895691 17 18 20
245874.48889160 3357414.89443970 16.91505814 96 98 97
245868.92126465 3357410.31747437 17.45206833 60 61 63
245874.31243896 3357410.00436401 17.40600204 105 104 112
245875.10974121 3357416.18066406 17.28289223 30 32 31
245873.59075928 3357416.65679932 17.00272369 83 87 88
245875.48962402 3357412.11514282 16.89850807 99 103 104
245874.80737305 3357416.38061523 17.29891777 55 60 63
245874.42651367 3357413.59805298 17.35448265 59 64 70
245874.09863281 3357408.83761597 17.50173378 27 31 34
245874.56823730 3357411.92144775 17.33890152 74 82 85
245873.29156494 3357410.68887329 17.06263733 66 71 74
245874.47326660 3357417.02224731 17.39526367 112 113 117
245875.48193359 3357415.84674072 17.30896950 17 16 21
245874.51458740 3357418.85427856 16.88967133 72 76 79
245869.53521729 3357409.63735962 17.31904984 27 26 31
245874.62786865 3357418.64761353 16.94651031 56 57 59
245869.30322266 3357409.61401367 17.40019798 14 17 22
245868.43524170 3357412.10437012 17.49802208 68 81 51
245868.62750244 3357411.68435669 17.21216011 32 37 40
245874.10906982 3357415.60449219 17.05111885 33 34 36
245869.01800537 3357410.56741333 17.29087830 69 70 75
245875.33740234 3357410.55957031 16.87133789 107 107 107
245874.19567871 3357410.28723145 17.38972664 61 66 70
245874.08947754 3357411.43957520 17.59780502 76 83 89
245875.31042480 3357411.28228760 16.86266327 204 205 199
245873.77758789 3357415.70285034 17.04251289 95 99 98
245868.93463135 3357410.04849243 17.50477791 59 63 66
245874.70794678 3357409.77804565 17.15777016 97 98 100
245873.46533203 3357414.46331787 16.95040894 34 39 42
245873.99615479 3357413.12405396 17.51452065 33 38 41
245874.68566895 3357417.50640869 17.11620140 85 87 86
245874.52288818 3357408.80426025 17.30331421 32 36 35
245875.13171387 3357411.52053833 16.95522881 101 107 107
245873.71795654 3357410.66659546 17.57465744 40 45 51
245874.99963379 3357411.16262817 16.97221375 98 102 103
245875.16839600 3357417.05303955 17.08138466 56 55 53
245875.55200195 3357415.66812134 17.08930206 35 35 33
245874.77880859 3357409.20761108 17.07190704 89 95 95
245874.41033936 3357416.41500854 17.48913956 173 161 161
245868.64685059 3357411.68408203 17.14391136 39 44 48
245874.40606689 3357418.75653076 16.92591476 69 73 76
245873.82446289 3357414.93548584 17.02615547 91 92 96
245869.60449219 3357409.75595093 17.39204025 36 38 37
245875.30841064 3357410.70230103 16.86532974 106 107 109
245874.73565674 3357410.27508545 17.18876648 74 78 81
245874.42254639 3357415.48297119 17.12252045 38 40 39
245868.78479004 3357410.87423706 17.69232750 57 68 72
245873.74151611 3357415.71292114 17.03589058 89 93 92
245873.97924805 3357415.58660889 16.95562363 73 75 74
245875.33734131 3357408.92291260 16.90466309 117 119 118
245873.31658936 3357411.98593140 16.95734215 64 68 71
245874.94604492 3357411.42340088 17.05789566 105 109 112
245874.42034912 3357409.23687744 17.38095093 55 60 64
245869.58074951 3357409.67987061 17.31819153 26 27 29
245874.21215820 3357411.03118896 17.44744301 48 51 60
245874.32849121 3357411.00018311 17.41600800 44 48 57
245874.04327393 3357411.75109863 17.67594147 99 107 110
245869.29449463 3357410.04531860 17.65343857 13 15 14
245874.97784424 3357416.48379517 17.23509216 51 50 55
245873.91412354 3357411.68991089 17.56283188 114 127 135
245875.42492676 3357412.38613892 16.87745667 100 104 105
245874.64398193 3357412.75808716 17.36025047 60 65 69
245874.41186523 3357411.16958618 17.21342278 53 58 64
245874.44549561 3357412.37145996 17.29257584 60 69 78
245874.88854980 3357415.39501953 16.91685677 45 46 48
245874.35839844 3357414.47030640 16.98471642 84 88 89
245875.15093994 3357417.64825439 17.05234909 90 94 95
245868.48968506 3357410.65692139 17.80069160 91 96 102
245873.71258545 3357413.46231079 17.56097031 41 45 48
245874.76483154 3357409.08386230 17.08846664 77 83 83
245873.69116211 3357409.79125977 17.51314735 77 76 81
245873.86151123 3357413.13595581 17.54743576 145 149 148
245875.08428955 3357411.85983276 16.99294090 93 98 102
245874.28222656 3357414.22869873 17.15812302 77 81 84
245874.89550781 3357408.37814331 16.91462708 84 84 84
245873.31085205 3357413.37765503 17.66608620 50 57 39
245873.63366699 3357412.02258301 17.29210091 56 57 61
245875.07122803 3357417.43585205 17.00186157 76 78 75
245868.46508789 3357409.80938721 17.12854195 41 42 46
245875.20605469 3357411.95971680 16.90545464 100 104 107
245874.01898193 3357413.03555298 17.49435234 38 45 51
245874.18829346 3357410.86117554 17.53362274 36 44 47
245874.50689697 3357412.39678955 17.28959274 45 52 58
245875.28082275 3357414.43151855 16.94882393 103 107 108
245874.18133545 3357412.49566650 17.35334969 69 77 80
245873.78332520 3357408.79821777 17.62876892 23 24 28
245875.01141357 3357418.21981812 17.00511551 31 32 34
245874.56512451 3357410.79397583 17.33302879 70 77 85
245873.22576904 3357412.59191895 17.29947662 76 70 72
245872.81988525 3357410.53851318 16.95622063 46 47 51
245873.07299805 3357410.49630737 17.01624489 54 55 59
245873.88653564 3357416.77133179 17.44317055 69 73 76
245868.88562012 3357410.41851807 17.53100967 51 55 58
245873.76385498 3357408.88827515 17.68647385 68 69 71
245868.63800049 3357411.51101685 17.36545753 45 52 58
245873.47253418 3357410.44705200 17.22236633 36 41 44
245875.00677490 3357411.06582642 16.96633339 92 96 99
245873.71453857 3357415.00808716 17.04004097 87 88 92
245873.57641602 3357413.62069702 17.53949928 66 67 71
245874.73541260 3357408.31661987 16.92523193 84 86 83
245874.32019043 3357416.89102173 17.57854271 198 202 203
245874.62768555 3357410.94375610 17.24838448 50 60 69
245874.92669678 3357410.27697754 17.05637169 90 94 97
245869.79571533 3357409.71072388 17.06684875 71 75 76
245868.84973145 3357410.17355347 17.51990318 50 54 57
245875.12115479 3357409.02587891 16.92239761 102 104 103
245874.60223389 3357416.81359863 17.42300415 66 67 72
245875.24627686 3357417.71325684 17.13356209 88 93 96
245868.67077637 3357411.48797607 17.19828033 37 45 48
245869.37658691 3357410.02816772 17.72030830 66 69 74
245875.50146484 3357412.62445068 16.91510963 102 108 108
245875.10418701 3357416.01345825 17.41162491 58 62 63
245874.41772461 3357415.45910645 16.95406342 53 55 54
245874.82543945 3357415.93630981 17.38892365 34 32 35
245874.59924316 3357412.46261597 17.28467941 47 50 59
245874.40826416 3357413.86535645 17.21520424 65 70 73
245869.14550781 3357409.96145630 17.74856377 21 22 26
245874.72778320 3357416.50772095 17.32697105 40 40 42
245874.91937256 3357410.75573730 17.01619911 91 95 98
245873.43713379 3357411.40576172 17.07904053 66 67 71
245875.39141846 3357413.54434204 16.99312782 83 85 84
245874.28692627 3357409.32327271 17.41325188 63 66 71
245869.25415039 3357410.04721069 17.44270134 33 37 38
245869.57055664 3357409.60098267 17.17535210 39 43 46
245868.60162354 3357412.01007080 17.72584915 27 28 32
245875.40246582 3357410.07925415 16.88649750 108 110 109
245875.31970215 3357414.54449463 16.93285179 105 109 108
245873.35620117 3357414.22235107 16.94489288 52 58 58
245875.20465088 3357414.86486816 16.93354034 114 114 114
245874.45465088 3357416.42172241 17.47993469 136 117 119
245875.67254639 3357415.13488770 16.91434288 113 113 111
245874.45544434 3357413.01400757 17.39885139 84 91 97
245873.86901855 3357416.62390137 17.05903625 75 75 77
245875.30108643 3357409.54034424 16.89072609 116 116 116
245872.93218994 3357410.84521484 16.98143959 64 67 72
245868.56085205 3357409.89639282 17.54252434 44 45 47
245874.10852051 3357413.77670288 17.47728539 57 65 68
245873.90161133 3357413.07073975 17.60259819 198 203 197
245874.94860840 3357415.55078125 17.39303970 88 89 93
245875.09619141 3357415.52359009 17.42924690 69 73 76
245873.27496338 3357413.24047852 17.84703827 55 64 45
245868.93347168 3357409.57128906 17.16618538 59 63 66
245874.74145508 3357409.88989258 17.16116524 129 129 131
245869.04846191 3357409.68841553 17.45893288 26 31 35
245873.92785645 3357413.81814575 17.46587753 62 67 73
245873.26965332 3357413.64715576 17.78588867 51 62 46
245873.81481934 3357411.49499512 17.36679840 7 21 22
245874.12432861 3357415.85229492 17.32368660 49 32 40
245874.86450195 3357415.26770020 16.86191177 101 101 101
245874.57769775 3357414.15563965 17.18095779 74 80 80
245874.43646240 3357418.58166504 17.03301811 85 89 92
245868.64447021 3357411.42169189 17.37589073 43 50 56
245874.09869385 3357412.62442017 17.36016846 55 61 61
245875.55767822 3357416.90484619 16.95888519 107 107 105
245869.41534424 3357409.62365723 17.41728401 24 28 31
245873.22509766 3357413.02127075 17.96828270 54 66 44
245868.90954590 3357411.17187500 17.19057083 50 57 63
245874.60913086 3357414.62615967 17.01164818 95 99 98
245873.55657959 3357414.63259888 16.97359085 50 54 55
245868.11346436 3357409.67507935 17.09850883 23 34 28
245873.32635498 3357411.46731567 17.05516815 64 65 69
245874.29040527 3357417.92904663 17.15456963 75 77 76
245874.72729492 3357411.07907104 17.08727074 47 52 58
245875.13873291 3357414.70947266 16.96588898 104 106 105
245875.01739502 3357416.75799561 17.23581505 7 7 5
245874.36767578 3357415.47073364 16.95033264 61 63 62
245874.50549316 3357416.46160889 17.44976044 37 23 23
245868.38873291 3357409.55541992 17.03724289 61 66 69
245875.25531006 3357412.57742310 16.89904404 93 94 98
245873.96313477 3357413.76687622 17.59719086 92 95 100
245873.14282227 3357411.80557251 16.97230148 62 65 70
245874.77093506 3357413.55126953 17.28682327 46 50 53
245874.15869141 3357408.36932373 17.05936241 57 61 60
245874.18988037 3357414.85568237 16.94285393 68 74 74
245875.51586914 3357415.52517700 17.19309425 75 75 77
245874.64532471 3357412.16815186 17.33622932 69 76 82
245873.69287109 3357409.63369751 17.67687035 130 128 131
245868.95111084 3357410.54327393 17.37003517 55 60 64
245873.24316406 3357413.74200439 17.74096870 48 54 40
245874.03979492 3357413.78259277 17.49355698 63 70 76
245875.07116699 3357417.68112183 17.01519775 51 57 55
245875.29327393 3357410.89407349 16.85957336 102 102 100
245875.09265137 3357409.53741455 16.90794182 121 121 121
245868.87023926 3357411.01974487 17.33683586 39 48 57
245868.41955566 3357409.80615234 17.13571930 41 45 48
245875.33935547 3357411.14358521 16.85816574 206 203 194
245869.55798340 3357409.71588135 17.90343475 49 55 55
245874.62982178 3357409.83419800 17.23838615 87 87 89
245875.23950195 3357414.89764404 16.93142891 111 111 111
245868.65905762 3357409.47485352 17.05915833 73 74 76
245869.55072021 3357409.65261841 17.89043236 36 40 43
245868.35186768 3357410.01840210 17.84198380 42 46 49
245869.56207275 3357409.77841187 17.90044975 12 18 18
245873.85125732 3357408.35772705 17.31966972 16 18 17
245874.82714844 3357415.25137329 16.86621284 93 95 94
245874.55700684 3357416.91632080 17.40548706 53 56 61
245875.48400879 3357418.86160278 16.83282280 103 103 103
245873.38946533 3357414.01931763 16.86119652 42 47 50
245873.28851318 3357411.82733154 17.03060913 59 63 66
245873.81445313 3357408.37005615 17.03420067 49 51 46
245873.86059570 3357415.38287354 16.92291641 82 86 87
245873.81933594 3357410.01354980 17.35167313 53 56 61
245875.02819824 3357412.34585571 16.92897987 65 70 73
245873.96520996 3357415.59582520 16.96635437 66 67 69
245875.62469482 3357418.61453247 16.84734154 88 90 87
245875.30487061 3357418.53326416 16.87168121 73 75 74
245873.84252930 3357417.49334717 17.54469681 95 99 100
245874.20947266 3357415.94894409 17.36413956 56 29 34
245875.36755371 3357413.30252075 16.97526932 87 91 92
245874.96197510 3357414.12435913 17.19772720 85 89 90
245868.72644043 3357411.13092041 17.74227905 20 29 36
245875.05310059 3357414.65451050 16.99926376 102 104 103
245868.64105225 3357411.67163086 17.48512077 30 35 39
245873.78314209 3357408.69638062 17.61231613 41 42 46
245873.83752441 3357410.86685181 17.59619713 18 19 24
245874.02569580 3357410.25527954 17.39172554 59 59 67
245874.54412842 3357409.43109131 17.26638603 87 91 92
245873.93603516 3357411.75131226 17.59709549 110 121 127
245873.77752686 3357413.73745728 17.67108154 45 50 53
245875.02313232 3357408.73919678 16.92344093 93 93 95
245875.14453125 3357414.97695923 16.90768433 115 114 112
245873.58654785 3357411.78796387 17.24924278 39 39 41
245875.37976074 3357412.93191528 16.94715881 103 105 104
245869.47723389 3357409.49658203 17.12086487 41 49 52
245873.87872314 3357408.36483765 17.24243164 19 20 22
245873.68695068 3357410.90927124 17.32157326 62 71 76
245873.80535889 3357408.36517334 17.26114082 15 17 16
245873.93310547 3357408.40896606 17.57348824 56 59 64
245874.04412842 3357413.02667236 17.44296074 27 34 42
245875.46575928 3357415.56604004 17.31043625 47 46 51
245874.05706787 3357409.48959351 17.51101303 59 63 66
245873.45135498 3357411.90686035 17.08439064 57 61 64
245873.50177002 3357415.86480713 17.07498932 81 85 84
245873.71710205 3357410.83258057 17.47896957 10 13 20
245873.58117676 3357410.79888916 17.29908371 69 70 74
245874.87219238 3357414.09924316 17.21965981 87 91 92
245873.80920410 3357415.56256104 16.95267868 91 93 92
245875.17944336 3357412.17700195 16.90619850 82 87 90
245873.84197998 3357414.45108032 16.90908241 61 65 66
245874.04284668 3357414.26937866 17.05697060 71 72 76
245874.23260498 3357414.64013672 16.91085052 102 106 109
245873.61669922 3357408.37759399 17.08406258 50 54 53
245875.36157227 3357417.01599121 16.99692726 76 75 73
245873.32824707 3357413.33227539 17.58005524 69 72 61
245874.92913818 3357416.32376099 17.27768326 54 59 62
245873.81188965 3357408.93823242 17.72098732 138 139 143
245874.31774902 3357408.65518188 17.34177399 42 43 45
245874.66882324 3357409.94897461 17.22753143 163 161 164
245873.24609375 3357412.94500732 17.72747231 63 72 51
245868.73223877 3357409.85287476 17.21074486 66 67 71
245874.49993896 3357408.27658081 16.90346146 93 95 90
245874.38647461 3357416.64114380 17.57853699 231 232 227
245875.34002686 3357417.91876221 17.14484978 20 21 25
245875.61700439 3357416.68270874 16.92186737 106 106 106
245874.81799316 3357418.01086426 17.18480492 82 88 84
245874.91290283 3357418.11224365 17.30254555 112 121 116
245869.55706787 3357409.64550781 17.30559349 31 30 35
245874.74621582 3357408.86578369 17.11094093 35 36 38
245874.13037109 3357411.08877563 17.49655724 77 77 87
245874.97100830 3357416.48171997 17.23885727 51 50 55
245875.02325439 3357410.99291992 16.96122742 86 90 93
245873.72271729 3357408.91299438 17.68288040 72 73 75
245873.34045410 3357413.55331421 17.39152527 58 63 59
245874.57891846 3357414.81735229 16.95053101 96 98 97
245873.68743896 3357410.87994385 17.36611938 87 92 96
245875.06823730 3357413.22418213 17.31525421 181 180 176
245868.48608398 3357410.51611328 17.80344772 35 41 41
245874.75195313 3357410.22415161 17.19010735 72 76 79
245868.83520508 3357409.97152710 17.63701630 71 73 72
245875.32702637 3357409.29034424 16.89560509 104 108 107
245873.41632080 3357411.67016602 17.10367012 58 59 63
245875.42120361 3357410.01510620 16.88745689 108 110 109
245874.54290771 3357418.90179443 16.87443924 76 77 81
245874.40063477 3357416.18603516 17.40836143 118 89 93
245873.74456787 3357412.07186890 17.41754913 72 76 79
245873.92932129 3357412.44363403 17.46879387 94 101 109
245874.51135254 3357408.20043945 16.90364075 74 81 63
245868.42199707 3357409.53018188 17.03414917 68 73 76
245873.89630127 3357417.78680420 17.45745659 92 96 99
245875.26898193 3357411.91635132 16.89134789 99 103 106
245873.62207031 3357412.09820557 17.26595116 58 59 64
245873.63116455 3357410.68896484 17.46406746 47 48 53
245874.51251221 3357410.76684570 17.34697342 48 53 57
245875.41259766 3357411.66381836 16.87053108 89 94 97
245874.56372070 3357410.65527344 17.20665741 76 79 86
245874.21337891 3357410.92761230 17.52131844 60 65 71
245868.62420654 3357411.78619385 17.34486771 33 38 41
245874.95947266 3357410.71160889 16.98692322 94 98 99
245875.21826172 3357416.76916504 17.04004478 39 35 34
245869.17358398 3357410.12063599 17.26802635 35 36 38
245875.43719482 3357418.76968384 16.84921074 99 101 100
245873.21276855 3357413.09417725 18.06453896 59 72 46
245873.72326660 3357408.69696045 17.57378769 31 34 39
245868.89306641 3357410.31311035 17.48834419 60 61 63
245874.37408447 3357411.92684937 17.43149567 92 96 99
245868.77178955 3357411.30700684 17.18788147 44 49 55
245872.99047852 3357410.84109497 16.98809052 71 74 79
245869.23046875 3357410.02258301 17.57881927 39 43 44
245875.70483398 3357415.51086426 16.92651176 98 99 94
245869.30255127 3357410.04318237 17.69258690 42 43 47
245874.70764160 3357414.89596558 16.94444466 99 99 99
245874.97735596 3357413.32250977 17.47063255 219 215 212
245873.42193604 3357412.85867310 17.29255486 55 59 60
245873.70947266 3357409.50289917 17.67635155 123 121 122
245874.96496582 3357416.39285278 17.23787117 45 46 50
245874.78991699 3357414.19281006 17.18206596 85 89 90
245873.46899414 3357412.37359619 17.20617104 62 62 64
245874.64825439 3357418.28607178 17.14952850 88 100 100
245874.74707031 3357411.64691162 17.30828857 96 100 101
245873.34783936 3357413.41885376 17.57448959 65 67 56
245874.65972900 3357408.31506348 16.94583893 80 82 81
245874.49615479 3357415.21368408 16.87465668 105 107 104
245875.12121582 3357417.71716309 17.13561249 197 203 203
245875.12408447 3357418.04397583 17.42928505 18 22 25
245868.66925049 3357411.57473755 17.14649200 45 50 56
245875.16705322 3357411.75833130 16.93177795 95 103 105
245874.73553467 3357417.15090942 17.27095604 76 76 76
245874.99218750 3357413.07363892 17.25082016 111 109 110
245874.88049316 3357418.33068848 16.98912048 38 42 43
245874.29260254 3357415.53323364 17.10140038 24 26 25
245873.88122559 3357408.73376465 17.61641312 42 42 50
245874.47521973 3357413.21591187 17.36111069 99 104 108
245873.57427979 3357415.20690918 17.04052925 68 69 73
245873.17138672 3357412.21438599 16.98895645 82 86 89
245874.19201660 3357415.92196655 17.35794449 69 39 47
245874.86224365 3357410.36462402 17.09218216 82 86 87
245874.34301758 3357413.38720703 17.32870102 30 35 39
245873.14764404 3357411.30337524 16.98611259 68 73 76
245868.47766113 3357410.42263794 17.79650497 27 33 33
245873.98052979 3357411.34066772 17.44256210 54 62 65
245873.89599609 3357417.41250610 17.52580452 94 98 99
245874.83178711 3357417.28277588 17.18424034 76 78 77
245875.58392334 3357414.05877686 16.88522148 100 104 103
245875.35797119 3357418.80838013 16.85057259 103 103 103
245874.34661865 3357416.28576660 17.45716858 175 165 164
245874.29315186 3357409.48171997 17.34899139 72 73 78
245873.84771729 3357413.69778442 17.73233223 55 60 63
245873.41876221 3357410.53787231 17.17511368 48 53 57
245875.29064941 3357412.37133789 16.87896729 91 95 98
245874.36981201 3357412.08737183 17.43060112 46 55 60
245868.84301758 3357411.01062012 17.37142181 38 47 56
245868.27246094 3357409.83755493 17.20532036 26 32 32
245874.83941650 3357418.63330078 16.92921257 65 66 68
245874.11761475 3357417.44406128 17.41187859 98 100 99
245874.77642822 3357409.89407349 17.13170624 93 97 98
245873.55493164 3357411.69158936 17.22101784 36 37 39
245874.70904541 3357410.99249268 17.16156578 38 45 53
245873.94458008 3357417.39642334 17.51385498 97 101 102
245873.12921143 3357412.20153809 16.98370361 79 83 84
245875.01666260 3357411.82598877 17.09190750 85 90 94
245868.52313232 3357412.18884277 17.30058098 55 58 63
245868.68292236 3357411.16787720 17.77971840 50 57 63
245875.12127686 3357413.37155151 17.21877480 130 131 126
245868.84051514 3357411.10308838 17.30912590 41 48 56
245874.08966064 3357410.55648804 17.53636360 68 69 74
245875.45123291 3357412.77191162 16.92368698 102 106 107
245868.73004150 3357410.83493042 17.77168083 90 98 101
245873.73553467 3357415.34863281 16.96095276 73 77 78
245873.88098145 3357409.81719971 17.42807579 74 77 86
245875.15216064 3357413.64733887 17.31983376 100 90 89
245874.63171387 3357415.71072388 17.36750412 45 41 42
245873.64605713 3357417.06924438 17.40013885 99 98 103
245874.15008545 3357412.76968384 17.35013390 70 74 77
245874.40917969 3357414.99887085 16.89533234 97 101 102
245874.94207764 3357410.89529419 17.01520729 88 92 95
245873.64910889 3357413.41964722 17.49680138 40 44 47
245874.86444092 3357417.76406860 17.00359154 42 46 47
245873.07232666 3357410.60241699 16.98958397 62 63 67
245875.26531982 3357411.86483765 16.89044189 100 105 108
245873.77313232 3357413.90768433 17.23116493 46 49 54
245875.41180420 3357414.72955322 16.93585587 119 123 122
245873.86633301 3357417.03918457 17.60346222 84 85 87
245874.71643066 3357418.86975098 16.87162781 88 92 93
245875.30255127 3357417.74407959 17.32871628 35 43 45
245874.64788818 3357410.63131714 17.15740204 76 79 84
245874.17938232 3357408.49887085 17.40529823 44 45 47
245874.20001221 3357413.14401245 17.28344727 30 33 40
245874.48352051 3357414.32650757 17.11133194 82 86 87
245868.65771484 3357411.42126465 17.56998062 49 56 62
245875.25531006 3357416.83486938 17.02285957 29 25 24
245868.62115479 3357412.01547241 17.43175125 44 44 52
245874.81726074 3357409.86550903 17.08742714 88 92 93
245874.56372070 3357410.92227173 17.31878281 102 115 124
245875.22082520 3357414.30371094 17.01468086 93 97 96
245874.04064941 3357417.48281860 17.43839073 103 103 103
245873.87017822 3357413.47180176 17.57449913 51 54 59
245868.68457031 3357410.54489136 17.71701050 55 58 63
245874.71875000 3357408.46807861 17.14248848 36 37 42
245875.42938232 3357414.99218750 16.92946053 115 115 113
245869.59655762 3357409.73593140 17.53562927 63 67 68
245875.62756348 3357415.70477295 16.94032669 83 83 81
245874.96856689 3357414.83261108 16.95836067 102 104 101
245868.53369141 3357411.03836060 17.77124786 80 89 98
245875.42004395 3357410.95483398 16.85103035 159 158 153
245874.02294922 3357409.22781372 17.60692596 39 44 48
245874.27587891 3357415.52777100 17.00167465 44 48 47
245875.41528320 3357416.58068848 16.95792961 85 85 87
245875.53942871 3357416.44781494 16.91701508 87 87 89
245875.38079834 3357412.75122070 16.91932487 96 100 101
245874.45629883 3357414.31546021 17.12043953 82 86 87
245869.32702637 3357409.59768677 17.55896950 16 19 24
245874.46643066 3357408.55905151 17.27603149 18 19 23
245875.13659668 3357409.27526855 16.90130615 102 104 103
245875.64239502 3357414.16311646 16.85858154 107 111 110
245875.41687012 3357415.42959595 17.04556084 23 23 23
245869.02709961 3357410.29290771 17.27254486 65 69 72
245869.14556885 3357409.39486694 17.02109909 70 71 76
245874.18322754 3357411.01101685 17.47214890 53 57 66
245874.63372803 3357408.58471680 17.23444366 54 58 61
245873.63537598 3357410.66018677 17.47141266 50 53 60
245875.04968262 3357413.58731079 17.35128593 47 43 44
245874.36596680 3357416.11346436 17.39596748 199 174 178
245874.02978516 3357409.59115601 17.50236130 66 67 71
245874.98760986 3357415.60794067 17.42539787 73 74 79
245874.58764648 3357412.34780884 17.26165771 44 49 55
245875.45538330 3357415.95520020 17.36944199 85 86 90
245873.92846680 3357412.74450684 17.53763008 157 152 149
245874.62384033 3357410.26712036 17.24232674 64 68 71
245868.94512939 3357410.61071777 17.35371208 45 50 56
245868.72418213 3357409.49118042 17.07068443 75 76 78
245874.87988281 3357411.40509033 17.09531212 102 107 110
245874.34777832 3357411.16314697 17.24021530 66 69 74
245873.97717285 3357408.40225220 17.54557800 127 130 135
245868.98577881 3357410.98910522 17.22924995 55 60 66
245874.24902344 3357409.50524902 17.36706161 70 73 78
245874.65765381 3357412.71371460 17.34320450 56 64 67
245873.13494873 3357411.36370850 16.98315620 61 66 69
245873.56677246 3357416.70693970 17.03441811 88 92 93
245874.97332764 3357414.63864136 17.02598000 102 104 103
245875.54718018 3357415.78021240 16.93929291 66 65 63
245874.00769043 3357411.42904663 17.54983521 67 76 83
245873.59509277 3357410.36322021 17.26173592 32 36 39
245875.31524658 3357411.26824951 16.86137199 204 205 199
245874.44549561 3357411.80789185 17.40027618 88 93 96
245874.17138672 3357415.48986816 16.88382912 86 88 87
245873.98809814 3357410.18609619 17.38017845 58 59 64
245874.09570313 3357412.55142212 17.36377525 61 69 72
245875.01947021 3357414.23559570 17.13318253 93 94 96
245874.99841309 3357416.33999634 17.25008583 34 34 36
245868.23095703 3357409.93170166 17.77365303 24 29 32
245869.60089111 3357409.77655029 17.76890564 48 52 53
245875.32183838 3357413.56439209 17.03600502 80 82 81
245873.83862305 3357411.89370728 17.52662086 89 94 100
245875.27691650 3357415.96643066 17.51001740 106 106 106
245873.66912842 3357415.27590942 16.99844360 64 68 69
245874.86566162 3357414.33316040 17.14158630 100 104 105
245868.81640625 3357409.91601563 17.48289299 61 63 62
245873.27557373 3357413.08148193 17.59161568 53 60 42
245874.18511963 3357415.52636719 16.95825386 55 57 56
245874.81762695 3357416.66513062 17.32763863 8 9 13
245874.18481445 3357416.47985840 17.58459282 176 176 178
245875.13409424 3357408.97872925 16.91962433 100 102 101
245875.35894775 3357416.79660034 16.98767471 95 94 92
245875.14996338 3357415.41976929 17.13944435 28 29 31
245874.86102295 3357410.00479126 17.09308243 81 87 87
245874.34417725 3357411.30014038 17.29049110 50 51 56
245875.16192627 3357415.98037720 17.48540688 32 36 37
245874.02630615 3357410.31973267 17.40333176 63 66 71
245873.19348145 3357412.19302368 16.95512009 85 89 92
245874.65258789 3357413.06137085 17.40832901 77 86 93
245869.29193115 3357409.97467041 17.83615303 54 58 59
245869.05462646 3357409.96920776 17.61917496 30 34 33
245873.45104980 3357410.63195801 17.18571281 39 44 48
245868.30194092 3357409.82632446 17.69681549 21 22 24
245873.24047852 3357412.62429810 17.28920937 40 36 37
245873.75152588 3357416.78909302 17.14178085 80 81 83
245873.32482910 3357410.57446289 17.10477638 55 60 64
245874.03906250 3357408.36605835 17.02291107 54 60 56
245874.60418701 3357411.73217773 17.34048462 84 87 92
245874.94262695 3357412.62567139 17.07948685 71 74 79
245873.01123047 3357410.85198975 16.99110222 71 74 79
245875.25073242 3357409.21932983 16.90610123 107 109 108
245874.84710693 3357410.98822021 17.06041145 77 80 85
245873.37310791 3357410.14294434 17.19431305 33 36 41
245869.62768555 3357410.10223389 17.09792709 37 41 42
245874.66473389 3357409.13058472 17.24109840 96 104 106
245873.48834229 3357413.83029175 16.95048523 29 37 39
245869.24176025 3357409.60989380 17.48988914 20 25 29
245873.10198975 3357410.96676636 16.98691368 69 73 76
245874.96490479 3357417.82461548 17.35206032 10 12 11
245875.11218262 3357409.37289429 16.89200592 104 106 105
245873.23498535 3357411.21386719 17.00163651 70 75 78
245874.48223877 3357414.12274170 17.20590973 72 78 78
245874.22637939 3357410.19494629 17.39231873 57 58 63
245874.50128174 3357411.23968506 17.15340042 69 75 75
245874.57000732 3357415.28445435 16.88625717 92 94 93
245874.19836426 3357413.30654907 17.31893349 33 38 44
245875.49908447 3357418.70898438 16.85228729 84 85 87
245874.74188232 3357409.18640137 17.12681770 89 95 95
245874.48712158 3357412.25036621 17.30855751 58 67 74
245874.61688232 3357417.94375610 17.07777023 44 48 49
245875.47131348 3357415.47338867 17.21263504 56 56 58
245873.11926270 3357411.73889160 16.98519135 68 71 76
245873.51727295 3357412.14337158 17.09717369 63 67 70
245874.60314941 3357411.79156494 17.33757973 86 94 97
245874.52081299 3357415.34695435 16.88757515 87 91 90
245868.67895508 3357411.29180908 17.48271561 29 36 42
245875.27514648 3357409.26962280 16.89925766 109 111 110
245874.52886963 3357418.74255371 16.92128944 65 69 70
245874.41131592 3357413.87539673 17.20668793 65 70 73
245875.23608398 3357408.83001709 16.90707397 107 109 108
245875.08532715 3357415.42788696 17.06334305 27 27 29
245874.89813232 3357408.84478760 16.95568085 89 90 92
245874.22692871 3357418.25238037 17.38120461 43 48 54
245873.22583008 3357413.72930908 17.51576805 62 67 60
245874.44250488 3357415.88635254 17.40605164 71 59 61
245873.22943115 3357411.98477173 16.92190933 64 68 71
245873.61877441 3357413.75256348 17.35091782 29 33 36
245875.28485107 3357415.78939819 17.53715515 182 178 175
245873.58959961 3357412.24606323 17.25459480 57 58 60
245874.82855225 3357414.02694702 17.23160172 78 82 83
245874.88311768 3357412.03298950 17.30091858 90 97 103
245875.11132813 3357413.49584961 17.40706253 64 58 60
245869.52319336 3357409.62057495 17.21787834 25 30 33
245874.66577148 3357410.83282471 17.27382660 84 91 99
245874.40924072 3357413.90057373 17.19183350 66 71 75
245874.28546143 3357411.50335693 17.56149101 80 85 89
245873.77044678 3357412.05160522 17.44989395 73 77 80
245873.28460693 3357413.12521362 17.50502968 60 66 52
245874.96832275 3357409.28250122 16.93425369 101 105 104
245873.94415283 3357411.20324707 17.39617920 42 45 50
245873.66632080 3357410.69689941 17.52815437 48 52 61
245874.38012695 3357418.12692261 17.19621277 64 69 72
245874.07293701 3357413.64373779 17.52280807 71 74 79
245875.31109619 3357417.75527954 17.55375290 35 36 38
245868.74151611 3357411.12179565 17.56367493 31 39 42
245873.61260986 3357411.05068970 17.08688927 56 55 60
245874.14025879 3357412.38415527 17.40232849 90 97 105
245875.30035400 3357416.30963135 17.05414772 43 43 45
245875.07495117 3357418.22296143 16.99493599 40 41 43
245875.31768799 3357417.31558228 16.97644997 83 85 82
245873.97259521 3357413.00744629 17.59470940 86 91 94
245874.57519531 3357418.83245850 16.89167023 70 74 75
245874.15509033 3357418.33059692 17.46279335 90 95 99
245868.57617188 3357409.60253906 17.05006599 68 69 71
245869.48883057 3357409.62161255 17.36157990 27 28 30
245874.70043945 3357411.42312622 17.23446846 92 96 97
245875.40972900 3357415.44226074 17.17022514 31 32 34
245873.67071533 3357415.32812500 16.98347282 67 71 72
245875.46643066 3357418.87969971 16.83182907 96 96 96
245873.21417236 3357412.82730103 17.41066170 63 64 56
245875.41094971 3357417.80557251 17.36374855 51 55 56
245868.37322998 3357409.80267334 17.12457848 39 43 44
245873.74377441 3357409.93594360 17.34586716 62 66 69
245873.66284180 3357411.24502563 17.09080505 57 61 62
245875.12091064 3357416.48513794 17.13429451 49 49 51
245875.04711914 3357417.03906250 17.21654129 59 57 58
245873.33428955 3357414.02062988 16.94871902 51 55 56
245873.29162598 3357413.52722168 17.80401993 45 58 38
245874.78479004 3357409.28622437 17.06949615 92 98 98
245873.14593506 3357412.75378418 18.03752136 66 81 52
245875.08782959 3357412.85476685 17.03431511 111 113 112
245874.12652588 3357417.19644165 17.53760910 143 144 146
245875.17327881 3357410.27438354 16.92033195 108 109 111
245874.28863525 3357410.96008301 17.47273445 59 63 72
245875.40301514 3357412.33807373 16.87492943 103 107 108
245870.13226318 3357410.29370117 17.01928329 81 85 88
245874.99664307 3357412.20266724 16.96541023 61 66 70
245868.48327637 3357409.87628174 17.40705490 38 39 41
245868.75115967 3357411.11560059 17.63635063 26 33 39
245875.04821777 3357418.27471924 16.94583130 40 41 43
245873.24542236 3357411.91360474 16.97624779 64 68 71
245874.72552490 3357418.06893921 17.12364388 37 46 41
245874.68750000 3357413.05899048 17.40294647 60 69 76
245867.80493164 3357410.62112427 17.09861565 57 69 59
245867.88592529 3357410.52084351 17.15884018 63 68 64
245868.14154053 3357410.07116699 17.44031143 43 48 52
245867.84698486 3357410.46002197 17.13855743 58 64 60
245868.14007568 3357410.10650635 17.24539948 40 45 48
245868.00445557 3357410.22250366 17.23097229 27 36 35
245868.00714111 3357409.94427490 17.18544006 37 48 44
245868.03784180 3357409.75534058 17.12633133 20 33 24
245868.06274414 3357410.12088013 17.20215416 25 35 34
245868.05993652 3357410.24362183 17.26065254 28 37 36
245868.09771729 3357410.20358276 17.30167198 31 39 41
245867.88574219 3357410.09109497 17.19566154 20 38 26
245868.08923340 3357410.22433472 17.30682945 27 35 37
245867.94281006 3357410.19375610 17.19515038 22 35 28
245868.39672852 3357410.86761475 17.75925636 83 88 94
245868.08319092 3357411.36120605 17.72891426 31 39 42
245868.14227295 3357411.49914551 17.90023422 16 26 28
245868.03881836 3357410.95507813 17.25482178 51 51 49
245868.37939453 3357412.17370605 17.47322083 88 108 73
245868.19927979 3357410.68563843 17.66813087 94 98 99
245868.08966064 3357410.66311646 17.32708740 57 59 58
245868.22100830 3357411.11926270 17.90476990 75 83 86
245868.13403320 3357411.21505737 17.74441719 28 33 36
245868.06549072 3357410.85073853 17.28485870 71 71 69
245867.93133545 3357411.23205566 17.08690071 61 63 62
245868.00518799 3357411.41281128 17.09152031 28 32 33
245867.99438477 3357411.54904175 17.13159943 17 21 22
245868.08264160 3357410.53271484 17.34757805 45 46 48
245868.08294678 3357410.26879883 17.31470299 26 36 37
245868.01361084 3357411.39791870 17.09995270 35 39 40
245868.16497803 3357410.73822021 17.48569107 91 92 94
245868.12567139 3357411.14239502 17.38344383 49 49 51
245868.10723877 3357411.35568237 17.62323189 30 35 39
245868.17260742 3357412.02648926 17.85491943 15 23 25
245868.21862793 3357412.61532593 17.40092659 65 73 76
245868.25592041 3357410.51556396 17.83944893 70 71 75
245868.33312988 3357411.66009521 17.91583633 34 38 41
245868.18743896 3357411.15841675 17.92784309 63 70 76
245868.25463867 3357411.48477173 17.89002800 10 17 23
245868.12158203 3357411.28869629 17.36876678 20 23 28
245868.29235840 3357411.86904907 17.86359215 15 23 25
245868.09216309 3357411.49655151 17.88026810 31 41 43
245868.18145752 3357410.94635010 17.59674072 66 66 68
245868.01672363 3357410.47607422 17.25994110 42 46 47
245868.13281250 3357411.24127197 17.77281380 34 39 42
245868.15533447 3357410.68432617 17.43145943 67 67 69
245868.08807373 3357411.38211060 17.25607109 14 18 21
245868.37396240 3357412.08956909 17.54123306 93 112 57
245868.05529785 3357411.14944458 17.25994682 53 54 56
245868.17987061 3357410.95126343 17.62570381 69 69 71
245868.10961914 3357410.16232300 17.52188683 45 53 56
245868.11676025 3357410.28317261 17.44697762 35 40 43
245868.22558594 3357411.25497437 17.87229919 16 23 29
245868.18914795 3357410.73300171 17.55202103 107 108 110
245867.85784912 3357410.95892334 17.10095596 53 58 54
245868.03051758 3357411.09225464 17.21700478 44 44 44
245867.91851807 3357410.91616821 17.13325310 50 52 51
245868.31372070 3357410.69796753 17.82150269 51 52 57
245868.25079346 3357411.50173950 17.89291573 10 17 23
245868.07214355 3357411.42633057 17.24456787 12 16 19
245868.20874023 3357412.07461548 17.69012260 45 56 39
245868.40814209 3357412.38732910 17.18321228 38 43 49
245867.91955566 3357410.95895386 17.13130951 51 53 52
245868.01483154 3357411.58554077 17.39332962 9 14 17
245868.50189209 3357412.27600098 17.15576172 45 50 56
245868.30065918 3357411.95495605 17.75983429 26 32 30
245868.31420898 3357410.90719604 17.76937103 15 22 32
245868.20147705 3357410.69519043 17.60141563 104 108 109
245868.19506836 3357410.68826294 17.73530960 78 82 85
245868.06921387 3357411.05014038 17.30244064 52 52 50
245867.93365479 3357410.91519165 17.13995361 47 49 48
245868.29156494 3357410.87640381 17.78271484 20 27 37
245868.01489258 3357411.58602905 17.45565987 16 21 25
245868.25115967 3357412.29550171 17.46691513 42 52 51
245868.03344727 3357411.53417969 17.36005592 14 19 22
245868.18389893 3357410.82550049 17.81680298 61 64 69
245867.96453857 3357411.35607910 17.06307030 46 50 49
245867.99328613 3357411.48852539 17.10269737 17 21 20
245868.32568359 3357412.67791748 17.30712509 64 69 73
245868.32946777 3357412.54260254 17.29407120 52 57 61
245868.20635986 3357412.25369263 17.60262108 67 80 63
245868.17657471 3357412.23461914 17.81078148 44 51 44
245868.09265137 3357411.33300781 17.76031876 32 39 45
245868.38134766 3357412.27676392 17.38793564 34 44 45
245868.03082275 3357411.54208374 17.79673195 50 58 61
245868.05139160 3357410.41613770 17.29534721 28 32 33
245868.03332520 3357411.32296753 17.12437057 45 46 48
245868.45507813 3357412.30242920 17.24411964 36 40 49
245868.31445313 3357412.28479004 17.43164825 36 47 43
245868.23406982 3357410.99765015 17.83764076 25 30 36
245868.12622070 3357410.54943848 17.40418434 58 60 59
245868.11547852 3357411.32000732 17.83896255 39 49 50
245868.32458496 3357412.05212402 17.57016563 89 106 51
245867.99456787 3357411.63803101 17.31800842 9 13 16
