246130.35131836 3357721.98413086 11.53227234 169 161 150
246131.52404785 3357720.96417236 12.05763626 137 138 140
246131.78784180 3357720.93457031 11.81524754 80 72 69
246133.20141602 3357721.84106445 11.63661861 154 144 132
246122.05590820 3357722.00646973 11.98169422 124 126 121
246124.59484863 3357721.72070313 12.08270454 43 50 56
246127.73388672 3357720.38000488 11.68178749 50 52 49
246116.77221680 3357720.90496826 11.60528851 69 69 69
246132.71752930 3357720.48114014 11.67275810 171 158 123
246131.36267090 3357721.29461670 11.95086670 177 176 174
246131.53308105 3357721.04443359 11.84904957 89 91 86
246126.21984863 3357721.09844971 11.63812065 98 102 103
246123.18786621 3357721.67541504 11.97347069 114 122 125
246133.18505859 3357721.76605225 11.62498283 129 119 107
246121.26611328 3357721.70684814 11.52418518 111 113 110
246130.74401855 3357720.63769531 11.56781292 99 99 97
246123.83776855 3357721.95196533 11.53317356 153 152 147
246126.09887695 3357721.16729736 11.59133530 98 99 101
246127.22546387 3357721.01104736 11.97523022 66 66 66
246126.93420410 3357721.78125000 11.75970554 132 131 126
246122.98571777 3357720.79583740 11.60199356 68 70 67
246118.46679688 3357720.69519043 11.81270027 48 49 51
246126.25622559 3357720.83911133 11.59369850 88 92 95
246120.05883789 3357721.80163574 11.59070396 74 72 73
246128.65991211 3357720.83215332 11.76881599 77 77 75
246134.66467285 3357721.06787109 12.18500328 228 211 221
246125.79736328 3357721.02661133 11.58588600 83 87 86
246130.63549805 3357720.89019775 11.56061172 99 100 95
246132.13269043 3357721.48773193 11.84510612 219 222 229
246125.98913574 3357721.96527100 11.52142334 129 129 127
246122.81115723 3357720.96832275 11.54552460 92 94 93
246123.02697754 3357721.67291260 12.01228809 96 100 101
246125.63891602 3357720.35333252 11.72804070 65 71 67
246123.05102539 3357720.58758545 11.58265781 65 72 65
246124.65795898 3357721.97937012 12.33467484 151 169 169
246134.09118652 3357721.94653320 11.57620430 210 192 172
246124.08996582 3357721.84136963 11.52162552 142 141 137
246134.26855469 3357721.54260254 11.80107784 210 205 201
246134.36828613 3357721.17419434 11.81929779 128 128 118
246131.59899902 3357721.96234131 11.54346371 144 135 120
246131.15576172 3357720.62188721 11.60956097 92 96 97
246122.02966309 3357720.77117920 11.61225319 123 125 120
246125.40820313 3357721.58978271 11.63235283 77 77 77
246124.82409668 3357721.13092041 11.95194817 40 49 48
246122.08862305 3357720.70104980 11.62375069 100 102 97
246128.62768555 3357721.29364014 11.78330135 35 38 45
246124.75830078 3357721.07916260 11.87666416 83 87 88
246121.37292480 3357721.48779297 11.56277657 100 104 103
246128.48046875 3357722.01068115 11.60717201 131 124 118
246125.58972168 3357721.91992188 11.55332851 121 121 121
246133.88354492 3357721.51629639 11.54958916 180 171 162
246128.43920898 3357721.76531982 11.57936573 76 72 61
246116.71496582 3357721.21337891 11.58668518 27 29 26
246122.24621582 3357721.68121338 12.17558575 92 93 95
246126.53283691 3357721.06451416 11.76562023 80 84 87
246125.02502441 3357721.55895996 12.06963921 161 147 144
246130.79162598 3357721.07617188 11.61485291 107 107 107
246131.07519531 3357720.99877930 11.69811058 107 113 113
246130.62170410 3357720.80023193 11.54330158 102 101 99
246134.64819336 3357721.89422607 11.64844608 195 179 163
246123.34875488 3357720.55474854 11.59943104 57 64 57
246133.55957031 3357720.81909180 11.96814251 155 144 138
246125.24548340 3357720.97863770 12.21594906 131 137 137
246127.20764160 3357721.88665771 11.72644520 138 137 132
246124.51269531 3357720.79687500 11.68484592 87 92 88
246130.70214844 3357721.58734131 11.51292229 113 106 98
246122.19079590 3357720.98974609 12.21411419 99 108 117
246134.07763672 3357721.10546875 11.60050488 215 199 184
246132.96582031 3357720.53808594 12.06044674 139 108 105
246132.15515137 3357721.04858398 11.85158348 60 54 54
246132.23779297 3357720.69512939 11.90171623 250 245 249
246125.14916992 3357720.42663574 11.82727814 28 34 32
246119.46728516 3357720.91278076 11.63557339 72 77 73
246134.87988281 3357721.65136719 12.02191830 173 168 172
246125.05163574 3357720.46734619 11.81693745 52 60 62
246134.00378418 3357720.49206543 11.59508133 208 187 166
246124.56408691 3357722.01165771 12.12346554 122 128 124
246119.58837891 3357720.79882813 11.67459774 158 159 161
246133.65905762 3357721.60949707 12.11741066 185 174 168
246125.24853516 3357720.97259521 12.24838066 139 148 147
246124.33264160 3357720.88867188 11.63039398 102 106 105
246132.35522461 3357721.88073730 11.65544128 172 161 139
246128.97717285 3357721.88446045 11.52740765 137 132 126
246131.68322754 3357720.91833496 11.93379211 154 147 154
246119.75524902 3357721.51379395 11.88570404 134 134 126
246120.36425781 3357721.92083740 11.53596878 118 119 114
246131.32800293 3357720.93841553 11.82312965 66 74 76
246124.83935547 3357721.02288818 11.98263454 49 50 54
246124.60461426 3357720.99780273 11.75957489 90 92 89
246119.51525879 3357721.59393311 11.65365219 68 68 58
246123.38244629 3357721.14733887 12.05246162 118 126 128
246120.19824219 3357721.56469727 11.56999874 73 72 70
246126.61157227 3357721.44995117 11.95726585 43 44 46
246134.24926758 3357721.39996338 11.75479221 189 184 180
246123.42480469 3357721.05456543 12.34929943 41 55 68
246129.06518555 3357721.65032959 11.83912182 138 119 104
246119.36279297 3357721.06976318 11.60610962 100 99 95
246132.79357910 3357721.65722656 11.69208431 149 129 105
246133.39929199 3357721.17523193 11.71309280 182 169 152
246132.61242676 3357720.64038086 11.84488010 69 59 57
246126.54272461 3357721.14202881 11.77622318 76 80 83
246119.27673340 3357720.97235107 11.58756828 95 95 93
246122.22424316 3357721.78710938 12.03673458 147 148 150
246119.50207520 3357720.98828125 11.64636135 99 99 97
246132.17541504 3357721.27178955 11.90118122 220 215 219
246132.77941895 3357721.33160400 11.97369385 143 114 100
246133.21069336 3357720.58233643 11.85375690 51 40 36
246133.00952148 3357721.40679932 11.99253082 117 62 42
246133.09692383 3357720.95733643 11.85474491 47 43 40
246119.73583984 3357721.62109375 11.90466404 77 77 75
246122.06298828 3357720.92999268 12.20728207 105 110 116
246133.32556152 3357721.93133545 11.60799026 171 156 137
246125.06018066 3357721.48785400 12.02849674 93 88 84
246132.19726563 3357721.74182129 11.87189198 244 234 225
246123.21496582 3357721.44708252 11.63757324 112 113 108
246123.43139648 3357720.79608154 11.92680836 62 66 67
246132.86267090 3357720.45904541 11.69504642 153 119 92
246126.32836914 3357720.30541992 11.70763111 67 73 71
246131.81860352 3357720.87878418 11.90763664 101 90 84
246120.32446289 3357721.02221680 11.59897232 31 33 32
246130.08837891 3357720.97631836 11.70370960 72 74 73
246133.16943359 3357721.36163330 11.71881771 84 75 70
246129.18420410 3357721.81378174 11.51327229 132 125 119
246132.90783691 3357721.38897705 12.11548138 190 121 92
246125.93151855 3357721.71203613 11.59926510 117 119 116
246134.21911621 3357721.39739990 11.65270710 153 143 134
246119.65075684 3357721.90875244 11.86102962 87 86 82
246132.99731445 3357720.81274414 12.18365002 127 115 119
246119.29443359 3357720.65917969 11.67199326 29 30 32
246124.58142090 3357722.04058838 11.92791748 138 135 128
246123.22888184 3357721.83190918 11.80009174 112 113 117
246131.07421875 3357721.20117188 11.81431675 110 114 117
246129.82641602 3357721.13006592 11.68672943 101 101 99
246122.00244141 3357721.31604004 12.01491070 120 120 120
246130.63586426 3357720.93548584 11.57031727 97 98 93
246127.46130371 3357721.94628906 11.62816429 144 140 131
246125.80517578 3357720.22900391 11.77723503 23 36 19
246135.23889160 3357720.53356934 11.74533558 96 104 107
246129.40893555 3357721.44458008 11.57308102 101 102 97
246130.97900391 3357721.11468506 11.68736076 115 117 116
246133.34216309 3357720.86529541 11.75309467 194 180 179
246128.41784668 3357721.05712891 11.55067921 130 131 126
246132.74426270 3357721.85729980 11.56301975 159 150 135
246133.05468750 3357721.10522461 11.81577206 64 41 33
246131.55078125 3357720.59051514 11.87427807 165 175 184
246122.93688965 3357720.97058105 11.64869213 68 70 69
246122.88525391 3357721.07934570 11.76105309 74 75 77
246125.03845215 3357720.79449463 12.26709270 137 161 161
246116.55932617 3357721.34918213 11.60965061 52 52 54
246120.21716309 3357721.13793945 11.70864677 108 104 101
246130.10156250 3357721.67614746 11.68062973 107 106 102
246130.47802734 3357720.98223877 11.61578465 25 27 24
246117.12524414 3357720.74066162 11.60455322 39 39 39
246134.11047363 3357721.73181152 11.57154083 197 179 159
246133.43676758 3357720.92279053 11.74595547 149 138 132
246122.52270508 3357720.84118652 11.73485184 92 92 90
246130.18920898 3357721.53680420 11.74806595 106 105 100
246117.12365723 3357721.00512695 11.53393745 85 87 84
246135.11816406 3357720.72662354 12.13866043 62 58 57
246122.94384766 3357721.98437500 11.96255016 126 125 120
246122.30517578 3357721.60876465 11.77090836 86 88 87
246135.18359375 3357720.98980713 12.28299809 70 69 74
246122.18530273 3357721.10461426 12.09389782 54 61 69
246127.83435059 3357720.63702393 11.77570629 74 76 75
246124.83984375 3357721.04718018 11.96662331 46 50 53
246120.34411621 3357721.68048096 11.54185677 69 69 69
246133.61254883 3357720.98846436 11.92063236 126 119 113
246134.44470215 3357721.32550049 12.01303768 217 208 209
246130.42773438 3357721.05041504 11.74787807 90 92 91
246120.27722168 3357722.07159424 11.53014660 117 117 115
246123.62622070 3357721.02587891 11.57325077 111 113 112
246119.99584961 3357721.01263428 11.99343395 83 61 64
246130.60766602 3357721.80059814 11.52935219 138 129 120
246130.82946777 3357721.16979980 11.66481781 110 110 108
246131.21386719 3357721.54815674 11.86474991 85 86 81
246126.51354980 3357721.39916992 11.89341259 76 77 79
246119.83544922 3357721.55493164 11.92624664 112 111 106
246129.59497070 3357721.58850098 11.54689884 112 111 106
246126.64172363 3357721.70678711 11.72512150 131 131 131
246123.46179199 3357721.09082031 11.59481430 131 133 128
246134.07495117 3357720.96191406 11.58909225 158 141 123
246125.86279297 3357722.01251221 11.53124714 130 130 130
246133.10717773 3357721.46960449 11.75055599 69 59 58
246123.55834961 3357720.99554443 11.63936996 116 120 119
246132.21887207 3357721.67675781 11.97518253 144 133 129
246125.98107910 3357720.77478027 11.55599499 81 83 82
246122.07739258 3357721.20196533 12.10251617 123 126 131
246120.47558594 3357721.24847412 11.54978180 85 85 85
246122.10290527 3357720.83319092 11.81876945 120 128 131
246122.90246582 3357721.87353516 12.02238464 132 133 128
246134.82092285 3357721.89086914 11.80953503 199 195 192
246133.49584961 3357721.29486084 11.88588905 164 159 153
246130.98876953 3357721.37353516 11.76441288 127 128 130
246134.91674805 3357721.73394775 12.00752354 65 51 51
246125.06372070 3357721.04315186 12.29076767 39 50 52
246123.20495605 3357721.49829102 11.66107845 108 110 109
246132.66674805 3357721.65740967 11.58559895 149 130 115
246132.14477539 3357720.60449219 11.78283024 40 39 37
246120.15869141 3357721.32171631 11.71640110 56 58 57
246135.21191406 3357721.81262207 11.75411415 59 57 58
246118.32727051 3357720.71032715 11.77155972 20 22 21
246129.22814941 3357721.18170166 11.83165073 118 118 118
246123.49768066 3357721.02081299 11.64371014 124 129 125
246123.92187500 3357721.72583008 11.52363205 142 143 137
246128.84130859 3357720.80822754 11.82915878 19 21 20
246122.45263672 3357721.28796387 11.70405483 76 76 76
246132.09960938 3357720.92626953 11.85123348 127 122 119
246123.59350586 3357722.03497314 11.55933666 136 136 136
246127.64050293 3357720.78155518 11.76741600 71 73 72
246127.69531250 3357720.51232910 11.69651985 56 57 59
246133.46533203 3357721.50854492 11.61701870 175 159 144
246120.10778809 3357721.61267090 11.61999416 56 55 53
246122.17895508 3357720.87084961 12.11287785 92 97 103
246132.31091309 3357721.91857910 11.66396427 200 189 169
246123.18847656 3357721.95117188 11.93619251 126 128 127
246135.10534668 3357721.58917236 11.99248028 27 26 24
246122.10009766 3357721.31896973 11.92768860 143 144 148
246131.19824219 3357720.73840332 11.66484928 99 105 103
246127.30163574 3357721.05163574 11.91837788 95 97 96
246122.04504395 3357721.97613525 11.99270725 124 126 121
246122.24096680 3357721.72595215 11.96256161 123 124 128
246130.74816895 3357721.70916748 11.52700901 117 113 102
246130.90710449 3357721.75762939 11.58428097 102 98 89
246130.69067383 3357721.61322021 11.51161861 123 119 110
246125.10205078 3357720.71832275 12.16972923 110 129 127
246120.23327637 3357721.88812256 11.53556538 96 95 93
246124.83020020 3357721.25390625 12.03354740 21 30 39
246126.39807129 3357720.76477051 11.65667439 65 69 72
246131.23327637 3357720.81164551 11.71429539 100 109 108
246134.75512695 3357720.51165771 11.74979591 167 159 146
246127.12207031 3357720.76348877 12.13885117 24 28 29
246123.36718750 3357720.83453369 12.11942482 77 87 96
246130.21118164 3357720.89947510 11.56711578 48 50 49
246125.84643555 3357721.12524414 11.56762886 92 96 97
246119.03479004 3357720.68249512 11.64209461 42 42 42
246128.31250000 3357721.07446289 11.56363869 126 125 120
246131.93212891 3357720.98748779 11.78584671 118 111 103
246132.51464844 3357721.91607666 11.60115719 174 163 141
246133.68640137 3357720.91986084 11.94055557 117 106 102
246132.97180176 3357720.56518555 12.11558342 107 89 85
246125.25634766 3357720.93103027 12.08426857 99 105 105
246132.99621582 3357720.48632813 12.00792122 138 84 82
246125.05786133 3357721.53546143 11.95047188 92 85 77
246122.31591797 3357721.22369385 11.71398258 86 86 86
246133.99645996 3357720.73309326 11.54426479 187 165 141
246119.87121582 3357721.80786133 11.77609253 56 57 59
246128.23596191 3357721.20666504 11.55132389 151 148 143
246130.90209961 3357721.51599121 11.63474846 129 128 123
246124.85559082 3357721.94635010 11.89269161 108 108 108
246129.12426758 3357720.93121338 11.58159256 42 44 43
246131.00366211 3357721.93359375 11.55377007 179 167 153
246134.55822754 3357721.39746094 11.98231411 110 92 92
246124.29882813 3357721.07843018 11.63397312 84 86 85
246124.59411621 3357720.70178223 11.68999863 85 89 90
246132.15625000 3357721.62695313 11.95204067 243 238 242
246117.01025391 3357720.79431152 11.59709167 66 66 66
246120.38269043 3357721.08245850 11.57114983 59 61 60
246131.40344238 3357720.98663330 11.92510033 76 82 82
246127.55773926 3357721.96545410 11.56797981 137 133 122
246125.94799805 3357720.60485840 11.59989738 65 66 68
246131.55895996 3357721.72528076 11.58475876 133 111 97
246128.94787598 3357720.77087402 11.56628513 68 70 67
246119.08666992 3357720.62908936 11.69001579 45 46 48
246124.56225586 3357721.83959961 12.12565231 84 93 90
246132.83483887 3357721.14013672 11.99144459 219 181 168
246133.09057617 3357720.51934814 12.18101883 56 51 48
246135.06005859 3357721.19726563 12.04636574 74 74 74
246122.10412598 3357721.86035156 12.15141773 122 124 123
246131.50952148 3357720.59375000 11.83485413 152 163 167
246134.45056152 3357720.99725342 11.76771641 181 173 160
246130.18994141 3357721.23602295 12.26550198 185 185 185
246121.75158691 3357721.69519043 11.83876038 54 63 62
246119.87915039 3357720.82897949 11.79851055 63 65 64
246131.50292969 3357720.78002930 12.06008053 123 127 128
246133.69470215 3357721.07421875 11.86603737 172 165 159
246130.17773438 3357721.43603516 12.09527493 100 99 97
246124.08984375 3357721.91198730 11.52375412 148 145 140
246134.51123047 3357720.54272461 11.62802982 104 90 77
246126.37145996 3357720.23034668 11.76259899 32 43 29
246134.74340820 3357721.70019531 11.90234852 157 161 162
246128.93127441 3357721.29211426 12.22688198 49 47 50
246129.73498535 3357721.49487305 11.65633202 101 101 99
246122.16174316 3357721.00720215 12.24105358 78 87 96
246133.22216797 3357721.83990479 11.63618851 172 162 150
246120.82250977 3357721.97381592 11.54686356 110 110 110
246130.11218262 3357721.51525879 11.93199253 107 105 106
246124.54064941 3357721.39337158 11.79606628 112 120 122
246128.64221191 3357721.61871338 11.78459930 116 101 96
246120.38842773 3357721.07568359 11.56747818 59 61 60
246127.51892090 3357721.01770020 11.79664516 95 95 93
246125.63647461 3357721.98522949 11.54932594 126 128 127
246123.31457520 3357720.49176025 11.61345100 49 60 52
246133.08459473 3357720.47979736 12.07345676 51 32 26
246119.95214844 3357721.41693115 11.84246254 43 43 41
246134.25195313 3357721.45544434 11.77442265 186 183 178
246125.68664551 3357720.90838623 11.63323212 83 87 86
246123.18896484 3357720.39031982 11.70252037 62 78 65
246122.70764160 3357721.62689209 11.94902420 52 57 60
246134.64550781 3357721.69787598 11.85785389 101 98 91
246123.27197266 3357721.15167236 12.19470119 78 82 83
246122.93298340 3357720.99859619 11.69395351 72 74 73
246131.60827637 3357720.93572998 11.97505093 132 127 133
246124.57006836 3357722.02795410 12.03743553 115 116 108
246121.80615234 3357721.07348633 11.88582516 101 101 99
246128.67883301 3357720.74768066 11.83641052 88 90 89
246126.97570801 3357721.50256348 11.84815979 90 90 88
246127.30676270 3357720.58654785 11.81901646 11 15 14
246131.45837402 3357721.16229248 11.89412498 81 78 73
246120.61059570 3357720.54473877 11.67417336 40 45 41
246125.44396973 3357721.18298340 11.65347481 77 77 79
246127.73645020 3357722.00610352 11.52130699 154 147 131
246129.13317871 3357721.15313721 12.01264668 40 42 39
246123.32397461 3357721.06158447 12.31669235 127 134 144
246125.45410156 3357720.41821289 11.76555443 73 83 75
246120.15515137 3357721.50555420 11.60454178 61 61 61
246133.76977539 3357721.94110107 11.55374813 185 169 153
246131.83593750 3357720.57611084 12.01883221 64 61 56
246124.78479004 3357720.79364014 11.93227863 64 69 63
246125.10839844 3357721.42077637 11.95532703 15 15 13
246129.72949219 3357721.61254883 11.76681805 143 143 143
246127.05249023 3357721.45947266 11.83768082 103 104 99
246132.77294922 3357720.94158936 11.87343693 193 194 189
246130.46862793 3357721.89727783 11.53714180 149 140 133
246133.98840332 3357721.13006592 11.60250568 189 177 165
246131.18603516 3357721.27404785 12.02746391 192 193 197
246129.27355957 3357721.59539795 11.60925198 111 102 95
246116.71215820 3357721.23303223 11.57889366 32 34 31
246127.86145020 3357721.56536865 11.54858112 146 137 128
246123.81823730 3357721.94989014 11.53375149 146 145 140
246135.04150391 3357720.36816406 11.66816139 105 101 90
246118.31433105 3357720.67584229 11.91524220 20 21 23
246134.56896973 3357721.39245605 11.98361778 120 102 100
246120.31274414 3357722.03454590 11.53157234 119 119 117
246123.44299316 3357720.85137939 12.32728577 61 78 94
246131.54016113 3357720.57952881 11.84196091 152 163 167
246133.61718750 3357720.64617920 11.93622112 199 181 177
246123.85119629 3357720.21118164 11.80443859 15 38 10
246132.26623535 3357721.28302002 12.03347969 168 161 153
246129.51330566 3357721.82073975 11.60156536 137 132 126
246134.34692383 3357721.10577393 11.71904659 138 135 120
246130.29553223 3357720.76403809 11.51320839 99 99 99
246125.75036621 3357721.83898926 11.54093838 118 118 120
246121.28051758 3357721.73211670 11.52665138 105 107 104
246120.20825195 3357721.45471191 11.59341431 62 62 60
246124.88452148 3357720.55590820 11.83570004 64 70 68
246128.72949219 3357721.16333008 11.90113354 79 81 80
246132.97656250 3357721.11535645 12.02073860 154 106 86
246130.54296875 3357721.21221924 11.91262913 104 103 99
246118.25964355 3357720.65795898 11.89616966 35 36 38
246126.33837891 3357721.17022705 11.71468163 87 91 92
246130.59143066 3357720.73626709 11.53965569 99 101 100
246134.15197754 3357720.72265625 11.53239441 204 182 158
246129.25646973 3357721.78057861 11.50199509 134 131 124
246127.11083984 3357721.30426025 11.83586407 91 91 89
246126.92944336 3357721.56866455 11.82269001 84 83 78
246123.49426270 3357720.98071289 12.20455456 70 83 92
246131.20373535 3357721.86676025 11.58977699 112 104 91
246124.68823242 3357721.49487305 11.97429943 167 182 187
246132.80737305 3357721.28369141 12.00018883 166 121 102
246135.03283691 3357720.53796387 11.74618244 85 77 66
246128.96972656 3357721.59576416 12.07929802 126 122 119
246128.44006348 3357721.67388916 11.58425426 89 89 87
246134.43212891 3357720.46295166 11.59965324 143 121 107
246131.68688965 3357721.33093262 11.62072468 136 135 133
246128.48388672 3357720.86047363 11.69625854 102 103 97
246134.46606445 3357720.39837646 11.61520481 147 129 115
246134.75524902 3357721.34155273 11.94554615 117 113 114
246126.25659180 3357720.34191895 11.69570637 66 75 72
246130.09692383 3357721.38708496 12.29671574 190 189 185
246122.56066895 3357722.02148438 11.79096699 152 149 142
246134.03271484 3357720.53900146 11.58554935 211 186 164
246124.22338867 3357720.99456787 11.59765911 102 104 103
246123.50000000 3357720.70660400 11.69945717 59 63 62
246121.96154785 3357722.03302002 11.80666351 138 138 136
246132.51672363 3357720.66888428 12.08222771 74 70 69
246132.44873047 3357720.80993652 12.18886757 40 35 32
246123.22705078 3357721.19702148 11.83197689 122 124 123
246126.00292969 3357720.87921143 11.53844833 130 130 130
246123.30273438 3357721.32720947 11.56398296 151 148 141
246128.78308105 3357721.08715820 11.99811363 133 135 134
246122.19506836 3357721.21203613 11.87679768 179 178 183
246117.91906738 3357720.72857666 11.64733028 29 29 31
246127.06787109 3357721.26226807 11.85315037 83 85 82
246124.83532715 3357722.03723145 11.80045795 135 134 130
246126.09350586 3357720.59521484 11.60719490 58 62 63
246123.91748047 3357720.22204590 11.78617191 20 45 16
246133.51306152 3357721.49822998 11.77530098 156 147 140
246129.42370605 3357720.81091309 11.53749752 95 96 91
246132.99328613 3357720.64721680 12.22006702 166 151 148
246122.18823242 3357721.53381348 12.06105900 139 142 147
246129.10168457 3357721.43090820 12.12000179 97 97 97
246122.03784180 3357720.91314697 12.07439899 129 132 137
246122.26672363 3357720.57623291 11.67083454 69 73 72
246134.52294922 3357720.98864746 11.93556404 193 189 186
246132.96838379 3357721.12481689 12.04018497 180 122 98
246119.38525391 3357720.65887451 11.67045021 22 24 23
246122.73559570 3357721.19470215 11.72445583 90 92 91
246118.52429199 3357720.66125488 11.89326286 55 56 58
246119.42553711 3357721.25335693 11.61418438 95 94 89
246126.52014160 3357721.04101563 11.76051044 80 84 87
246128.59802246 3357720.77551270 11.78930855 83 84 79
246125.54174805 3357720.76605225 11.69562435 55 55 53
246129.18237305 3357721.88720703 11.48289967 148 144 133
246119.59338379 3357720.75677490 11.67472267 95 99 100
246128.71032715 3357721.40368652 11.96766663 185 189 190
246135.34997559 3357721.78430176 11.74424458 100 97 90
246124.26440430 3357721.96997070 11.54077053 135 130 124
246122.04931641 3357720.79949951 11.65212250 133 137 138
246133.04150391 3357720.46246338 11.93461895 146 92 90
246131.71093750 3357721.12048340 11.71398449 67 67 59
246131.83349609 3357721.12158203 11.67122746 122 122 114
246133.17541504 3357720.88745117 11.81132126 49 42 34
246129.07116699 3357720.74127197 11.52868366 83 83 83
246125.16845703 3357721.14337158 11.83428860 47 48 52
246120.05920410 3357721.20471191 11.90229797 122 104 104
246125.93676758 3357720.62872314 11.59321499 65 66 68
246135.11169434 3357720.86871338 12.32409668 43 39 40
246124.69982910 3357721.55316162 12.27659512 118 134 149
246119.28625488 3357720.71472168 11.63570118 60 60 62
246128.72485352 3357721.27935791 11.94276047 32 32 30
246124.56152344 3357721.96484375 12.13148499 80 89 84
246132.34033203 3357721.49389648 11.99154758 75 62 53
246122.88354492 3357721.23925781 11.90154362 89 90 92
246126.08496094 3357721.80920410 11.66071320 130 129 125
246117.26757813 3357720.89459229 11.54530048 109 109 107
246125.06884766 3357721.29760742 12.30713558 74 80 80
246122.17346191 3357721.32727051 11.82676888 198 202 205
246122.39147949 3357720.69323730 11.71568584 107 109 106
246120.14318848 3357721.80560303 11.54422092 82 81 79
246132.24621582 3357721.11029053 11.88681698 59 55 54
246135.21899414 3357720.67578125 11.91534519 72 77 83
246132.60327148 3357721.31787109 11.79478741 135 131 122
246123.20605469 3357721.69561768 11.76247692 73 77 78
246120.00744629 3357720.91723633 11.91981411 81 69 69
246120.05529785 3357721.38171387 11.76117325 50 51 53
246119.11914063 3357720.68859863 11.64534950 47 47 49
246124.18286133 3357721.01336670 11.59057999 99 104 100
246129.91943359 3357721.82012939 11.74507236 98 93 89
246128.99108887 3357720.97302246 11.98432827 104 106 103
246133.72509766 3357721.26574707 11.76491928 215 198 188
246129.86914063 3357721.71051025 12.15807629 185 180 177
246130.45837402 3357721.84765625 11.54362774 141 132 127
246127.38671875 3357720.67364502 11.94842529 34 36 35
246123.39208984 3357722.02270508 11.60222912 125 127 126
246132.98107910 3357720.78918457 12.19930744 48 27 32
246134.64892578 3357721.67437744 11.87077236 101 98 91
246126.76391602 3357720.92974854 11.81270790 66 70 73
246133.38964844 3357720.54522705 11.66119671 127 107 96
246122.25036621 3357721.73223877 12.12321949 89 91 90
246128.18005371 3357721.52081299 11.50601006 140 137 130
246134.58850098 3357721.06433105 12.17761707 208 195 202
246119.78100586 3357720.85986328 11.73780441 54 56 53
246125.88452148 3357720.98333740 11.55357170 86 92 92
246126.99194336 3357721.35351563 11.87012291 69 69 69
246131.12841797 3357721.17742920 11.85084248 222 226 229
246118.64587402 3357720.83666992 11.54372215 70 70 70
246125.10778809 3357721.92114258 11.67515278 76 76 74
246133.32751465 3357721.65765381 11.58283138 128 116 104
246131.15087891 3357721.30090332 12.01417351 215 216 220
246130.00024414 3357721.43884277 12.17627144 88 89 91
246134.30749512 3357720.33337402 11.61908150 178 162 146
246134.14135742 3357720.74255371 11.53088379 204 182 158
246120.33728027 3357721.37689209 11.58817101 65 64 62
246122.81823730 3357721.63702393 11.96773815 116 118 115
246134.46203613 3357721.30328369 12.02021980 217 208 209
246130.02111816 3357720.94305420 11.62707996 32 32 32
246123.37451172 3357720.60742188 11.60262871 66 71 67
246131.45434570 3357720.66107178 11.80787373 129 139 140
246134.58361816 3357720.81756592 11.90781307 148 145 136
246129.84082031 3357721.74542236 12.11618805 203 198 195
246130.21984863 3357721.41052246 12.08552361 90 89 87
246123.33679199 3357720.89349365 12.27542877 91 104 120
246131.88989258 3357720.85034180 11.90079212 111 102 97
246118.82775879 3357720.83605957 11.57157898 74 74 76
246134.38085938 3357721.09368896 11.74265194 102 99 84
246128.56750488 3357721.39831543 11.73259544 100 107 115
246123.38024902 3357721.42810059 11.56362534 123 122 117
246130.05480957 3357720.92272949 11.60422611 30 30 30
246132.91467285 3357720.76885986 12.07293797 123 111 113
246132.98022461 3357721.67382813 11.76513767 124 110 99
246124.37109375 3357721.02496338 11.65814972 88 92 91
246134.60754395 3357720.33575439 11.60001373 122 114 103
246134.75439453 3357720.84106445 12.31427670 113 105 103
246119.95446777 3357720.98211670 11.92492294 92 80 80
246123.48950195 3357720.85864258 12.01045990 95 103 105
246127.23327637 3357721.31384277 11.80480862 93 92 90
246120.14306641 3357721.76104736 11.55861187 78 77 75
246120.18798828 3357721.44342041 11.61259460 76 76 76
246129.96398926 3357721.78509521 11.71421051 94 89 86
246122.45300293 3357721.60070801 11.75319195 99 101 100
246133.06005859 3357721.54156494 11.77227497 79 64 59
246119.20129395 3357720.76354980 11.59309578 92 92 92
246132.85070801 3357720.53991699 11.74728870 163 107 80
246132.42321777 3357721.73583984 11.67346859 127 111 88
246125.93847656 3357721.97003174 11.52543068 132 132 132
246124.58837891 3357722.07366943 11.88968277 147 144 137
246133.62329102 3357721.27923584 12.08409595 94 91 84
246132.00854492 3357720.62890625 11.80661869 65 66 61
246133.28417969 3357721.84790039 11.62408638 177 167 155
246122.77539063 3357720.54003906 11.63581276 34 41 34
246125.34191895 3357720.89910889 11.80534363 72 71 66
246134.90478516 3357720.41162109 11.68938828 170 163 147
246125.02685547 3357721.50695801 12.27409935 173 165 162
246125.10119629 3357720.61395264 11.92799377 56 70 71
246119.52136230 3357721.11560059 11.65105534 158 158 158
246134.98278809 3357721.24047852 12.01647663 64 64 62
246131.62670898 3357720.82452393 12.32032490 117 113 110
246130.26208496 3357721.36645508 12.19091892 87 87 85
246133.27587891 3357721.19995117 11.67419720 112 99 83
246128.85400391 3357721.27386475 12.17135334 125 125 127
246131.36022949 3357721.68981934 11.64505482 172 166 154
246135.08142090 3357720.97998047 12.28591156 114 112 115
246134.60144043 3357720.96899414 12.25351810 201 192 197
246119.84167480 3357721.79370117 11.84362698 47 48 50
246133.14721680 3357720.41558838 11.63137245 64 46 32
246125.47277832 3357720.69384766 11.75503540 42 44 39
246125.30358887 3357720.48925781 11.81260967 47 58 52
246123.08105469 3357721.62530518 11.96642113 40 45 48
246135.09692383 3357721.18731689 12.07321930 110 110 110
246126.30615234 3357721.62481689 11.85522842 109 109 107
246118.37182617 3357720.65447998 11.98899078 18 20 19
246126.67114258 3357721.02850342 11.80414009 56 61 65
246133.33593750 3357721.49243164 11.52914333 151 137 124
246130.69189453 3357721.51824951 11.54309082 129 125 116
246117.91943359 3357720.71337891 11.65933228 29 29 31
246126.33911133 3357721.60369873 11.85616016 107 107 107
246121.75732422 3357721.96282959 11.65201283 118 120 117
246131.07348633 3357721.84906006 11.58821011 106 97 88
246134.13208008 3357720.84448242 11.54030323 176 160 137
246126.24682617 3357721.87066650 11.63516331 148 147 143
246130.38195801 3357721.01586914 11.65962505 96 98 95
246125.08239746 3357721.48986816 11.95041656 47 43 40
246124.57812500 3357722.14843750 12.07878113 152 149 140
246131.65917969 3357721.36242676 11.61747169 166 164 165
246132.35620117 3357720.77801514 12.19022751 129 120 121
246119.38000488 3357721.26727295 11.59937572 97 97 89
246116.35180664 3357721.45404053 11.60245609 131 130 125
246133.76159668 3357721.63970947 11.74160099 118 113 109
246135.23730469 3357721.58215332 11.88622475 50 51 53
246134.12829590 3357721.49810791 11.54930878 143 129 116
246124.64099121 3357720.41381836 11.70039272 55 68 61
246129.89184570 3357721.51062012 11.99204254 184 185 189
246133.71435547 3357721.70733643 11.70213032 143 134 125
246132.32604980 3357721.32568359 12.01824284 105 88 81
246133.66333008 3357720.45281982 11.79498386 167 154 146
246124.56311035 3357721.93035889 12.25332737 171 180 175
246124.34899902 3357721.78033447 11.59634972 108 109 104
246131.26391602 3357721.65765381 11.69653893 70 64 52
246131.01721191 3357721.59027100 11.85445595 110 110 102
246127.92785645 3357721.49755859 11.56151581 135 128 120
246125.85217285 3357720.86724854 11.57261658 96 100 99
246131.77514648 3357720.89556885 11.89636898 98 89 84
246123.45471191 3357720.75463867 11.80654144 85 89 90
246132.24023438 3357720.68920898 11.90028095 250 245 249
246124.86755371 3357720.83813477 12.06650639 39 42 49
246122.28991699 3357720.82531738 11.99648094 123 127 126
246128.84594727 3357720.84735107 11.92201805 34 36 35
246122.45812988 3357720.66296387 11.66322231 73 75 70
246121.75793457 3357721.28930664 11.94333744 79 81 80
246133.36108398 3357720.55615234 11.65191364 113 95 83
246122.25781250 3357721.68328857 12.08470535 90 91 93
246133.82495117 3357721.55462646 11.63202667 163 154 145
246133.81127930 3357721.48663330 11.63199139 187 178 171
246120.61108398 3357720.49249268 11.71455956 60 72 58
246121.61401367 3357721.21704102 11.79030895 92 94 93
246133.55810547 3357721.55133057 12.16687393 168 166 167
246133.74291992 3357720.38989258 11.77803516 164 152 140
246132.48803711 3357720.75158691 12.19204712 22 18 15
246124.83789063 3357721.90667725 12.28679276 91 99 101
246132.28747559 3357721.83679199 11.73406887 176 161 140
246127.21252441 3357720.92706299 12.02490425 10 14 15
246134.23791504 3357721.28204346 11.66606712 177 164 155
246125.41784668 3357721.83575439 11.57561111 102 104 103
246128.89233398 3357720.90509033 11.98977757 43 45 42
246122.25988770 3357720.80102539 11.94303036 177 181 184
246128.74584961 3357720.80517578 11.90218163 110 112 111
246131.22265625 3357721.44274902 12.00704384 182 178 175
246131.56103516 3357720.93701172 12.08088303 137 135 138
246125.44677734 3357720.81701660 11.77053642 46 47 42
246134.87194824 3357721.44903564 12.01475334 191 192 196
246126.10510254 3357720.42736816 11.65411854 45 51 49
246133.90380859 3357720.90838623 11.74857903 112 98 87
246132.05847168 3357721.75830078 11.63255405 157 147 137
246126.69372559 3357721.72125244 11.71968269 132 131 129
246121.57946777 3357721.94165039 11.58380032 117 123 121
246129.66735840 3357721.66766357 11.70618439 122 121 117
246121.40515137 3357722.04443359 11.53985596 116 118 117
246130.76867676 3357721.16821289 11.66556263 108 108 106
246124.92150879 3357720.95446777 12.16963005 39 39 47
246131.75378418 3357720.80102539 12.19049835 124 109 102
246134.42333984 3357721.47760010 11.95447731 171 157 154
246123.07116699 3357721.07586670 11.97489357 97 97 97
246130.53881836 3357721.81488037 11.54370403 136 127 118
246133.13220215 3357721.30816650 11.74536896 101 90 84
246128.21643066 3357721.12847900 11.57301426 132 129 122
246133.05139160 3357721.57403564 11.76722717 89 72 65
246129.31579590 3357721.48516846 11.63310432 99 98 93
246122.93994141 3357721.00012207 11.71905613 72 74 73
246135.12500000 3357721.72058105 11.86081696 53 53 51
246132.20874023 3357721.37719727 12.04481220 205 190 187
246122.40332031 3357720.90283203 11.93281651 121 123 122
246116.54650879 3357720.76055908 11.60417938 45 46 48
246127.45507813 3357721.99560547 11.59452343 159 155 144
246123.47534180 3357720.76837158 11.86362362 49 53 56
246124.86010742 3357722.03936768 12.24490929 124 126 123
246130.03002930 3357721.58410645 11.86473274 87 87 87
246122.33203125 3357720.81250000 11.98327446 94 96 95
246131.46337891 3357720.75103760 11.85044861 134 142 144
246132.00268555 3357721.10180664 11.73371029 143 139 136
246122.46459961 3357721.35089111 11.68008518 87 87 87
246134.23486328 3357721.81750488 11.61759949 121 104 94
246124.27294922 3357721.44720459 11.65783215 98 102 105
246120.38476563 3357720.89703369 11.56762218 51 55 54
246123.32470703 3357721.48028564 11.59324837 131 130 125
246122.82617188 3357721.79602051 12.00126457 115 115 113
246131.27758789 3357721.14233398 11.95927525 216 221 224
246119.36230469 3357720.93750000 11.60151100 98 100 95
246134.93322754 3357720.60137939 11.87585258 98 91 81
246131.21948242 3357720.76043701 11.68594265 99 105 103
246134.98352051 3357721.09985352 12.16783714 69 63 65
246125.48901367 3357720.44830322 11.74572849 51 60 55
246125.18457031 3357720.98431396 12.36695004 133 144 146
246131.65026855 3357720.88006592 12.10553360 94 89 86
246118.22863770 3357720.67047119 11.83331776 43 44 46
246128.37805176 3357721.28405762 11.52158833 148 145 138
246119.83984375 3357721.34484863 11.84445286 146 144 132
246119.88366699 3357720.54223633 11.74231434 45 54 51
246125.10363770 3357721.10296631 12.30714798 37 42 45
246131.76989746 3357720.54284668 11.87163925 66 66 64
246130.05456543 3357720.67999268 11.55595589 86 90 91
246126.31433105 3357721.19268799 11.71133804 94 98 99
246125.28186035 3357720.59326172 11.84354782 131 141 140
246130.46044922 3357721.39068604 11.81652260 117 113 110
246128.71203613 3357720.76635742 11.85490608 102 104 103
246133.45764160 3357721.41906738 11.62720585 188 173 154
246124.67187500 3357720.93249512 11.78664780 78 83 79
246123.50927734 3357720.68542480 11.64389992 66 71 67
246126.72558594 3357721.33898926 11.96650219 45 46 51
246123.02368164 3357721.41369629 11.89918327 92 96 97
246123.34326172 3357720.87908936 12.32234383 74 90 106
246123.88037109 3357720.52050781 11.60554600 46 48 45
246126.27502441 3357721.80798340 11.69547749 139 138 134
246129.23083496 3357721.68133545 11.54700375 116 112 103
246122.69885254 3357721.84259033 11.95071602 52 52 50
246133.95080566 3357720.94775391 11.67773724 111 95 82
246132.49035645 3357721.20269775 11.83629990 75 68 62
246134.10424805 3357720.91485596 11.57203770 200 183 163
246122.80310059 3357721.07385254 11.61494446 99 103 106
246133.83300781 3357720.63623047 11.81229782 209 188 167
246129.58190918 3357720.66448975 11.56757832 92 93 88
246131.92431641 3357721.66259766 11.57698822 156 141 134
246135.07690430 3357721.19726563 12.05193520 91 91 89
246130.96191406 3357721.64025879 11.68834209 227 224 219
246124.69995117 3357721.84680176 12.34714794 71 86 93
246130.35375977 3357720.98431396 11.61350250 86 88 85
246123.30273438 3357720.47808838 11.62471867 49 60 52
246132.58312988 3357721.49554443 11.67427731 180 163 143
246126.32958984 3357720.21801758 11.78164768 31 42 28
246134.68164063 3357721.34619141 11.95809269 95 87 85
246126.31750488 3357720.26928711 11.73927307 49 59 50
246122.18151855 3357721.43243408 11.69885063 94 98 99
246126.52355957 3357721.76269531 11.67253304 134 133 129
246128.52648926 3357721.28973389 11.61760044 78 79 81
246125.80029297 3357721.85205078 11.53691959 115 115 115
246129.88330078 3357721.13476563 11.76554680 107 107 107
246128.21496582 3357721.88043213 11.49926853 193 177 152
246126.71484375 3357721.74212646 11.71646881 133 132 128
246131.07458496 3357720.95019531 11.67894554 106 112 112
246135.06884766 3357721.56689453 12.03504562 31 26 23
246121.59265137 3357721.13427734 11.75278378 91 93 90
246131.64929199 3357721.24114990 11.68380547 59 60 55
246124.22546387 3357721.57476807 11.62590981 162 166 165
246125.22644043 3357720.77313232 12.18247700 83 99 96
246119.99291992 3357721.42919922 11.80246353 36 38 37
246132.63281250 3357720.44250488 11.67192745 145 138 109
246133.74584961 3357721.68841553 11.71057415 123 114 105
246130.50329590 3357720.94512939 11.59906578 59 61 58
246123.80358887 3357720.45196533 11.64028168 69 81 71
246131.93115234 3357721.24084473 11.61180210 133 129 118
246124.81250000 3357722.00708008 12.03005028 140 142 141
246132.62487793 3357720.85845947 11.88913631 71 70 66
246119.83374023 3357720.70825195 11.73689938 63 63 63
246128.65698242 3357721.68988037 11.74665070 90 80 79
246133.63281250 3357721.08477783 11.87928104 126 119 111
246124.33349609 3357721.32318115 11.68657970 135 143 145
246129.23278809 3357721.77545166 11.50906754 134 131 124
246131.58264160 3357720.75317383 12.25306797 115 110 107
246135.11596680 3357721.21301270 12.06089783 68 68 66
246124.96679688 3357721.67645264 12.10440826 136 117 110
246131.22412109 3357721.23114014 12.01901817 181 185 186
246122.14599609 3357721.10754395 12.15880203 51 58 68
246130.38171387 3357721.23687744 12.09022427 122 122 124
246133.54199219 3357721.49829102 12.12384796 148 146 147
246120.16540527 3357721.75506592 11.54886723 78 77 75
246124.62915039 3357721.71185303 12.26564121 163 172 179
246123.32922363 3357721.13110352 11.84331512 126 128 127
246124.64904785 3357721.47497559 11.86573601 73 74 76
246122.11987305 3357721.09973145 12.19687939 38 45 55
246133.55334473 3357720.68572998 11.93207264 162 147 140
246134.00830078 3357721.88317871 11.55865288 208 189 172
246130.39440918 3357721.46710205 11.73461437 113 109 108
246134.99304199 3357720.40466309 11.69114399 161 153 140
246130.41711426 3357721.00561523 11.62165356 91 93 92
246122.16284180 3357721.84967041 12.12321091 126 128 127
246124.57934570 3357720.76318359 11.70052242 82 88 84
246119.38830566 3357720.90209961 11.60867786 93 95 92
246131.56054688 3357721.45611572 11.62102032 98 97 95
246117.11462402 3357720.78173828 11.58679771 61 61 61
246134.63391113 3357721.27380371 12.01135826 85 69 69
246131.42492676 3357721.26818848 11.86233139 112 110 111
246131.16845703 3357721.58728027 11.93039417 99 98 94
246133.42663574 3357720.42663574 11.67348385 200 179 160
246135.17187500 3357721.50018311 11.97876930 57 57 59
246127.50830078 3357720.76037598 11.84923172 55 59 58
246125.28344727 3357720.61834717 11.85724545 161 171 170
246134.36364746 3357721.13439941 11.75934601 150 148 135
246123.17260742 3357721.31549072 11.65689754 168 165 160
246130.15002441 3357721.42901611 12.24532318 88 88 88
246123.53991699 3357720.99017334 11.65457153 116 120 119
246129.07348633 3357721.47863770 12.12308407 113 113 111
246122.53649902 3357721.37359619 11.71892262 94 96 95
246129.98571777 3357721.43676758 12.13222408 129 130 134
246131.55688477 3357721.13269043 11.78504467 85 84 80
246134.56103516 3357721.17980957 12.08503246 204 193 199
246124.39526367 3357721.45697021 11.72170162 169 174 180
246134.95886230 3357721.96667480 11.75777721 123 96 85
246127.04980469 3357721.32757568 11.84852219 80 81 76
246132.32238770 3357720.95886230 11.99325562 89 85 84
246130.35327148 3357721.21527100 12.14695072 78 78 76
246125.51220703 3357721.94116211 11.55938911 118 120 119
246122.80053711 3357721.07147217 11.61228752 99 103 106
246129.46325684 3357721.43133545 11.57206154 113 113 111
246123.02453613 3357721.56781006 11.95206833 47 51 52
246121.63183594 3357721.49597168 11.80914783 103 107 108
246123.36303711 3357721.26324463 11.54161358 115 114 109
246123.92431641 3357721.92401123 11.52951336 155 152 147
246125.16625977 3357721.20062256 12.13596249 48 53 56
246134.72973633 3357720.69183350 11.97593594 63 62 58
246130.12548828 3357720.92321777 11.61279392 22 24 23
246125.22595215 3357720.60821533 11.88884544 128 144 143
246132.35876465 3357721.32379150 11.96951389 82 67 60
246128.98071289 3357720.89392090 11.82001781 98 100 99
246130.12194824 3357720.93237305 11.62919044 22 24 23
246121.44152832 3357721.46343994 11.61813354 101 105 106
246132.87634277 3357720.54040527 11.81633186 184 117 100
246116.69226074 3357720.77960205 11.61643314 69 70 72
246133.10498047 3357721.74224854 11.64078999 120 106 95
246129.19543457 3357720.85900879 11.52752304 74 74 74
246121.97009277 3357721.86096191 11.97432137 121 121 119
246119.47241211 3357720.79040527 11.63684464 54 58 57
246119.72363281 3357721.49066162 11.85812569 134 131 126
246134.64160156 3357720.82684326 12.13759232 224 219 225
246131.36767578 3357721.33477783 11.88344955 174 173 171
246133.75329590 3357720.59063721 11.91755581 190 176 163
246125.71618652 3357721.34606934 11.58382511 92 96 97
246124.79125977 3357721.95281982 12.33408546 51 64 70
246129.17980957 3357721.21453857 12.01219654 40 41 36
246124.48571777 3357721.96289063 11.65207958 118 115 106
246129.07775879 3357721.04608154 11.92173100 37 39 36
246126.61437988 3357721.52008057 11.94391060 42 42 44
246130.94885254 3357721.22760010 11.71760464 113 115 114
246119.82849121 3357720.59918213 11.72595692 29 31 28
246118.56860352 3357720.64953613 11.85326195 45 46 48
246132.91235352 3357721.55596924 12.08151054 181 133 119
246131.31604004 3357721.79833984 11.60880280 77 73 64
246122.00280762 3357721.50494385 11.93147850 116 117 119
246125.79528809 3357721.14038086 11.58251667 87 91 92
246126.21203613 3357720.98175049 11.59483528 85 89 90
246131.20446777 3357720.92022705 11.74153233 106 115 114
246128.57873535 3357721.98626709 11.62728310 73 75 72
246122.40588379 3357721.39050293 11.65678596 87 87 87
246133.54577637 3357721.68475342 11.74846935 111 101 91
246127.68310547 3357720.60314941 11.71040535 63 64 66
246128.07922363 3357721.57836914 11.50957012 134 127 117
246125.89855957 3357721.67144775 11.58268452 107 109 108
246134.69079590 3357721.10351563 12.13349056 229 214 221
246124.94592285 3357720.60040283 11.90735245 68 77 74
246127.84582520 3357721.59985352 11.54353428 147 138 129
246122.09179688 3357721.54125977 12.09009552 152 155 162
246132.34826660 3357721.44122314 12.02268982 78 64 53
246120.26953125 3357721.75665283 11.53859901 81 83 80
246128.50854492 3357722.00219727 11.61233807 122 121 116
246132.83752441 3357720.64764404 11.81649017 177 139 116
246135.17480469 3357720.73822021 12.14595222 62 62 62
246131.44982910 3357720.74279785 11.82321167 73 83 84
246128.24243164 3357721.10412598 11.57569408 129 126 119
246119.77587891 3357721.90960693 11.87316513 45 45 43
246132.67712402 3357721.64477539 11.59651661 149 130 115
246128.92199707 3357721.65600586 11.92925453 42 38 29
246129.87915039 3357721.77410889 11.92035007 102 97 94
246129.88793945 3357721.96759033 11.63542461 172 163 156
246129.37316895 3357720.96795654 11.53459549 83 85 82
246126.12524414 3357720.99053955 11.56975651 98 102 103
246132.86718750 3357720.79858398 11.95911598 92 86 90
246124.99523926 3357721.69067383 11.87855434 69 65 62
246131.12597656 3357720.55609131 11.61073685 89 93 94
246123.05261230 3357721.97192383 12.07330418 130 129 127
246132.48083496 3357720.56512451 11.89004230 71 65 65
246125.93310547 3357721.35882568 11.58504963 108 112 113
246133.56323242 3357720.62512207 11.87732506 173 160 151
246132.94946289 3357720.64709473 12.13579559 197 184 178
246128.36804199 3357721.36145020 11.53696537 153 150 145
246134.25390625 3357721.76391602 11.63296509 112 95 87
246133.35412598 3357721.18591309 11.67925262 169 153 137
246122.15234375 3357720.92993164 12.21790028 91 100 109
246132.54663086 3357721.59979248 11.60630703 146 133 116
246132.03076172 3357721.64331055 11.63602829 173 163 151
246130.26123047 3357721.34832764 12.29377460 101 101 101
246121.34814453 3357722.03210449 11.54069614 114 116 113
246131.03540039 3357721.15075684 11.73374844 113 117 116
246131.24279785 3357721.75671387 11.64116764 83 80 71
246129.92285156 3357721.35095215 11.95123863 80 80 80
246133.90979004 3357720.66131592 11.66940784 213 192 165
246133.84301758 3357720.34173584 11.76637077 155 143 127
246122.30590820 3357721.61718750 11.82413197 93 94 96
246119.19750977 3357720.86596680 11.57883739 104 104 104
246134.87268066 3357721.05926514 12.20488739 51 49 52
246119.73803711 3357721.95867920 11.83106422 78 77 73
246133.81201172 3357721.17761230 11.69456482 86 77 70
246131.81457520 3357721.11865234 11.67943573 142 141 136
246127.02221680 3357720.67834473 11.81284809 49 53 52
246125.22521973 3357720.72479248 12.06186390 107 123 120
246133.33129883 3357720.57147217 11.64443970 110 94 81
246125.44885254 3357720.71173096 11.77384472 42 44 39
246133.93273926 3357720.46624756 11.63940430 185 169 144
246119.56298828 3357721.53631592 11.69763088 90 89 84
246128.10803223 3357721.34204102 11.53986931 145 145 135
246134.88537598 3357720.24511719 11.64839745 78 75 68
246132.26916504 3357721.39178467 12.11320591 101 69 58
246123.49841309 3357720.90771484 12.18189144 76 89 97
246134.27563477 3357721.16876221 11.70801353 162 154 141
246133.56396484 3357720.42919922 11.70561409 181 167 154
246119.81445313 3357721.06439209 11.80552864 80 75 71
246133.55102539 3357721.52355957 12.10220432 125 121 120
246129.52136230 3357721.58947754 11.50473022 114 111 106
246132.79431152 3357721.78997803 11.61020851 130 117 101
246129.58032227 3357721.37854004 11.56960487 112 112 110
246126.65270996 3357721.51068115 11.93527794 43 43 45
246133.65637207 3357721.69158936 11.80848312 140 131 124
246130.12390137 3357721.31182861 12.24828148 233 233 235
246120.40856934 3357720.65100098 11.60219097 55 55 53
246133.09594727 3357721.34094238 11.79336071 111 92 85
246131.01306152 3357721.77075195 11.63278484 155 148 140
246123.10852051 3357721.78204346 12.10067272 124 128 127
246132.47998047 3357720.56848145 11.93845081 69 64 61
246123.15209961 3357720.64276123 11.57190990 45 49 48
246131.06884766 3357721.45629883 11.94042301 237 235 236
246116.71740723 3357720.86920166 11.60827446 32 34 33
246124.61010742 3357721.22991943 11.80734444 172 176 179
246132.88781738 3357721.08215332 12.01277733 94 61 52
246130.92126465 3357720.72308350 11.57744694 107 109 106
246122.22167969 3357721.44622803 11.60275555 78 79 81
246134.96752930 3357720.54370117 11.77237701 86 76 64
246120.07666016 3357721.36199951 11.75667000 53 53 55
246133.63708496 3357721.68609619 12.00631428 148 139 132
246129.25524902 3357720.93945313 11.54864502 75 75 73
246127.03137207 3357721.04492188 11.92216587 54 53 58
246125.84973145 3357721.65332031 11.57386494 104 104 104
246130.00305176 3357721.56030273 12.06657982 95 91 90
246132.32263184 3357720.64007568 11.99870777 141 136 133
246135.01647949 3357721.61810303 12.04276848 34 29 26
246120.39929199 3357721.11926270 11.56971836 66 67 69
246128.67309570 3357721.75207520 11.69588661 46 46 46
246130.87304688 3357721.56036377 11.59009075 84 81 74
246127.34533691 3357720.61010742 11.83615017 23 27 28
246130.27087402 3357721.09783936 11.91340160 74 76 73
246117.16540527 3357720.94787598 11.53373432 106 106 104
246126.49682617 3357721.58551025 11.90500927 32 32 32
246135.31958008 3357721.69781494 11.80006218 118 114 111
246128.92614746 3357721.85961914 11.58199978 113 109 106
246123.33154297 3357721.12738037 11.64128971 135 136 130
246124.67919922 3357721.51043701 12.01258469 160 175 180
246133.21496582 3357720.86437988 11.81338596 76 65 59
246124.70495605 3357721.97015381 12.34108067 128 146 146
246125.41650391 3357720.96850586 11.72283649 56 55 53
246129.21118164 3357721.58361816 11.71165371 99 85 76
246123.23266602 3357721.13256836 12.13290119 73 77 78
246123.28515625 3357720.50573730 11.60176659 53 64 58
246130.50097656 3357721.91546631 11.53338528 153 144 135
246132.62780762 3357721.34289551 11.78989220 140 130 120
246128.65490723 3357721.13909912 11.65690994 61 61 63
246124.51501465 3357722.00482178 11.68266678 119 116 107
246126.95971680 3357721.66363525 11.80244255 142 141 136
246131.69006348 3357721.69305420 11.58246994 130 116 105
246120.07543945 3357721.50085449 11.68967438 38 37 42
246133.81250000 3357720.82995605 11.85783768 97 83 70
246126.25561523 3357720.20721436 11.80399227 23 36 19
246128.43029785 3357721.98266602 11.58916569 85 77 66
246125.51464844 3357721.18823242 11.64167500 85 86 88
246135.15478516 3357720.57995605 11.75497723 76 75 73
246135.09924316 3357720.62396240 11.80085945 103 100 95
246121.99035645 3357721.80828857 12.06095314 129 128 126
246122.05664063 3357720.83276367 11.73535061 131 137 137
246130.09094238 3357721.97100830 11.55226135 179 171 160
246133.96044922 3357720.52960205 11.60278797 201 181 157
246133.81140137 3357721.42169189 11.64182472 186 176 167
246129.23632813 3357721.69378662 11.53970432 122 119 112
246131.18347168 3357721.29675293 12.05622673 185 185 187
246132.06018066 3357721.05651855 11.81168175 199 193 195
246126.27209473 3357721.44421387 11.78012562 116 120 119
246133.67773438 3357721.57287598 12.06684589 147 134 128
246128.48535156 3357721.49267578 11.66675663 54 54 52
246134.87939453 3357721.17517090 12.05381298 58 50 48
246133.90686035 3357720.88500977 11.72819901 109 93 78
246122.31359863 3357722.01300049 11.70461464 153 154 149
246124.75537109 3357721.16931152 11.89046764 65 69 68
246126.28381348 3357721.84942627 11.64031982 144 143 139
246121.90917969 3357721.57647705 11.96701431 164 164 166
246132.10644531 3357721.97442627 11.60004044 205 194 176
246123.62121582 3357720.90325928 11.61137009 102 106 107
246131.84814453 3357721.65246582 11.57602978 131 122 113
246134.31628418 3357720.86273193 11.58884430 160 144 129
246129.11791992 3357721.09460449 11.92418385 69 71 68
246130.95214844 3357721.65429688 11.65255451 186 183 176
246132.13989258 3357721.35913086 11.84903049 225 226 231
246133.19287109 3357720.63604736 11.99923038 63 60 55
246129.01098633 3357721.34320068 12.22158909 28 28 28
246122.25036621 3357721.81994629 11.76753807 146 145 143
246131.74865723 3357721.87207031 11.54880047 135 132 117
246133.13427734 3357721.25445557 11.76665783 73 64 55
246128.55004883 3357721.92065430 11.61427307 106 107 102
246117.54895020 3357720.68530273 11.61829758 27 27 27
246122.26123047 3357720.58325195 11.66860867 69 73 72
246132.93444824 3357721.43902588 12.07212448 190 123 97
246132.68249512 3357721.45190430 11.75357723 183 165 151
246121.73461914 3357721.60974121 11.87450695 104 109 112
246132.74975586 3357720.73297119 11.84730244 104 94 85
246129.04833984 3357720.86138916 11.59301090 28 30 29
246119.47619629 3357721.41625977 11.63219261 88 85 80
246123.05883789 3357721.48474121 11.92455959 97 101 104
246128.82446289 3357720.99243164 12.05268478 94 94 92
246116.37707520 3357721.62652588 11.63414001 114 115 110
246122.62670898 3357721.15533447 11.65674686 77 79 78
246126.73291016 3357721.61199951 11.82035351 95 95 93
246125.04577637 3357721.51300049 12.13887882 147 137 135
246131.52197266 3357721.81481934 11.57150936 106 89 79
246118.17297363 3357720.73034668 11.69613743 41 41 43
246119.91723633 3357721.56243896 11.90261173 60 60 60
246125.25317383 3357720.94500732 11.95785618 38 40 37
246133.35339355 3357721.78393555 11.58999729 146 134 122
246128.53833008 3357721.83471680 11.60820007 89 88 84
246134.98095703 3357721.86932373 11.81896496 67 49 45
246125.96582031 3357721.54199219 11.63474846 117 119 118
246133.56494141 3357721.70617676 11.77534962 127 117 107
246124.41210938 3357721.11511230 11.68748951 94 100 98
246134.61035156 3357720.61993408 11.77968407 116 108 97
246134.37194824 3357720.63421631 11.58769989 134 116 102
246124.71008301 3357721.30908203 11.88163280 68 69 71
246131.85656738 3357721.80346680 11.56576824 143 136 128
246119.68359375 3357721.34033203 11.77830410 140 139 134
246132.77233887 3357721.48248291 11.91112614 94 83 79
246134.83227539 3357721.53332520 12.00536346 211 211 219
246120.08630371 3357721.08715820 12.09809971 187 140 146
246118.94555664 3357720.63806152 11.66991234 35 37 36
246122.01696777 3357721.33111572 11.98871040 123 123 123
246122.92297363 3357720.93707275 11.60411549 71 73 72
246129.30187988 3357721.44061279 11.68422318 113 110 105
246131.81420898 3357721.20220947 11.63207531 95 95 85
246130.17395020 3357721.47387695 11.91920471 108 108 106
246134.16638184 3357720.58294678 11.54352188 201 177 151
246122.99267578 3357721.27972412 11.91775894 116 120 121
246132.77575684 3357721.87957764 11.57076359 159 152 134
246129.28955078 3357721.53533936 11.62946033 111 106 100
246133.23559570 3357720.60137939 11.83188915 88 77 71
246127.31713867 3357721.91955566 11.67950821 149 144 138
246130.30920410 3357721.38867188 11.95654964 113 112 110
246133.91271973 3357721.51324463 11.53920650 187 176 170
246129.23950195 3357721.20849609 11.86114407 61 61 59
246134.37634277 3357721.30773926 11.97819042 162 155 149
246127.11657715 3357720.90789795 11.99498940 30 34 35
246124.55139160 3357721.58642578 11.81824398 74 76 75
246131.90136719 3357720.78997803 11.97071743 100 90 80
246134.32861328 3357721.28704834 11.85191345 204 199 196
246123.12646484 3357720.92864990 11.88161755 99 101 100
246121.82641602 3357722.04113770 11.67712593 131 133 130
246125.79260254 3357720.41485596 11.65581417 81 85 86
246129.67163086 3357721.56976318 11.61271286 114 113 109
246131.44201660 3357721.18359375 11.92346859 88 84 81
246133.11340332 3357720.50708008 12.11836910 37 34 29
246123.52807617 3357720.82922363 11.81485081 85 94 91
246135.42712402 3357721.92950439 11.65451622 98 90 79
246123.29138184 3357720.97558594 12.20847225 86 96 105
246122.52038574 3357720.86010742 11.75468731 77 77 75
246126.68395996 3357720.92773438 11.79875469 72 75 80
246124.93249512 3357721.32623291 12.34739780 69 78 85
246135.03063965 3357721.77893066 11.88497543 28 19 14
246124.85351563 3357721.71362305 12.37630653 209 216 222
246118.15380859 3357720.83746338 11.61569881 63 63 65
246132.27343750 3357720.74383545 12.00796795 221 211 212
246122.77355957 3357720.71643066 11.59069061 101 103 98
246130.87951660 3357721.03887939 11.61918926 112 114 113
246134.32519531 3357720.41839600 11.58237171 192 174 154
246124.29846191 3357721.08117676 11.63407993 84 86 85
246125.10656738 3357721.93164063 11.66954708 76 76 74
246124.29699707 3357721.23803711 11.65510464 111 115 116
246127.09362793 3357721.33544922 11.82901669 86 86 84
246125.88354492 3357720.72271729 11.58867836 84 85 87
246125.73046875 3357721.21496582 11.60371590 86 90 93
246124.89965820 3357721.76599121 12.29811287 157 152 149
246119.58312988 3357720.62103271 11.71174717 37 43 41
246126.70861816 3357721.07012939 11.81757355 24 27 32
246131.15344238 3357720.88513184 11.69815731 91 97 97
246122.54431152 3357721.61163330 11.82804203 103 108 111
246128.95837402 3357721.90393066 11.52319050 133 128 124
246119.57104492 3357721.84539795 11.80273628 67 66 64
246122.16003418 3357721.84875488 11.83739853 134 135 130
246123.31665039 3357721.20916748 11.59113407 142 141 136
246123.39038086 3357721.14593506 12.08593845 114 124 125
246126.99963379 3357721.26141357 11.87734032 69 71 70
246134.36975098 3357720.49816895 11.57905674 176 153 135
246122.17895508 3357721.75238037 12.20759869 128 131 136
246117.52441406 3357720.84680176 11.56344032 88 88 86
246124.82580566 3357721.59490967 12.39359188 221 231 240
246123.28808594 3357721.01525879 12.23410988 142 151 160
246127.34069824 3357720.72375488 12.15408325 32 38 38
246128.94226074 3357721.73071289 11.78011036 76 65 59
246129.42700195 3357721.68231201 11.52771282 132 132 124
246132.25598145 3357720.74468994 11.96531868 211 202 205
246135.16943359 3357720.65588379 11.85923290 110 109 114
246132.10339355 3357721.16503906 11.83009624 167 148 150
246124.85241699 3357721.93975830 12.26696873 82 86 87
246128.67321777 3357721.66131592 11.78372669 91 81 79
246121.85864258 3357721.32818604 12.02490520 89 89 89
246118.65502930 3357720.84069824 11.54450226 70 70 70
246122.06811523 3357721.24761963 12.04747963 130 134 137
246131.57458496 3357721.12249756 11.76910591 86 85 80
246130.26452637 3357721.27716064 12.29022598 107 107 105
246132.79797363 3357721.36059570 11.99739361 197 165 154
246130.35913086 3357721.07464600 11.83598900 96 98 97
246126.66333008 3357721.27838135 11.91467571 33 34 39
246130.29968262 3357721.52996826 11.70458031 110 106 103
246123.30981445 3357721.68096924 11.66028976 96 96 94
246118.27038574 3357720.80200195 11.61690140 64 66 65
246119.77026367 3357721.46655273 11.87696552 140 137 130
246119.72167969 3357721.01275635 11.73369122 45 44 40
246123.17004395 3357720.55822754 11.58414078 48 53 49
246131.52307129 3357720.60357666 11.86804962 173 182 187
246119.82287598 3357721.93365479 11.77235889 54 54 52
246125.13671875 3357720.22857666 11.86643887 24 44 17
246125.75000000 3357720.95904541 11.60677528 88 89 91
246120.35644531 3357720.53936768 11.66969585 53 55 50
246119.79003906 3357721.91552734 11.84114170 45 45 43
246128.63586426 3357721.12304688 11.61663914 76 76 76
246120.12548828 3357721.97320557 11.53465652 105 105 103
246133.27502441 3357720.60931396 11.70228958 103 89 80
246132.98730469 3357721.57226563 11.95909977 101 68 53
246131.52539063 3357720.83770752 12.23762226 209 208 206
246126.04809570 3357721.03619385 11.56209946 90 94 95
246135.23632813 3357721.07421875 12.23938942 69 68 66
246129.62365723 3357721.64294434 11.59673214 114 113 109
246117.35937500 3357720.81787109 11.56784534 78 78 76
246123.00659180 3357721.82507324 12.07516956 144 144 142
246119.83850098 3357722.07495117 11.63079071 133 133 131
246130.15515137 3357721.48852539 11.91006660 132 132 130
246132.81042480 3357721.67303467 11.69000435 163 142 123
246126.00500488 3357721.52532959 11.65389347 115 117 116
246122.44921875 3357720.73577881 11.79100037 45 47 44
246127.13989258 3357721.15039063 11.89879513 77 77 77
246128.48474121 3357721.88897705 11.59800529 60 60 52
246126.54064941 3357721.93872070 11.56355572 137 138 132
246132.23229980 3357721.51385498 12.09219551 132 97 93
246127.35144043 3357721.83801270 11.73687172 145 142 137
246126.29541016 3357721.33312988 11.75691700 100 104 105
246132.23083496 3357721.65509033 12.01101971 133 118 111
246122.22692871 3357721.58258057 11.79268932 76 82 82
246123.48645020 3357721.00585938 12.10189342 92 101 106
246127.36718750 3357720.53900146 11.69135380 21 21 19
246133.16870117 3357721.78533936 11.63349628 129 119 107
246133.79650879 3357721.04986572 11.78028011 92 85 79
246134.80651855 3357721.74023438 11.95882511 205 208 215
246132.77551270 3357721.42340088 11.95454597 113 94 87
246128.66772461 3357720.83673096 11.76776981 77 77 75
246132.29675293 3357720.72961426 12.05106354 233 223 224
246123.47656250 3357721.03717041 12.13509655 91 102 108
246129.17883301 3357721.09509277 11.77626896 101 101 101
246132.46081543 3357721.85974121 11.61122513 158 146 124
246130.92407227 3357721.34692383 11.70569324 135 137 136
246133.68896484 3357721.47564697 11.93013096 129 116 108
246124.40625000 3357720.66076660 11.61431026 81 85 84
246131.93383789 3357721.50500488 11.57999706 163 155 142
246128.39550781 3357720.79461670 11.91213417 68 70 69
246129.00817871 3357721.17639160 12.21644592 69 69 69
246129.85766602 3357721.08093262 11.68102264 91 93 92
246132.44433594 3357720.44543457 11.66154099 87 85 72
246123.78015137 3357720.20483398 11.82577419 18 41 15
246132.86877441 3357721.58959961 11.87214565 143 132 130
246126.51757813 3357721.89862061 11.58323288 146 147 141
246128.76074219 3357721.68597412 11.82383442 47 44 39
246128.78063965 3357721.29083252 12.03892708 60 60 58
246134.79748535 3357720.95123291 12.28310204 180 176 177
246134.51135254 3357721.35211182 12.00058651 178 164 164
246124.48486328 3357720.73797607 11.65932178 86 92 88
246123.15856934 3357721.24114990 11.82591820 128 132 133
246131.08654785 3357721.80761719 11.61164474 108 101 93
246122.33288574 3357720.94641113 11.97191238 119 121 120
246125.22900391 3357720.90014648 12.33800602 159 178 174
246126.85461426 3357721.97235107 11.65363693 152 151 146
246135.06701660 3357720.64642334 11.85839176 124 120 119
246131.59460449 3357721.44567871 11.60813904 131 125 125
246128.33959961 3357721.75048828 11.54420280 158 151 135
246127.17065430 3357720.70318604 12.09623718 51 56 60
246128.60278320 3357721.36529541 11.77562904 117 121 130
246134.51794434 3357721.58294678 11.88392353 138 128 119
246121.32995605 3357721.89349365 11.54316235 118 123 119
246125.31433105 3357721.30291748 11.69079399 56 56 56
246128.13195801 3357721.95629883 11.50195503 197 181 156
246128.81298828 3357721.15808105 12.08493805 187 188 190
246131.99401855 3357720.82897949 11.89503574 116 111 105
246127.21630859 3357720.93237305 12.02312660 10 14 15
246127.62963867 3357720.56701660 11.69813633 58 60 59
246134.24572754 3357721.92822266 11.60817146 143 125 113
246123.45104980 3357720.87634277 12.31230545 69 87 101
246131.06738281 3357721.80853271 11.60463428 125 118 110
246133.06091309 3357720.48168945 12.07502556 60 36 32
246126.56518555 3357721.31665039 11.86902523 23 24 26
246123.45190430 3357721.06555176 12.02403927 103 112 111
246131.67956543 3357721.02850342 11.77558899 70 66 65
246123.19030762 3357720.36065674 11.72505951 62 78 65
246122.53039551 3357720.78558350 11.68898010 82 83 78
246125.35083008 3357720.24249268 11.89831257 21 36 13
246134.06384277 3357720.95056152 11.59208965 158 141 123
246132.72460938 3357720.49517822 11.68012047 171 158 123
246132.00524902 3357720.59655762 11.76475525 62 65 58
246116.75146484 3357721.12036133 11.59404564 39 39 37
246126.36193848 3357720.84930420 11.64898205 79 83 84
246131.66760254 3357720.86236572 12.13900280 106 97 92
246133.01586914 3357720.82641602 12.17335320 121 110 114
246129.77111816 3357721.04620361 11.55917072 98 98 96
246123.74633789 3357720.64245605 11.56931686 68 75 68
246130.00024414 3357721.66345215 11.75390053 93 89 86
246133.62207031 3357721.00592041 11.92505360 115 108 102
246125.25219727 3357720.94445801 12.08819771 99 105 105
246126.39904785 3357720.76989746 11.65778446 65 69 72
246126.18505859 3357721.64739990 11.82198238 128 129 124
246132.54125977 3357720.84844971 11.94958687 38 39 34
246127.31921387 3357720.98425293 11.96081352 70 70 70
246124.23645020 3357721.90966797 11.54171371 136 133 128
246124.59765625 3357721.81799316 12.26927185 84 98 99
246130.00000000 3357721.57672119 12.00547123 69 67 68
246125.20178223 3357721.58062744 11.73556232 54 54 52
246122.36486816 3357720.95935059 11.90473175 99 101 100
246130.78405762 3357721.34155273 11.68047714 112 113 108
246126.47387695 3357721.35314941 11.83417892 71 73 72
246135.00732422 3357721.31616211 12.00272751 61 61 59
246129.95361328 3357721.46539307 12.10006046 171 175 178
246122.67700195 3357721.54541016 11.86395454 93 99 99
246124.64343262 3357721.23748779 11.81961250 101 102 106
246119.46752930 3357721.26068115 11.63338089 76 75 71
246132.83911133 3357721.70629883 11.66564941 164 143 126
246132.30480957 3357720.64202881 11.97507191 196 191 188
246126.76367188 3357721.30883789 11.96618557 46 47 52
246124.78234863 3357720.32598877 11.77082253 54 68 53
246133.04833984 3357721.60986328 11.73255634 97 83 74
246133.02673340 3357721.25518799 11.92481995 180 124 99
246128.64282227 3357721.80340576 11.67098045 39 37 38
246125.87341309 3357721.69610596 11.57406807 107 107 107
246132.51684570 3357721.29193115 11.81652451 97 92 88
246125.78784180 3357721.79443359 11.53866577 111 111 111
246133.90808105 3357720.81750488 11.68448257 155 134 117
246127.03198242 3357721.28601074 11.86081791 82 84 81
246125.25231934 3357720.95037842 12.15153027 122 130 132
246130.17004395 3357721.55358887 11.73262119 107 106 101
246130.22570801 3357721.41876221 12.03393173 90 89 87
246130.79003906 3357721.58538818 11.54852295 96 94 82
246122.02612305 3357721.45770264 11.90574360 97 97 99
246130.29333496 3357721.05474854 11.79630852 48 50 47
246128.96594238 3357721.73577881 11.71796799 103 92 86
246132.30041504 3357721.11956787 11.88057709 66 62 61
246133.52868652 3357721.49530029 11.85777473 131 121 119
246134.21704102 3357721.48089600 11.66806698 144 135 126
246121.26220703 3357722.03460693 11.54107666 161 163 160
246122.24536133 3357721.65209961 12.19388294 85 86 88
246123.19201660 3357721.68603516 11.80949783 96 101 104
246124.16271973 3357721.31628418 11.59754944 117 122 118
246125.04626465 3357721.82568359 11.78166199 47 46 42
246121.50585938 3357721.51837158 11.66407490 94 100 100
246130.97961426 3357721.02697754 11.65391350 111 115 114
246126.11242676 3357721.58520508 11.74063683 113 113 111
246125.36816406 3357720.74310303 11.85890579 147 152 146
246133.60998535 3357721.43298340 12.20327473 218 218 218
246128.03295898 3357720.25714111 11.75136662 58 68 59
246122.91210938 3357722.05865479 11.87582684 125 125 117
246125.21594238 3357720.64331055 11.93178749 181 200 198
246129.12084961 3357721.51251221 12.00570393 151 147 144
246129.95532227 3357721.63177490 11.99325085 91 87 86
246129.29296875 3357721.58007813 11.61314297 111 102 95
246126.00219727 3357721.18627930 11.57110405 90 94 95
246126.15551758 3357721.45764160 11.72112751 111 113 112
246135.16674805 3357721.78961182 11.78643227 56 56 56
246122.41284180 3357722.04400635 11.69234657 142 139 134
246123.50317383 3357720.83898926 11.92199421 63 72 69
246133.29309082 3357720.80957031 11.82423687 179 168 162
246121.71398926 3357721.23205566 11.89572239 76 78 77
246132.64843750 3357721.15734863 11.84704590 115 107 105
246125.04479980 3357720.39141846 11.81057549 120 129 126
246125.87866211 3357720.25958252 11.74037266 36 46 37
246124.84802246 3357721.26281738 12.12577629 79 89 98
246122.46508789 3357721.05200195 11.70847988 100 100 98
246130.85412598 3357721.63726807 11.57067013 66 63 54
246129.85009766 3357721.04296875 11.63493538 93 93 95
246116.39990234 3357721.28405762 11.58656120 114 113 108
246122.18908691 3357721.82867432 12.01750374 132 136 135
246122.77624512 3357720.62371826 11.60638618 92 97 91
246134.23095703 3357721.63244629 11.69202900 129 122 112
246131.44470215 3357721.07666016 12.01889324 93 92 88
246133.00329590 3357721.81976318 11.64474964 111 98 89
246125.07641602 3357721.42724609 12.13221550 79 83 84
246134.31909180 3357720.62109375 11.56911755 145 127 105
246132.14196777 3357721.43560791 11.87093449 233 236 243
246126.89416504 3357721.54229736 11.83311176 78 79 74
246129.65063477 3357721.73211670 11.74081516 144 140 139
246123.26940918 3357720.84503174 11.83225822 54 55 57
246135.10595703 3357721.86285400 11.77171135 62 59 54
246126.81311035 3357721.84698486 11.69940090 140 139 134
246124.83337402 3357722.06860352 12.28680801 163 172 169
246134.36279297 3357721.38934326 11.97196102 194 186 184
246129.63366699 3357720.84661865 11.53357697 93 92 90
246132.33032227 3357720.55535889 11.87050152 255 255 253
246125.17858887 3357721.16583252 12.14895630 50 55 59
246135.02770996 3357721.59008789 12.05774021 34 29 26
246127.28491211 3357720.77667236 12.21274567 64 73 72
246132.85009766 3357721.72375488 11.64193153 124 101 87
246131.87829590 3357720.89825439 11.86801624 108 99 92
246135.31005859 3357721.77490234 11.74020290 76 77 72
246130.12683105 3357721.63793945 11.67861938 104 103 99
